5 0.83046875 0.45859375 0.01328125 0.03046875
5 0.81171875 0.471875 0.01796875 0.02109375
5 0.7609375 0.42109375 0.02421875 0.040625
5 0.790625 0.190625 0.0171875 0.02890625
5 0.771875 0.1671875 0.021875 0.0421875
5 0.74453125 0.2109375 0.02109375 0.04453125
5 0.7296875 0.25859375 0.034375 0.04453125
5 0.57109375 0.178125 0.0203125 0.0328125
5 0.5328125 0.14296875 0.0171875 0.05546875
5 0.42734375 0.1359375 0.02890625 0.04453125
5 0.3375 0.26328125 0.01796875 0.028125
5 0.42734375 0.29609375 0.01640625 0.03125
5 0.39296875 0.253125 0.0171875 0.03984375
5 0.43671875 0.25078125 0.01796875 0.03203125
5 0.45 0.27734375 0.0234375 0.046875
5 0.4875 0.25625 0.01484375 0.04765625
5 0.48828125 0.23671875 0.0328125 0.05625
5 0.4765625 0.365625 0.03828125 0.07890625
5 0.56640625 0.3359375 0.0234375 0.03203125
5 0.32421875 0.365625 0.02265625 0.03984375
5 0.4078125 0.46328125 0.0234375 0.03203125
5 0.46640625 0.58359375 0.02734375 0.040625
5 0.6 0.67109375 0.0234375 0.040625
5 0.78203125 0.715625 0.0203125 0.02421875
5 0.7921875 0.73359375 0.01875 0.03671875
5 0.62265625 0.75078125 0.01875 0.03359375
5 0.59453125 0.7484375 0.03515625 0.0484375
5 0.4828125 0.8875 0.01953125 0.03984375
5 0.44921875 0.9453125 0.0171875 0.0390625
5 0.4578125 0.76796875 0.04296875 0.05078125
5 0.44765625 0.703125 0.0203125 0.05
5 0.41328125 0.61328125 0.0296875 0.07265625
5 0.3359375 0.7390625 0.01953125 0.028125
5 0.3140625 0.7734375 0.0296875 0.03359375
5 0.309375 0.7390625 0.021875 0.03203125
5 0.30859375 0.596875 0.0296875 0.053125
5 0.2828125 0.6234375 0.02265625 0.03359375
8 0.36875 0.13828125 0.0546875 0.06171875
8 0.43359375 0.2234375 0.06796875 0.065625
8 0.4984375 0.22109375 0.059375 0.07578125
8 0.45625 0.11640625 0.02421875 0.09921875
5 0.0546875 0.396875 0.04296875 0.08828125
5 0.2 0.58359375 0.021875 0.04375
5 0.27109375 0.6484375 0.0234375 0.05390625
5 0.20625 0.6375 0.02578125 0.034375
8 0.32421875 0.38046875 0.0640625 0.09609375
8 0.46484375 0.3875 0.05234375 0.1015625