5 0.9296875 0.35078125 0.01328125 0.03046875
5 0.9359375 0.43046875 0.02265625 0.02578125
5 0.89140625 0.38828125 0.0265625 0.04453125
5 0.9125 0.12734375 0.01796875 0.03046875
5 0.89375 0.12421875 0.021875 0.0421875
5 0.8578125 0.1859375 0.02421875 0.0515625
5 0.89296875 0.225 0.04609375 0.06015625
5 0.646875 0.15546875 0.04453125 0.0359375
5 0.5984375 0.15390625 0.03828125 0.0546875
5 0.553125 0.10078125 0.03046875 0.046875
5 0.44140625 0.24453125 0.0203125 0.0328125
5 0.5328125 0.26875 0.0171875 0.0328125
5 0.49453125 0.22734375 0.01796875 0.04140625
5 0.54453125 0.221875 0.021875 0.0390625
5 0.5515625 0.271875 0.0234375 0.0703125
5 0.57734375 0.259375 0.0359375 0.040625
5 0.58671875 0.2140625 0.03125 0.05390625
5 0.59375 0.33359375 0.0265625 0.06015625
5 0.66640625 0.27265625 0.02734375 0.03671875
5 0.43828125 0.32734375 0.02265625 0.03984375
5 0.525 0.38046875 0.02265625 0.03046875
5 0.5125 0.56015625 0.01953125 0.0265625
5 0.6625 0.640625 0.0265625 0.046875
5 0.90390625 0.671875 0.02578125 0.03125
5 0.91328125 0.690625 0.0234375 0.04453125
5 0.7390625 0.71640625 0.02109375 0.03828125
5 0.69375 0.734375 0.03359375 0.04609375
5 0.58046875 0.83828125 0.01953125 0.03984375
5 0.53671875 0.890625 0.01640625 0.0375
5 0.56484375 0.73828125 0.028125 0.05078125
5 0.54453125 0.64453125 0.0390625 0.06171875
5 0.51953125 0.53125 0.0359375 0.04921875
5 0.43359375 0.7109375 0.02265625 0.03203125
5 0.42421875 0.7546875 0.03671875 0.053125
5 0.4484375 0.69765625 0.02265625 0.03359375
5 0.425 0.55625 0.025 0.04453125
5 0.375 0.56171875 0.021875 0.03203125
8 0.4765625 0.09140625 0.0546875 0.06171875
8 0.54296875 0.19296875 0.06484375 0.07109375
8 0.596875 0.20078125 0.06171875 0.0796875
8 0.57734375 0.06953125 0.02578125 0.1046875
5 0.321875 0.54921875 0.03984375 0.0484375
5 0.4171875 0.61328125 0.03203125 0.07265625
5 0.33828125 0.59453125 0.02578125 0.034375
8 0.43671875 0.33984375 0.0640625 0.09609375
8 0.5765625 0.359375 0.0515625 0.096875
5 0.1609375 0.3921875 0.03671875 0.07890625