5 0.9546875 0.20078125 0.02109375 0.053125
5 0.9671875 0.2625 0.0203125 0.04296875
5 0.92265625 0.215625 0.028125 0.046875
5 0.884375 0.0359375 0.02421875 0.0515625
5 0.9234375 0.071875 0.03203125 0.06328125
5 0.65859375 0.03046875 0.0421875 0.03828125
5 0.62421875 0.025 0.034375 0.04921875
5 0.4609375 0.08984375 0.0203125 0.0328125
5 0.56171875 0.12265625 0.01640625 0.03125
5 0.5125 0.07578125 0.02109375 0.0484375
5 0.559375 0.08359375 0.02421875 0.04296875
5 0.57890625 0.13125 0.02578125 0.078125
5 0.58828125 0.13125 0.0296875 0.03359375
5 0.609375 0.07265625 0.0328125 0.05625
5 0.621875 0.19453125 0.03984375 0.05390625
5 0.69609375 0.11875 0.02734375 0.03828125
5 0.465625 0.18125 0.02265625 0.03984375
5 0.55 0.221875 0.0234375 0.03203125
5 0.54140625 0.42890625 0.0203125 0.028125
5 0.66171875 0.50625 0.0421875 0.05390625
5 0.93359375 0.52578125 0.0296875 0.0359375
5 0.94375 0.54453125 0.02421875 0.046875
5 0.76875 0.565625 0.0203125 0.03671875
5 0.709375 0.596875 0.03203125 0.04375
5 0.603125 0.68515625 0.0203125 0.04140625
5 0.55546875 0.73828125 0.0171875 0.0390625
5 0.59765625 0.5875 0.028125 0.05078125
5 0.56328125 0.48671875 0.0375 0.059375
5 0.53203125 0.3890625 0.0359375 0.04921875
5 0.4796875 0.57265625 0.0390625 0.04609375
5 0.45859375 0.609375 0.0453125 0.05703125
5 0.4828125 0.55625 0.034375 0.053125
5 0.4625 0.39921875 0.0234375 0.04296875
5 0.40625 0.40390625 0.0234375 0.03359375
8 0.56015625 0.0578125 0.06796875 0.075
8 0.6171875 0.0640625 0.059375 0.07578125
5 0.3640625 0.3953125 0.04140625 0.05078125
5 0.47109375 0.45 0.0296875 0.03828125
5 0.3765625 0.440625 0.028125 0.03828125
8 0.46484375 0.19609375 0.0640625 0.09609375
8 0.6015625 0.2203125 0.04921875 0.0921875
5 0.19375 0.2765625 0.0390625 0.0484375