5 0.91875 0.39140625 0.0140625 0.03125
5 0.9234375 0.45859375 0.02265625 0.02578125
5 0.87109375 0.415625 0.0265625 0.04453125
5 0.89765625 0.15625 0.0171875 0.02890625
5 0.87890625 0.15078125 0.021875 0.0421875
5 0.84296875 0.2125 0.0234375 0.04921875
5 0.87734375 0.25234375 0.04609375 0.06015625
5 0.640625 0.17578125 0.04921875 0.03984375
5 0.58984375 0.175 0.03828125 0.0546875
5 0.53515625 0.128125 0.03046875 0.046875
5 0.43125 0.271875 0.01953125 0.03125
5 0.5203125 0.2921875 0.0171875 0.0328125
5 0.4828125 0.246875 0.01796875 0.04140625
5 0.5359375 0.246875 0.02109375 0.03671875
5 0.53984375 0.28984375 0.0234375 0.0703125
5 0.57109375 0.28203125 0.034375 0.03828125
5 0.5765625 0.2375 0.0328125 0.05625
5 0.5796875 0.35859375 0.0265625 0.06015625
5 0.653125 0.30625 0.02578125 0.03515625
5 0.42578125 0.353125 0.02265625 0.03984375
5 0.51171875 0.4125 0.02109375 0.02890625
5 0.50859375 0.56796875 0.0296875 0.04453125
5 0.6578125 0.665625 0.0265625 0.046875
5 0.890625 0.70234375 0.0234375 0.028125
5 0.89921875 0.721875 0.0234375 0.04453125
5 0.72578125 0.7453125 0.02109375 0.03828125
5 0.6875 0.75390625 0.03359375 0.04609375
5 0.56875 0.86796875 0.01953125 0.03984375
5 0.52890625 0.91640625 0.015625 0.0359375
5 0.55390625 0.765625 0.028125 0.05078125
5 0.534375 0.6734375 0.0390625 0.06171875
5 0.50859375 0.5765625 0.02734375 0.065625
5 0.43671875 0.72421875 0.02265625 0.03203125
5 0.40703125 0.790625 0.0296875 0.03359375
5 0.41328125 0.73203125 0.02265625 0.03359375
5 0.41015625 0.58359375 0.0234375 0.04296875
5 0.359375 0.59921875 0.021875 0.03203125
8 0.46484375 0.1203125 0.0546875 0.06171875
8 0.5296875 0.21796875 0.06796875 0.075
8 0.5859375 0.22578125 0.06171875 0.0796875
8 0.5625 0.0984375 0.02578125 0.1046875
5 0.30859375 0.57421875 0.03984375 0.0484375
5 0.39921875 0.6421875 0.03046875 0.06875
5 0.32109375 0.61796875 0.0265625 0.0359375
8 0.42421875 0.36640625 0.0640625 0.09609375
8 0.5640625 0.384375 0.0515625 0.096875
5 0.14921875 0.4109375 0.03515625 0.075