5 0.50859375 0.36171875 0.01875 0.0484375
5 0.6234375 0.534375 0.0484375 0.0625
5 0.9609375 0.5484375 0.02421875 0.0296875
5 0.97578125 0.55703125 0.02421875 0.059375
5 0.809375 0.58671875 0.025 0.04453125
5 0.75625 0.63984375 0.040625 0.05546875
5 0.6046875 0.64921875 0.0265625 0.053125
5 0.54375 0.725 0.01953125 0.0453125
5 0.628125 0.60703125 0.02421875 0.0421875
5 0.525 0.425 0.025 0.05703125
5 0.5046875 0.5875 0.028125 0.03984375
5 0.50078125 0.55 0.0265625 0.04453125
5 0.4828125 0.39765625 0.0234375 0.04296875
5 0.47265625 0.30390625 0.03359375 0.0484375
5 0.44921875 0.39296875 0.01796875 0.03671875
5 0.5 0.359375 0.01640625 0.03828125
5 0.44921875 0.36796875 0.03046875 0.0515625
5 0.56640625 0.48828125 0.05 0.075
5 0.5015625 0.521875 0.0234375 0.0390625
5 0.25 0.278125 0.02734375 0.059375
5 0.56015625 0.29375 0.02109375 0.04296875
8 0.62890625 0.25625 0.059375 0.07421875
5 0.6125 0.25390625 0.0171875 0.02890625
5 0.9578125 0.22890625 0.02421875 0.0390625
8 0.47421875 0.23515625 0.07109375 0.08359375
5 0.47265625 0.2328125 0.02890625 0.0484375
5 0.61328125 0.30078125 0.01796875 0.059375
5 0.65234375 0.22890625 0.034375 0.05859375
5 0.97734375 0.184375 0.0203125 0.03359375
5 0.940625 0.1953125 0.0265625 0.034375
5 0.56171875 0.14453125 0.0203125 0.0390625
5 0.4734375 0.115625 0.01640625 0.040625
5 0.546875 0.109375 0.0203125 0.034375
8 0.5421875 0.0828125 0.065625 0.065625
8 0.6421875 0.0734375 0.04921875 0.09921875
5 0.6828125 0.0984375 0.0296875 0.046875
5 0.76328125 0.0921875 0.02578125 0.06328125
5 0.94140625 0.08125 0.02890625 0.05390625
5 0.62109375 0.24140625 0.025 0.0421875
5 0.5140625 0.0609375 0.02109375 0.02890625
5 0.9046875 0.05390625 0.0328125 0.05390625
5 0.625 0.05 0.02109375 0.028125
5 0.63984375 0.0796875 0.02265625 0.0390625
5 0.51640625 0.0453125 0.01484375 0.0375