5 0.87734375 0.37109375 0.0359375 0.0453125
5 0.91171875 0.309375 0.0234375 0.04921875
5 0.92890625 0.2640625 0.0203125 0.04140625
5 0.93046875 0.22578125 0.01953125 0.040625
5 0.84609375 0.1640625 0.034375 0.06484375
5 0.803125 0.215625 0.021875 0.0390625
5 0.7953125 0.15546875 0.021875 0.0390625
5 0.778125 0.165625 0.0171875 0.03203125
5 0.76328125 0.12890625 0.021875 0.03828125
5 0.76640625 0.05234375 0.01953125 0.02890625
5 0.77734375 0.07109375 0.02734375 0.03671875
5 0.8296875 0.03671875 0.0234375 0.0328125
5 0.6609375 0.03828125 0.025 0.04453125
8 0.9734375 0.14765625 0.05234375 0.05703125
5 0.9734375 0.14375 0.02109375 0.04140625
5 0.99609375 0.15 0.00703125 0.034375
8 0.98671875 0.0640625 0.025 0.0484375