5 0.95390625 0.2171875 0.01953125 0.05078125
5 0.959375 0.29140625 0.02109375 0.02421875
5 0.9203125 0.234375 0.028125 0.046875
5 0.940625 0.009375 0.0203125 0.01796875
5 0.91796875 0.01640625 0.02265625 0.03203125
5 0.8828125 0.05625 0.02421875 0.0515625
5 0.92109375 0.09140625 0.03203125 0.06328125
5 0.66015625 0.046875 0.046875 0.03828125
5 0.6234375 0.040625 0.03671875 0.0515625
5 0.459375 0.10859375 0.0203125 0.0328125
5 0.55859375 0.140625 0.01640625 0.03125
5 0.5109375 0.09296875 0.02109375 0.0484375
5 0.55859375 0.1 0.0234375 0.04140625
5 0.5765625 0.1484375 0.02578125 0.078125
5 0.58671875 0.1484375 0.03125 0.034375
5 0.60390625 0.090625 0.0328125 0.05625
5 0.61953125 0.21171875 0.03984375 0.05390625
5 0.69453125 0.13671875 0.02734375 0.03828125
5 0.46328125 0.1984375 0.02265625 0.03984375
5 0.54765625 0.2390625 0.02265625 0.03046875
5 0.5390625 0.44375 0.0203125 0.028125
5 0.65703125 0.5234375 0.0296875 0.0515625
5 0.93125 0.54375 0.028125 0.034375
5 0.94140625 0.56328125 0.02421875 0.046875
5 0.76640625 0.584375 0.0203125 0.03671875
5 0.7078125 0.6109375 0.03046875 0.04140625
5 0.6015625 0.70078125 0.0203125 0.04140625
5 0.55390625 0.7609375 0.0171875 0.0390625
5 0.59296875 0.60390625 0.028125 0.05078125
5 0.56171875 0.50546875 0.0390625 0.06171875
5 0.53125 0.4078125 0.0359375 0.04921875
5 0.475 0.5890625 0.040625 0.0484375
5 0.45546875 0.62734375 0.0453125 0.05703125
5 0.478125 0.571875 0.034375 0.053125
5 0.45859375 0.41953125 0.025 0.04453125
5 0.403125 0.421875 0.0234375 0.03359375
8 0.559375 0.07421875 0.06796875 0.075
8 0.61484375 0.08203125 0.06171875 0.0796875
8 0.59453125 0.01953125 0.0234375 0.0390625
5 0.36171875 0.41328125 0.04375 0.053125
5 0.4671875 0.46796875 0.0296875 0.03828125
5 0.37265625 0.45546875 0.0265625 0.0359375
8 0.46328125 0.2125 0.0640625 0.09609375
8 0.59921875 0.23828125 0.04921875 0.0921875
5 0.1875 0.29453125 0.040625 0.05078125