5 0.81796875 0.4625 0.0140625 0.03125
5 0.8015625 0.47109375 0.01796875 0.02109375
5 0.75 0.421875 0.0265625 0.04453125
5 0.7828125 0.19296875 0.0171875 0.02890625
5 0.7625 0.171875 0.021875 0.0421875
5 0.73515625 0.209375 0.02109375 0.04453125
5 0.715625 0.25703125 0.034375 0.04453125
5 0.56640625 0.18125 0.0203125 0.0328125
5 0.5296875 0.13203125 0.01796875 0.05859375
5 0.41796875 0.13046875 0.02890625 0.04453125
5 0.3296875 0.25625 0.01796875 0.028125
5 0.41875 0.29375 0.0171875 0.0328125
5 0.3875 0.253125 0.0171875 0.03984375
5 0.428125 0.2484375 0.01796875 0.03203125
5 0.4390625 0.275 0.02421875 0.04921875
5 0.48046875 0.253125 0.01484375 0.04765625
5 0.4796875 0.23359375 0.0328125 0.05625
5 0.46875 0.3609375 0.03671875 0.07578125
5 0.559375 0.3390625 0.0234375 0.03203125
5 0.315625 0.3640625 0.02265625 0.03984375
5 0.4 0.46796875 0.0234375 0.03203125
5 0.45859375 0.5765625 0.02578125 0.0390625
5 0.596875 0.67109375 0.0234375 0.040625
5 0.77109375 0.71328125 0.0203125 0.02421875
5 0.7828125 0.72734375 0.01875 0.03671875
5 0.6125 0.75078125 0.01875 0.03359375
5 0.5859375 0.74375 0.03515625 0.0484375
5 0.475 0.8875 0.01953125 0.03984375
5 0.4453125 0.94609375 0.01796875 0.04140625
5 0.446875 0.76640625 0.04296875 0.05078125
5 0.4390625 0.69765625 0.0203125 0.05
5 0.40546875 0.61484375 0.0296875 0.07265625
5 0.328125 0.73671875 0.01953125 0.028125
5 0.3046875 0.7734375 0.03125 0.0359375
5 0.30078125 0.7390625 0.021875 0.03203125
5 0.2984375 0.59609375 0.0296875 0.053125
5 0.28125 0.62109375 0.02265625 0.03359375
8 0.36015625 0.13671875 0.0546875 0.06171875
8 0.425 0.22109375 0.06796875 0.065625
8 0.48984375 0.21875 0.059375 0.07578125
8 0.446875 0.11796875 0.02421875 0.09921875
5 0.0484375 0.38984375 0.04296875 0.08828125
5 0.18828125 0.58046875 0.02109375 0.04140625
5 0.2546875 0.64375 0.0234375 0.05390625
5 0.19453125 0.63671875 0.02421875 0.0328125
8 0.31640625 0.378125 0.0640625 0.09609375
8 0.45703125 0.38359375 0.05390625 0.09765625