5 0.8453125 0.4515625 0.01328125 0.03046875
5 0.82890625 0.4734375 0.01796875 0.02109375
5 0.7796875 0.42890625 0.02421875 0.040625
5 0.80546875 0.18671875 0.0171875 0.02890625
5 0.78984375 0.16640625 0.021875 0.0421875
5 0.76015625 0.21171875 0.02109375 0.04453125
5 0.7546875 0.26015625 0.0359375 0.046875
5 0.5796875 0.1796875 0.0203125 0.0328125
5 0.52890625 0.15546875 0.0171875 0.05546875
5 0.44375 0.140625 0.02890625 0.04453125
5 0.35078125 0.27109375 0.0171875 0.0265625
5 0.44296875 0.30078125 0.0171875 0.0328125
5 0.40625 0.25546875 0.01953125 0.04375
5 0.4515625 0.25546875 0.01875 0.03359375
5 0.465625 0.27890625 0.0234375 0.046875
5 0.50234375 0.2609375 0.0140625 0.0453125
5 0.50234375 0.240625 0.0328125 0.05625
5 0.4953125 0.36484375 0.03984375 0.08359375
5 0.58203125 0.334375 0.0234375 0.03203125
5 0.340625 0.36796875 0.02265625 0.03984375
5 0.4265625 0.45703125 0.02265625 0.03046875
5 0.4796875 0.58125 0.02578125 0.0390625
5 0.60703125 0.67265625 0.0234375 0.040625
5 0.80078125 0.71953125 0.0203125 0.02421875
5 0.8109375 0.73828125 0.01875 0.03671875
5 0.6390625 0.75390625 0.01875 0.03359375
5 0.61015625 0.75390625 0.03671875 0.05078125
5 0.49609375 0.88515625 0.01875 0.03828125
5 0.46015625 0.94921875 0.01640625 0.0375
5 0.47421875 0.771875 0.04296875 0.05078125
5 0.46328125 0.709375 0.0203125 0.05
5 0.42890625 0.61484375 0.02890625 0.06953125
5 0.35078125 0.73984375 0.021875 0.03046875
5 0.32734375 0.7796875 0.028125 0.03203125
5 0.3265625 0.73984375 0.021875 0.03203125
5 0.32578125 0.5953125 0.0296875 0.053125
5 0.29140625 0.62578125 0.02265625 0.03359375
8 0.38359375 0.1390625 0.0546875 0.06171875
8 0.446875 0.228125 0.06796875 0.065625
8 0.5125 0.2234375 0.06171875 0.0796875
8 0.4734375 0.11796875 0.02421875 0.09921875
5 0.065625 0.4109375 0.04296875 0.08828125
5 0.20625 0.58671875 0.034375 0.04140625
5 0.29140625 0.6515625 0.0234375 0.05390625
5 0.22421875 0.63671875 0.02421875 0.0328125
8 0.33984375 0.38125 0.0640625 0.09609375
8 0.48671875 0.384375 0.0515625 0.096875