5 0.50859375 0.36953125 0.01875 0.0484375
5 0.62109375 0.55234375 0.034375 0.053125
5 0.9609375 0.559375 0.02578125 0.03125
5 0.97578125 0.5671875 0.02421875 0.059375
5 0.81015625 0.59921875 0.02578125 0.046875
5 0.75546875 0.653125 0.040625 0.05546875
5 0.60234375 0.65625 0.0265625 0.053125
5 0.5421875 0.73515625 0.01953125 0.0453125
5 0.62734375 0.61875 0.02421875 0.0421875
5 0.52421875 0.434375 0.0265625 0.059375
5 0.503125 0.5953125 0.028125 0.03984375
5 0.5 0.5578125 0.0265625 0.04453125
5 0.48046875 0.40390625 0.0234375 0.04296875
5 0.4734375 0.31171875 0.03359375 0.0484375
5 0.45078125 0.4015625 0.01796875 0.03671875
5 0.5 0.36796875 0.01640625 0.03828125
5 0.45 0.375 0.03046875 0.0515625
5 0.56484375 0.49921875 0.05 0.075
5 0.5 0.53125 0.0234375 0.0390625
5 0.2515625 0.28828125 0.02734375 0.059375
5 0.559375 0.309375 0.02109375 0.04296875
8 0.628125 0.26875 0.059375 0.07421875
5 0.6140625 0.2671875 0.01640625 0.02734375
5 0.95546875 0.23984375 0.02421875 0.0390625
8 0.47265625 0.24765625 0.07109375 0.08359375
5 0.47109375 0.246875 0.02734375 0.04609375
5 0.61328125 0.31171875 0.01796875 0.059375
5 0.65234375 0.23828125 0.034375 0.05859375
5 0.975 0.19296875 0.0203125 0.03359375
5 0.93984375 0.20703125 0.0265625 0.034375
5 0.5609375 0.15546875 0.0203125 0.0390625
5 0.4703125 0.12890625 0.01640625 0.040625
5 0.5453125 0.12109375 0.0203125 0.034375
8 0.53984375 0.09453125 0.065625 0.065625
8 0.64140625 0.084375 0.04921875 0.09921875
5 0.68203125 0.10859375 0.03125 0.04921875
5 0.7640625 0.10234375 0.02578125 0.06328125
5 0.940625 0.09375 0.02890625 0.05390625
5 0.62578125 0.26171875 0.0203125 0.04375
5 0.5125 0.0734375 0.02109375 0.02890625
5 0.90390625 0.06640625 0.0328125 0.05390625
5 0.62421875 0.0609375 0.02109375 0.028125
5 0.63828125 0.09140625 0.021875 0.03671875
5 0.515625 0.05703125 0.01484375 0.0375
8 0.63125 0.01640625 0.025 0.0328125
5 0.9421875 0.0109375 0.0265625 0.021875
5 0.96796875 0.0171875 0.0234375 0.034375