5 0.90078125 0.41953125 0.0140625 0.03125
5 0.89609375 0.47421875 0.02109375 0.02421875
5 0.84765625 0.43515625 0.02578125 0.04296875
5 0.87421875 0.171875 0.0171875 0.02890625
5 0.85546875 0.16796875 0.021875 0.0421875
5 0.82109375 0.22421875 0.021875 0.046875
5 0.84609375 0.26875 0.04375 0.05703125
5 0.6296875 0.18984375 0.046875 0.03828125
5 0.578125 0.18046875 0.03828125 0.0890625
5 0.509375 0.146875 0.03046875 0.046875
5 0.4125 0.28359375 0.01875 0.0296875
5 0.503125 0.30390625 0.0171875 0.0328125
5 0.4625 0.259375 0.01953125 0.04375
5 0.515625 0.25703125 0.021875 0.0390625
5 0.5109375 0.28984375 0.0234375 0.046875
5 0.55625 0.2890625 0.0328125 0.03671875
5 0.55859375 0.2515625 0.0328125 0.05625
5 0.5578125 0.3703125 0.028125 0.06328125
5 0.634375 0.32890625 0.02578125 0.03515625
5 0.403125 0.36875 0.02265625 0.03984375
5 0.48671875 0.4359375 0.02265625 0.03046875
5 0.50234375 0.58203125 0.02578125 0.0390625
5 0.646875 0.6828125 0.02578125 0.04453125
5 0.86796875 0.71875 0.021875 0.0265625
5 0.8765625 0.74140625 0.0234375 0.04453125
5 0.70625 0.75703125 0.02109375 0.03828125
5 0.66640625 0.7671875 0.03671875 0.05078125
5 0.55078125 0.88671875 0.01953125 0.03984375
5 0.5125 0.9375 0.0171875 0.0390625
5 0.53359375 0.77890625 0.028125 0.05078125
5 0.51171875 0.69140625 0.02109375 0.05234375
5 0.48359375 0.60390625 0.02578125 0.06328125
5 0.41640625 0.74375 0.021875 0.03046875
5 0.3828125 0.80703125 0.0296875 0.03359375
5 0.38828125 0.74140625 0.0234375 0.0359375
5 0.38671875 0.603125 0.0234375 0.04296875
5 0.33828125 0.625 0.0203125 0.03125
8 0.44375 0.1375 0.0546875 0.06171875
8 0.50859375 0.23125 0.06796875 0.075
8 0.56640625 0.240625 0.06171875 0.0796875
8 0.5390625 0.11640625 0.02578125 0.1046875
5 0.278125 0.5953125 0.0375 0.04609375
5 0.37265625 0.65546875 0.02890625 0.065625
5 0.2921875 0.6359375 0.0265625 0.0359375
8 0.4015625 0.38515625 0.0640625 0.09609375
8 0.54296875 0.39765625 0.0515625 0.096875
5 0.125 0.4265625 0.0421875 0.08359375