5 0.98984375 0.15546875 0.01875 0.03046875
5 0.990625 0.065625 0.015625 0.02578125
5 0.98046875 0.15234375 0.01953125 0.03203125
5 0.965625 0.1515625 0.01640625 0.03515625
5 0.9203125 0.22578125 0.01796875 0.0359375
5 0.8171875 0.0359375 0.0203125 0.034375
5 0.79140625 0.21640625 0.021875 0.04296875
5 0.75546875 0.04921875 0.01796875 0.034375
5 0.83125 0.15546875 0.025 0.06015625
5 0.771875 0.1671875 0.0171875 0.03203125
5 0.90234375 0.31328125 0.02734375 0.0484375
5 0.7671875 0.06640625 0.01796875 0.0359375
5 0.9171875 0.26796875 0.021875 0.04296875
5 0.64921875 0.03671875 0.02578125 0.05625
5 0.7515625 0.12890625 0.02109375 0.04609375
5 0.8640625 0.375 0.0375 0.0484375
8 0.98203125 0.06640625 0.0359375 0.0484375
5 0.7875 0.15546875 0.02421875 0.04921875
8 0.9671875 0.15078125 0.06484375 0.05859375