5 0.91640625 0.39921875 0.0140625 0.03125
5 0.9203125 0.4640625 0.02265625 0.02578125
5 0.865625 0.42109375 0.02578125 0.04296875
5 0.89375 0.1609375 0.0171875 0.02890625
5 0.87421875 0.15546875 0.021875 0.0421875
5 0.83828125 0.215625 0.0234375 0.04921875
5 0.87265625 0.25703125 0.04609375 0.06015625
5 0.63828125 0.1796875 0.04921875 0.03984375
5 0.5953125 0.175 0.03828125 0.0890625
5 0.52890625 0.13359375 0.03046875 0.046875
5 0.42734375 0.2765625 0.01953125 0.03125
5 0.51796875 0.29453125 0.0171875 0.0328125
5 0.47890625 0.25078125 0.01953125 0.04375
5 0.53203125 0.2484375 0.02109375 0.03671875
5 0.52734375 0.278125 0.0234375 0.046875
5 0.5703125 0.28046875 0.034375 0.03828125
5 0.5734375 0.24296875 0.0328125 0.05625
5 0.57578125 0.36328125 0.028125 0.06328125
5 0.64921875 0.31171875 0.02734375 0.03671875
5 0.42109375 0.35859375 0.02265625 0.03984375
5 0.50703125 0.41953125 0.02265625 0.03046875
5 0.50859375 0.57109375 0.02890625 0.04296875
5 0.65546875 0.67265625 0.02578125 0.04453125
5 0.8859375 0.7078125 0.0234375 0.028125
5 0.8953125 0.728125 0.0234375 0.04453125
5 0.72265625 0.74921875 0.02109375 0.03828125
5 0.68203125 0.7578125 0.03515625 0.0484375
5 0.565625 0.87421875 0.01953125 0.03984375
5 0.52578125 0.92265625 0.015625 0.0359375
5 0.55078125 0.7703125 0.028125 0.05078125
5 0.53046875 0.678125 0.0390625 0.06171875
5 0.50234375 0.58359375 0.02578125 0.06328125
5 0.43203125 0.73125 0.021875 0.03046875
5 0.40234375 0.79609375 0.0296875 0.03359375
5 0.4078125 0.73671875 0.02265625 0.03359375
5 0.40546875 0.590625 0.0234375 0.04296875
5 0.35546875 0.60703125 0.021875 0.03203125
8 0.46015625 0.12578125 0.0546875 0.06171875
8 0.5265625 0.221875 0.06796875 0.075
8 0.5828125 0.2296875 0.06171875 0.0796875
8 0.55859375 0.10390625 0.02578125 0.1046875
5 0.3046875 0.58046875 0.03984375 0.0484375
5 0.39453125 0.64375 0.03046875 0.06875
5 0.3171875 0.621875 0.0265625 0.0359375
8 0.42109375 0.37265625 0.0640625 0.09609375
8 0.56015625 0.38828125 0.0515625 0.096875
5 0.14453125 0.41484375 0.03515625 0.075