5 0.80859375 0.45859375 0.01328125 0.03046875
5 0.79375 0.46875 0.01796875 0.02109375
5 0.73828125 0.42109375 0.02578125 0.04296875
5 0.77265625 0.19765625 0.0171875 0.02890625
5 0.75078125 0.1734375 0.021875 0.0421875
5 0.7265625 0.2078125 0.02109375 0.04453125
5 0.7015625 0.24921875 0.034375 0.04453125
5 0.565625 0.18671875 0.0203125 0.0328125
5 0.5265625 0.13671875 0.01875 0.0609375
5 0.4109375 0.12578125 0.02890625 0.04453125
5 0.32109375 0.24921875 0.01953125 0.03125
5 0.41171875 0.2890625 0.0171875 0.0328125
5 0.3828125 0.24921875 0.01640625 0.03828125
5 0.4203125 0.2421875 0.01796875 0.03203125
5 0.43203125 0.2734375 0.02578125 0.0515625
5 0.47265625 0.25078125 0.01484375 0.04765625
5 0.4703125 0.22890625 0.0328125 0.05625
5 0.46171875 0.35625 0.03671875 0.07578125
5 0.55234375 0.340625 0.0234375 0.03203125
5 0.30703125 0.36171875 0.02265625 0.03984375
5 0.39375 0.47421875 0.02421875 0.03359375
5 0.45078125 0.5796875 0.02578125 0.0390625
5 0.59453125 0.66640625 0.0234375 0.040625
5 0.7609375 0.70859375 0.0203125 0.02421875
5 0.7734375 0.7234375 0.01875 0.03671875
5 0.60390625 0.7484375 0.01875 0.03359375
5 0.57265625 0.740625 0.03515625 0.0484375
5 0.46796875 0.884375 0.01953125 0.03984375
5 0.43984375 0.94609375 0.01875 0.04296875
5 0.43828125 0.76171875 0.04296875 0.05078125
5 0.43359375 0.6921875 0.01875 0.04765625
5 0.396875 0.61953125 0.0296875 0.07265625
5 0.31875 0.734375 0.01953125 0.028125
5 0.296875 0.77109375 0.03125 0.0359375
5 0.2921875 0.73671875 0.021875 0.03203125
5 0.2875 0.5921875 0.0296875 0.053125
5 0.2765625 0.62421875 0.02265625 0.03359375
8 0.34765625 0.13671875 0.0546875 0.06171875
8 0.41796875 0.2171875 0.06484375 0.06171875
8 0.48203125 0.21328125 0.059375 0.07578125
8 0.4375 0.11640625 0.02421875 0.09921875
5 0.0421875 0.38125 0.04296875 0.08828125
5 0.17421875 0.5765625 0.01875 0.0375
5 0.23984375 0.63671875 0.0234375 0.05390625
5 0.1828125 0.64375 0.0234375 0.03125
8 0.30234375 0.37421875 0.0640625 0.09609375
8 0.45 0.38203125 0.0515625 0.103125