5 0.91640625 0.35859375 0.0359375 0.0453125
5 0.953125 0.29921875 0.0234375 0.04921875
5 0.96953125 0.25859375 0.02109375 0.04375
5 0.97109375 0.23046875 0.02109375 0.04453125
5 0.89140625 0.175 0.034375 0.06484375
5 0.8484375 0.2140625 0.0234375 0.04296875
5 0.83515625 0.14765625 0.0234375 0.04140625
5 0.82109375 0.165625 0.01875 0.03515625
5 0.8078125 0.12734375 0.021875 0.03828125
5 0.82890625 0.071875 0.02734375 0.03671875
5 0.87734375 0.04609375 0.0234375 0.0328125
5 0.703125 0.0375 0.0265625 0.046875
5 0.8203125 0.05078125 0.02734375 0.02890625
8 0.99140625 0.14296875 0.015625 0.04140625