5 0.8015625 0.45078125 0.01328125 0.03046875
5 0.78828125 0.46015625 0.0171875 0.0203125
5 0.72734375 0.4015625 0.02421875 0.040625
5 0.76484375 0.20859375 0.0171875 0.02890625
5 0.74609375 0.18671875 0.01953125 0.03125
5 0.72109375 0.203125 0.02109375 0.04453125
5 0.67109375 0.2484375 0.0359375 0.046875
5 0.5796875 0.21171875 0.0203125 0.0328125
5 0.53828125 0.15078125 0.0296875 0.053125
5 0.40625 0.12421875 0.02890625 0.05703125
5 0.32578125 0.2296875 0.0203125 0.0328125
5 0.40859375 0.2921875 0.0171875 0.0328125
5 0.38359375 0.23359375 0.0171875 0.03984375
5 0.4171875 0.228125 0.01875 0.03359375
5 0.43125 0.2640625 0.02578125 0.0515625
5 0.4609375 0.24921875 0.0296875 0.065625
5 0.46875 0.21171875 0.0390625 0.05625
5 0.4609375 0.3390625 0.03671875 0.07578125
5 0.54765625 0.33671875 0.0234375 0.03203125
5 0.3015625 0.353125 0.02265625 0.03984375
5 0.390625 0.4984375 0.02578125 0.03515625
5 0.45546875 0.5703125 0.025 0.03671875
5 0.6109375 0.653125 0.0203125 0.034375
5 0.753125 0.6890625 0.01875 0.0234375
5 0.76953125 0.7078125 0.01875 0.03671875
5 0.596875 0.74140625 0.01875 0.03359375
5 0.5765625 0.72265625 0.0265625 0.0484375
5 0.4703125 0.8703125 0.01953125 0.03984375
5 0.4546875 0.9359375 0.01953125 0.0453125
5 0.43984375 0.75078125 0.0421875 0.04375
5 0.4375 0.67578125 0.0203125 0.05
5 0.40234375 0.6390625 0.02734375 0.0765625
5 0.3140625 0.72578125 0.0203125 0.02890625
5 0.29296875 0.76328125 0.03125 0.0359375
5 0.28671875 0.728125 0.02265625 0.03359375
5 0.28828125 0.57890625 0.03828125 0.06171875
5 0.28984375 0.609375 0.0234375 0.0359375
8 0.35234375 0.13515625 0.0546875 0.06171875
8 0.41640625 0.203125 0.06484375 0.06171875
8 0.48203125 0.19765625 0.06171875 0.071875
8 0.43046875 0.1109375 0.02421875 0.09921875
5 0.05078125 0.3453125 0.0421875 0.0765625
5 0.15078125 0.5609375 0.01875 0.0375
5 0.2109375 0.61796875 0.01875 0.04296875
5 0.171875 0.65859375 0.02421875 0.0328125
8 0.2984375 0.36640625 0.065625 0.08515625
8 0.4484375 0.36796875 0.0484375 0.11015625