5 0.9390625 0.3109375 0.01328125 0.03046875
5 0.94765625 0.3875 0.02265625 0.02578125
5 0.90390625 0.35 0.0265625 0.04453125
5 0.92265625 0.090625 0.01875 0.03203125
5 0.9046875 0.0890625 0.02265625 0.04453125
5 0.86796875 0.1546875 0.02578125 0.05390625
5 0.90625 0.1875 0.04609375 0.06015625
5 0.64453125 0.1234375 0.04921875 0.03984375
5 0.609375 0.1234375 0.03828125 0.0546875
5 0.565625 0.065625 0.02890625 0.04453125
5 0.44921875 0.2046875 0.01953125 0.03125
5 0.5421875 0.234375 0.0171875 0.0328125
5 0.503125 0.19296875 0.0203125 0.04609375
5 0.5484375 0.18828125 0.021875 0.0390625
5 0.559375 0.23125 0.02421875 0.07421875
5 0.575 0.22890625 0.034375 0.03828125
5 0.5953125 0.18046875 0.03125 0.05390625
5 0.60234375 0.3015625 0.0265625 0.06015625
5 0.67734375 0.2359375 0.02734375 0.03671875
5 0.44765625 0.290625 0.02265625 0.03984375
5 0.53125 0.34296875 0.02265625 0.03046875
5 0.521875 0.53046875 0.0203125 0.028125
5 0.66328125 0.60625 0.0265625 0.046875
5 0.9140625 0.63671875 0.0265625 0.03203125
5 0.92421875 0.6546875 0.02421875 0.046875
5 0.75 0.68046875 0.0203125 0.03671875
5 0.696875 0.703125 0.03359375 0.04609375
5 0.5875 0.803125 0.01953125 0.03984375
5 0.54453125 0.859375 0.01640625 0.0375
5 0.57421875 0.70078125 0.0296875 0.053125
5 0.5515625 0.60546875 0.0390625 0.06171875
5 0.528125 0.5015625 0.0359375 0.04921875
5 0.446875 0.67890625 0.0328125 0.0484375
5 0.4328125 0.7234375 0.04453125 0.0671875
5 0.46171875 0.6609375 0.0296875 0.05
5 0.43828125 0.51875 0.0234375 0.04296875
5 0.3890625 0.5296875 0.0203125 0.03125
8 0.48671875 0.05625 0.0546875 0.06171875
8 0.54921875 0.16015625 0.06484375 0.07109375
8 0.60625 0.1671875 0.06171875 0.0796875
8 0.584375 0.04296875 0.02578125 0.0859375
5 0.33984375 0.50859375 0.03984375 0.0484375
5 0.4359375 0.565625 0.03046875 0.04375
5 0.35078125 0.55703125 0.0265625 0.0359375
8 0.4484375 0.30390625 0.0640625 0.09609375
8 0.58515625 0.328125 0.04921875 0.0921875
5 0.1703125 0.37109375 0.03671875 0.04609375