5 0.5484375 0.09140625 0.02890625 0.03984375
5 0.6609375 0.18515625 0.04453125 0.05625
5 0.97421875 0.18515625 0.028125 0.034375
5 0.98046875 0.19453125 0.0203125 0.04921875
5 0.80078125 0.22265625 0.0234375 0.04296875
5 0.746875 0.27734375 0.03203125 0.04375
5 0.62265625 0.31953125 0.025 0.05078125
5 0.56484375 0.36953125 0.021875 0.05
5 0.63359375 0.25625 0.025 0.04375
5 0.5265625 0.04140625 0.03984375 0.05390625
5 0.51484375 0.24140625 0.03359375 0.04609375
5 0.50703125 0.19140625 0.0359375 0.05546875
5 0.5046875 0.04453125 0.02578125 0.046875
5 0.47109375 0.0125 0.0296875 0.025
5 0.42578125 0.03828125 0.04375 0.053125
5 0.5015625 0.09765625 0.03125 0.040625
5 0.43203125 0.07734375 0.034375 0.04609375
5 0.58125 0.140625 0.040625 0.06171875
5 0.4953125 0.26640625 0.0390625 0.05625