5 0.96328125 0.0875 0.02421875 0.0609375
5 0.9765625 0.146875 0.0234375 0.04921875
5 0.940625 0.10078125 0.02578125 0.04296875
5 0.57421875 0.01796875 0.01953125 0.0359375
5 0.58984375 0.04140625 0.01796875 0.06328125
5 0.59921875 0.0421875 0.02109375 0.0453125
5 0.6328125 0.08828125 0.034375 0.05
5 0.475 0.075 0.02265625 0.03984375
5 0.55625 0.1125 0.02265625 0.03046875
5 0.54921875 0.32734375 0.0234375 0.03203125
5 0.659375 0.403125 0.046875 0.059375
5 0.94609375 0.4140625 0.0296875 0.0359375
5 0.95703125 0.42890625 0.02421875 0.046875
5 0.78125 0.45390625 0.02109375 0.03828125
5 0.72421875 0.4890625 0.03203125 0.04375
5 0.6140625 0.56640625 0.02265625 0.04609375
5 0.559375 0.615625 0.01875 0.04296875
5 0.6109375 0.484375 0.02265625 0.03984375
5 0.53046875 0.284375 0.0359375 0.04921875
5 0.50078125 0.46875 0.03046875 0.04140625
5 0.490625 0.428125 0.03125 0.04765625
5 0.478125 0.2859375 0.02890625 0.05234375
5 0.42578125 0.28671875 0.02265625 0.03203125
5 0.38203125 0.2859375 0.04375 0.053125
5 0.49375 0.34296875 0.0328125 0.0421875
5 0.39375 0.32265625 0.03125 0.0421875
8 0.475 0.09140625 0.0640625 0.09609375
8 0.6140625 0.103125 0.05859375 0.0765625
5 0.21171875 0.1734375 0.03515625 0.04375
5 0.4734375 0.50390625 0.0484375 0.08203125
5 0.5703125 0.375 0.04296875 0.07265625