5 0.96796875 0.03359375 0.0265625 0.0671875
5 0.98359375 0.09140625 0.02109375 0.04453125
5 0.94765625 0.02890625 0.0265625 0.0453125
5 0.6359375 0.0359375 0.034375 0.05
5 0.4796875 0.01953125 0.02265625 0.0390625
5 0.56171875 0.05625 0.02265625 0.03046875
5 0.55 0.2734375 0.0234375 0.03203125
5 0.66015625 0.34921875 0.046875 0.059375
5 0.95625 0.3625 0.0296875 0.0359375
5 0.9625 0.37265625 0.02421875 0.046875
5 0.78671875 0.39609375 0.02109375 0.03828125
5 0.728125 0.43359375 0.03359375 0.04609375
5 0.61796875 0.50859375 0.025 0.05078125
5 0.5609375 0.5546875 0.01953125 0.0453125
5 0.6171875 0.43046875 0.02265625 0.03984375
5 0.5328125 0.22890625 0.03984375 0.05390625
5 0.5046875 0.41328125 0.03203125 0.04375
5 0.4953125 0.37265625 0.0328125 0.05
5 0.4875 0.2265625 0.02890625 0.05234375
5 0.43828125 0.20859375 0.025 0.03515625
5 0.39375 0.2265625 0.04140625 0.05078125
5 0.496875 0.284375 0.0328125 0.0421875
5 0.40234375 0.26328125 0.03125 0.0421875
8 0.478125 0.04140625 0.0640625 0.0828125
8 0.6171875 0.05390625 0.05859375 0.0765625
5 0.21875 0.11953125 0.03515625 0.04375
5 0.4796875 0.44609375 0.0484375 0.08203125
5 0.57265625 0.31796875 0.04296875 0.07265625