5 0.80078125 0.4515625 0.01328125 0.03046875
5 0.78671875 0.4609375 0.0171875 0.0203125
5 0.72734375 0.4 0.02421875 0.040625
5 0.76328125 0.20703125 0.0171875 0.02890625
5 0.74453125 0.18671875 0.01953125 0.03125
5 0.7203125 0.20390625 0.02109375 0.04453125
5 0.6671875 0.24609375 0.0359375 0.046875
5 0.58125 0.21328125 0.0203125 0.0328125
5 0.5375 0.15 0.0296875 0.053125
5 0.40625 0.1234375 0.02890625 0.05703125
5 0.3265625 0.22890625 0.0203125 0.0328125
5 0.40859375 0.29296875 0.0171875 0.0328125
5 0.38359375 0.2328125 0.0171875 0.03984375
5 0.41640625 0.22578125 0.01875 0.03359375
5 0.4296875 0.2640625 0.02578125 0.0515625
5 0.4609375 0.25234375 0.0296875 0.065625
5 0.4640625 0.2140625 0.0390625 0.05625
5 0.4609375 0.33515625 0.03671875 0.07578125
5 0.5453125 0.334375 0.0234375 0.03203125
5 0.3 0.3515625 0.02265625 0.03984375
5 0.38828125 0.49921875 0.02578125 0.03515625
5 0.45625 0.56640625 0.025 0.03671875
5 0.6125 0.65234375 0.0203125 0.034375
5 0.75390625 0.6859375 0.01875 0.0234375
5 0.76953125 0.70703125 0.01875 0.03671875
5 0.59609375 0.74140625 0.01875 0.03359375
5 0.57734375 0.721875 0.0265625 0.0484375
5 0.46953125 0.86796875 0.01953125 0.03984375
5 0.4546875 0.9328125 0.01953125 0.0453125
5 0.44140625 0.746875 0.0421875 0.04375
5 0.43671875 0.67421875 0.0203125 0.05
5 0.4015625 0.64453125 0.02734375 0.0765625
5 0.3125 0.7234375 0.0203125 0.02890625
5 0.2921875 0.76171875 0.0296875 0.03359375
5 0.2859375 0.728125 0.02265625 0.03359375
5 0.284375 0.5734375 0.03828125 0.06171875
5 0.290625 0.60625 0.0234375 0.0359375
8 0.34765625 0.1359375 0.0546875 0.06171875
8 0.41484375 0.20078125 0.06484375 0.06171875
8 0.4796875 0.19921875 0.06171875 0.071875
8 0.4296875 0.109375 0.02421875 0.09921875
5 0.05 0.34296875 0.040625 0.07265625
5 0.15 0.55859375 0.01875 0.0375
5 0.21015625 0.61640625 0.01875 0.04296875
5 0.16953125 0.6609375 0.02421875 0.0328125
8 0.29765625 0.3640625 0.0671875 0.08671875
8 0.45 0.3640625 0.04921875 0.10703125