5 0.85546875 0.43828125 0.0140625 0.03125
5 0.84296875 0.475 0.01953125 0.02265625
5 0.79609375 0.43671875 0.02421875 0.040625
5 0.8203125 0.18359375 0.0171875 0.02890625
5 0.80390625 0.16640625 0.021875 0.0421875
5 0.77265625 0.21328125 0.02109375 0.04453125
5 0.7765625 0.26328125 0.03828125 0.04921875
5 0.58984375 0.1796875 0.02109375 0.034375
5 0.53828125 0.1625 0.03203125 0.0765625
5 0.45859375 0.14296875 0.02890625 0.04453125
5 0.3625 0.2765625 0.0171875 0.0265625
5 0.45703125 0.30078125 0.0171875 0.0328125
5 0.41953125 0.2609375 0.01953125 0.04375
5 0.465625 0.259375 0.0203125 0.0359375
5 0.4765625 0.28359375 0.0234375 0.046875
5 0.51328125 0.26640625 0.01484375 0.04765625
5 0.5140625 0.24375 0.0328125 0.05625
5 0.5125 0.36171875 0.028125 0.06328125
5 0.5921875 0.3328125 0.025 0.03359375
5 0.35390625 0.36953125 0.02265625 0.03984375
5 0.440625 0.453125 0.02265625 0.03046875
5 0.490625 0.58046875 0.025 0.03671875
5 0.615625 0.6765625 0.02421875 0.0421875
5 0.81484375 0.7203125 0.0203125 0.02421875
5 0.825 0.73828125 0.01875 0.03671875
5 0.65390625 0.75546875 0.01953125 0.03515625
5 0.62421875 0.7578125 0.03828125 0.053125
5 0.50859375 0.8859375 0.01875 0.03828125
5 0.46953125 0.9484375 0.0171875 0.0390625
5 0.48515625 0.77421875 0.04296875 0.05078125
5 0.47421875 0.7109375 0.0203125 0.05
5 0.440625 0.6109375 0.02578125 0.06328125
5 0.36640625 0.74140625 0.021875 0.03046875
5 0.33828125 0.7875 0.0265625 0.03046875
5 0.33984375 0.7390625 0.021875 0.03203125
5 0.3390625 0.596875 0.03125 0.05546875
5 0.30078125 0.625 0.02265625 0.03359375
8 0.39609375 0.13984375 0.0546875 0.06171875
8 0.45859375 0.2265625 0.06796875 0.075
8 0.52421875 0.228125 0.06171875 0.0796875
8 0.4875 0.11796875 0.02421875 0.09921875
5 0.22109375 0.59140625 0.0375 0.04609375
5 0.30390625 0.646875 0.025 0.05703125
5 0.23984375 0.6375 0.02578125 0.034375
8 0.35234375 0.384375 0.0640625 0.09609375
8 0.49609375 0.39140625 0.0515625 0.096875
5 0.0765625 0.41640625 0.0421875 0.08359375