5 0.53984375 0.23828125 0.03125 0.04375
5 0.6375 0.346875 0.04609375 0.059375
5 0.9671875 0.3453125 0.02578125 0.03125
5 0.9796875 0.3625 0.02109375 0.0515625
5 0.8046875 0.39921875 0.025 0.04453125
5 0.75625 0.4390625 0.03515625 0.0484375
5 0.61171875 0.46796875 0.025 0.05078125
5 0.5546875 0.52578125 0.021875 0.05
5 0.63203125 0.41953125 0.0265625 0.04609375
5 0.5203125 0.18515625 0.02421875 0.05390625
5 0.5078125 0.4109375 0.028125 0.03984375
5 0.5015625 0.33671875 0.0359375 0.05546875
5 0.50078125 0.1875 0.02265625 0.04140625
5 0.47578125 0.12890625 0.03203125 0.05703125
5 0.446875 0.18125 0.03828125 0.04765625
5 0.48984375 0.23359375 0.02890625 0.03671875
5 0.446875 0.21640625 0.01953125 0.04296875
5 0.57421875 0.2984375 0.0453125 0.06796875
5 0.50625 0.38125 0.02421875 0.04140625
5 0.246875 0.09609375 0.02578125 0.05625
5 0.56796875 0.08359375 0.028125 0.03203125
8 0.63046875 0.06875 0.059375 0.07421875
5 0.61875 0.0609375 0.01796875 0.03046875
5 0.96796875 0.04921875 0.02109375 0.03359375
8 0.478125 0.03828125 0.071875 0.0765625
5 0.48125 0.03359375 0.0234375 0.03984375
5 0.61953125 0.028125 0.025 0.03359375
5 0.6171875 0.103125 0.0171875 0.05625
5 0.65703125 0.03046875 0.0296875 0.05078125
5 0.98359375 0.0109375 0.021875 0.02109375
5 0.94765625 0.01171875 0.0265625 0.0234375