5 0.80234375 0.45859375 0.01328125 0.03046875
5 0.7890625 0.46796875 0.01796875 0.02109375
5 0.73046875 0.41171875 0.02578125 0.04296875
5 0.76640625 0.20703125 0.0171875 0.02890625
5 0.746875 0.18046875 0.01953125 0.03125
5 0.721875 0.20703125 0.02109375 0.04453125
5 0.690625 0.24375 0.034375 0.04453125
5 0.5671875 0.19296875 0.01875 0.03125
5 0.5328125 0.146875 0.0328125 0.05859375
5 0.4078125 0.128125 0.02890625 0.05703125
5 0.31875 0.240625 0.01953125 0.03125
5 0.40859375 0.2890625 0.0171875 0.0328125
5 0.3796875 0.24609375 0.01640625 0.03828125
5 0.41796875 0.23671875 0.01796875 0.03203125
5 0.4296875 0.26953125 0.02578125 0.0515625
5 0.46328125 0.25 0.0296875 0.065625
5 0.4703125 0.22109375 0.0390625 0.05625
5 0.459375 0.34921875 0.03671875 0.07578125
5 0.55078125 0.3421875 0.0234375 0.03203125
5 0.30234375 0.35859375 0.02265625 0.03984375
5 0.3921875 0.484375 0.02578125 0.03515625
5 0.4484375 0.578125 0.025 0.03671875
5 0.59921875 0.6578125 0.0234375 0.040625
5 0.75546875 0.70078125 0.0203125 0.02421875
5 0.76875 0.7234375 0.01875 0.03671875
5 0.5984375 0.74609375 0.01875 0.03359375
5 0.57421875 0.73046875 0.0265625 0.0484375
5 0.465625 0.87734375 0.01875 0.03828125
5 0.44375 0.93671875 0.01953125 0.0453125
5 0.4375 0.75703125 0.0421875 0.04375
5 0.43203125 0.68828125 0.01875 0.04765625
5 0.39765625 0.6265625 0.02734375 0.0765625
5 0.315625 0.7296875 0.0203125 0.02890625
5 0.29375 0.76796875 0.0296875 0.03359375
5 0.28828125 0.73359375 0.0203125 0.03046875
5 0.28828125 0.58828125 0.03828125 0.06171875
5 0.28125 0.6234375 0.025 0.0375
8 0.3515625 0.13671875 0.0546875 0.06171875
8 0.41484375 0.21171875 0.06484375 0.06171875
8 0.4828125 0.20546875 0.06171875 0.071875
8 0.4328125 0.115625 0.02421875 0.09921875
5 0.0375 0.371875 0.04296875 0.08828125
5 0.159375 0.5734375 0.01875 0.0375
5 0.2296875 0.6296875 0.02265625 0.0515625
5 0.17734375 0.64609375 0.0234375 0.03125
8 0.2984375 0.37265625 0.0640625 0.09453125
8 0.44765625 0.37578125 0.05078125 0.10234375