5 0.9484375 0.2515625 0.01328125 0.03046875
5 0.9578125 0.32421875 0.0234375 0.02734375
5 0.91484375 0.2703125 0.028125 0.046875
5 0.93671875 0.03203125 0.0203125 0.0359375
5 0.91640625 0.0359375 0.02265625 0.04453125
5 0.87890625 0.09296875 0.02421875 0.0515625
5 0.915625 0.1296875 0.03046875 0.06015625
5 0.6546875 0.071875 0.04921875 0.03984375
5 0.61953125 0.07265625 0.03828125 0.0546875
5 0.57421875 0.015625 0.02734375 0.03125
5 0.45625 0.146875 0.01953125 0.03125
5 0.55390625 0.17578125 0.01640625 0.03125
5 0.509375 0.12890625 0.02109375 0.0484375
5 0.55625 0.13046875 0.021875 0.0390625
5 0.571875 0.18046875 0.02421875 0.07421875
5 0.58203125 0.17890625 0.0328125 0.03671875
5 0.59921875 0.121875 0.0328125 0.05625
5 0.61640625 0.24296875 0.03984375 0.05390625
5 0.68984375 0.1734375 0.03203125 0.04296875
5 0.4578125 0.23203125 0.02265625 0.03984375
5 0.54140625 0.2765625 0.0234375 0.03203125
5 0.5328125 0.4765625 0.0203125 0.028125
5 0.65859375 0.55546875 0.03125 0.05390625
5 0.9265625 0.578125 0.028125 0.034375
5 0.9359375 0.5984375 0.02421875 0.046875
5 0.76171875 0.6203125 0.0203125 0.03671875
5 0.703125 0.64375 0.03046875 0.04140625
5 0.59765625 0.740625 0.01953125 0.03984375
5 0.5515625 0.80078125 0.01640625 0.0375
5 0.58671875 0.6390625 0.028125 0.05078125
5 0.55859375 0.54140625 0.0390625 0.06171875
5 0.52890625 0.440625 0.03828125 0.0515625
5 0.46796875 0.621875 0.0390625 0.04609375
5 0.45078125 0.6625 0.0453125 0.05703125
5 0.47265625 0.5984375 0.03125 0.04765625
5 0.45390625 0.45703125 0.025 0.04453125
5 0.39609375 0.45859375 0.025 0.03515625
8 0.496875 0.01640625 0.0578125 0.0328125
8 0.5578125 0.10390625 0.06796875 0.075
8 0.61328125 0.1140625 0.06171875 0.0796875
8 0.58828125 0.02421875 0.0265625 0.0484375
5 0.35625 0.44765625 0.04375 0.053125
5 0.4578125 0.503125 0.02890625 0.03671875
5 0.36796875 0.49453125 0.0265625 0.0359375
8 0.4578125 0.246875 0.0640625 0.09609375
8 0.59609375 0.27109375 0.04921875 0.0921875
5 0.18359375 0.32421875 0.0390625 0.0484375