5 0.9640625 0.05 0.025 0.0640625
5 0.98203125 0.1109375 0.02265625 0.046875
5 0.94453125 0.0515625 0.02578125 0.04296875
5 0.59140625 0.0171875 0.01796875 0.034375
5 0.6046875 0.0140625 0.01953125 0.028125
5 0.634375 0.05625 0.034375 0.05
5 0.47734375 0.0390625 0.02265625 0.03984375
5 0.56015625 0.0765625 0.02265625 0.03046875
5 0.55 0.290625 0.0234375 0.03203125
5 0.6609375 0.36875 0.046875 0.059375
5 0.95234375 0.38125 0.0296875 0.0359375
5 0.9609375 0.39296875 0.02421875 0.046875
5 0.78515625 0.4171875 0.02109375 0.03828125
5 0.72734375 0.4546875 0.03203125 0.04375
5 0.61640625 0.5296875 0.0234375 0.0484375
5 0.56015625 0.5765625 0.01875 0.04296875
5 0.61484375 0.44921875 0.02265625 0.03984375
5 0.53203125 0.24921875 0.03984375 0.05390625
5 0.50390625 0.43203125 0.03046875 0.04140625
5 0.49453125 0.39375 0.0328125 0.05
5 0.4859375 0.246875 0.02890625 0.05234375
5 0.43515625 0.23046875 0.0234375 0.03359375
5 0.3890625 0.2484375 0.04140625 0.05078125
5 0.496875 0.30390625 0.0328125 0.0421875
5 0.39921875 0.284375 0.03125 0.0421875
8 0.478125 0.0578125 0.0640625 0.09609375
8 0.61484375 0.07578125 0.05859375 0.0765625
5 0.21640625 0.1390625 0.03515625 0.04375
5 0.47734375 0.465625 0.0484375 0.08203125
5 0.57265625 0.33984375 0.04296875 0.07265625