5 0.55 0.10859375 0.02890625 0.03984375
5 0.66171875 0.2015625 0.04453125 0.05625
5 0.97109375 0.20625 0.028125 0.034375
5 0.97734375 0.2125 0.02578125 0.04921875
5 0.79921875 0.240625 0.0234375 0.04296875
5 0.74375 0.29296875 0.03359375 0.04609375
5 0.62421875 0.33828125 0.025 0.05078125
5 0.5640625 0.38046875 0.021875 0.05
5 0.63203125 0.2734375 0.02421875 0.04140625
5 0.52421875 0.07421875 0.03984375 0.05390625
5 0.5125 0.26015625 0.0359375 0.0484375
5 0.50703125 0.21015625 0.0359375 0.05546875
5 0.5015625 0.06640625 0.02890625 0.05234375
5 0.46640625 0.021875 0.0296875 0.04375
5 0.42109375 0.0609375 0.04375 0.053125
5 0.50234375 0.1234375 0.02890625 0.03671875
5 0.42578125 0.09453125 0.034375 0.04609375
5 0.58125 0.159375 0.040625 0.06171875
5 0.49453125 0.290625 0.0390625 0.05625