5 0.9640625 0.07109375 0.02421875 0.0609375
5 0.97890625 0.13203125 0.02265625 0.046875
5 0.940625 0.084375 0.02578125 0.04296875
5 0.57421875 0.01171875 0.01953125 0.0234375
5 0.590625 0.0265625 0.01796875 0.053125
5 0.6 0.028125 0.02109375 0.0453125
5 0.63359375 0.07421875 0.034375 0.05
5 0.4765625 0.059375 0.02265625 0.03984375
5 0.5578125 0.096875 0.02265625 0.03046875
5 0.54921875 0.3109375 0.0234375 0.03203125
5 0.66015625 0.38828125 0.046875 0.059375
5 0.9484375 0.396875 0.0296875 0.0359375
5 0.959375 0.41328125 0.02421875 0.046875
5 0.7828125 0.43828125 0.02109375 0.03828125
5 0.72578125 0.4734375 0.03046875 0.04140625
5 0.615625 0.55 0.0234375 0.0484375
5 0.559375 0.59921875 0.01875 0.04296875
5 0.6125 0.46953125 0.02265625 0.03984375
5 0.53125 0.26796875 0.03828125 0.0515625
5 0.5015625 0.45234375 0.03046875 0.04140625
5 0.4921875 0.4140625 0.0328125 0.05
5 0.48203125 0.26796875 0.02890625 0.05234375
5 0.43203125 0.253125 0.0234375 0.03359375
5 0.384375 0.27109375 0.04375 0.053125
5 0.4953125 0.32578125 0.0328125 0.0421875
5 0.396875 0.30625 0.03125 0.0421875
8 0.4765625 0.0765625 0.0640625 0.09609375
8 0.61328125 0.09296875 0.05859375 0.0765625
5 0.2140625 0.15859375 0.03515625 0.04375
5 0.4765625 0.48828125 0.0484375 0.08203125
5 0.571875 0.359375 0.04296875 0.07265625