5 0.50859375 0.3765625 0.01796875 0.04609375
5 0.6125 0.56171875 0.03671875 0.05625
5 0.96171875 0.57890625 0.0265625 0.0328125
5 0.97421875 0.5859375 0.0234375 0.05625
5 0.8140625 0.61640625 0.02890625 0.0515625
5 0.75703125 0.66875 0.028125 0.040625
5 0.59296875 0.66640625 0.0265625 0.053125
5 0.53984375 0.7515625 0.01953125 0.0453125
5 0.6234375 0.63359375 0.02421875 0.0421875
5 0.515625 0.4375 0.0265625 0.03828125
5 0.503125 0.596875 0.02578125 0.0359375
5 0.48984375 0.55546875 0.025 0.0421875
5 0.47890625 0.40234375 0.0234375 0.04296875
5 0.471875 0.315625 0.03046875 0.04375
5 0.4546875 0.403125 0.01796875 0.03671875
5 0.4984375 0.36953125 0.01640625 0.03828125
5 0.45234375 0.39453125 0.03046875 0.0515625
5 0.5625 0.5140625 0.05 0.075
5 0.4984375 0.54140625 0.02265625 0.0375
5 0.26015625 0.30546875 0.02578125 0.05625
5 0.55546875 0.33828125 0.02265625 0.0453125
8 0.628125 0.28828125 0.059375 0.07421875
5 0.61328125 0.284375 0.0171875 0.02890625
5 0.95 0.246875 0.02421875 0.0390625
8 0.46640625 0.2640625 0.06796875 0.07890625
5 0.46796875 0.26171875 0.02578125 0.04375
5 0.61484375 0.33125 0.0171875 0.05625
5 0.653125 0.2609375 0.0328125 0.05625
5 0.96640625 0.20078125 0.0203125 0.03359375
5 0.93828125 0.22578125 0.0265625 0.034375
5 0.55859375 0.175 0.0203125 0.0390625
5 0.4671875 0.1484375 0.0171875 0.04296875
5 0.53828125 0.1359375 0.02109375 0.0359375
8 0.53203125 0.109375 0.065625 0.065625
8 0.6421875 0.09453125 0.04921875 0.09921875
5 0.6828125 0.1296875 0.034375 0.05390625
5 0.76953125 0.121875 0.02578125 0.0484375
5 0.94296875 0.1140625 0.02890625 0.05390625
5 0.62734375 0.28125 0.0203125 0.04375
5 0.903125 0.08359375 0.0328125 0.05390625
5 0.621875 0.071875 0.02109375 0.028125
5 0.63515625 0.11015625 0.02265625 0.0390625
5 0.50859375 0.08046875 0.01484375 0.0375
8 0.63125 0.0234375 0.025 0.04609375
5 0.9453125 0.01953125 0.02734375 0.03828125
5 0.96875 0.01875 0.0234375 0.034375
8 0.5234375 0.015625 0.06015625 0.03125