5 0.53984375 0.2015625 0.03125 0.04375
5 0.64140625 0.31171875 0.04453125 0.05625
5 0.9671875 0.3140625 0.0265625 0.03203125
5 0.98125 0.325 0.02109375 0.0515625
5 0.8015625 0.36328125 0.025 0.04453125
5 0.75546875 0.40390625 0.03515625 0.0484375
5 0.61328125 0.4328125 0.025 0.05078125
5 0.55859375 0.4859375 0.0203125 0.04765625
5 0.63203125 0.38359375 0.025 0.04375
5 0.5203125 0.15 0.02421875 0.05390625
5 0.50546875 0.35078125 0.028125 0.03984375
5 0.5078125 0.303125 0.0359375 0.05546875
5 0.5015625 0.1515625 0.0234375 0.04296875
5 0.475 0.0984375 0.03046875 0.0546875
5 0.4375 0.1515625 0.0484375 0.05859375
5 0.49375 0.20390625 0.02890625 0.03671875
5 0.44375 0.18515625 0.02734375 0.046875
5 0.575 0.2640625 0.0453125 0.06796875
5 0.50625 0.37578125 0.02421875 0.04140625
5 0.2453125 0.059375 0.02578125 0.05625
5 0.6203125 0.07109375 0.01875 0.04609375
5 0.5671875 0.03828125 0.0296875 0.021875
8 0.63125 0.03515625 0.05625 0.0703125
5 0.61953125 0.021875 0.01796875 0.03046875
5 0.9671875 0.01875 0.02109375 0.03359375
8 0.4890625 0.01953125 0.05078125 0.0390625