5 0.925 0.365625 0.01328125 0.03046875
5 0.93125 0.4421875 0.02265625 0.02578125
5 0.88515625 0.3984375 0.0265625 0.04453125
5 0.9078125 0.13828125 0.0171875 0.02890625
5 0.88828125 0.13359375 0.021875 0.0421875
5 0.85234375 0.196875 0.0234375 0.04921875
5 0.88828125 0.23671875 0.04375 0.05703125
5 0.64609375 0.16328125 0.046875 0.03828125
5 0.59609375 0.16328125 0.03828125 0.0546875
5 0.5484375 0.11171875 0.03046875 0.046875
5 0.43828125 0.25546875 0.0203125 0.0328125
5 0.52890625 0.28046875 0.0171875 0.0328125
5 0.490625 0.23515625 0.01796875 0.04140625
5 0.5421875 0.23125 0.021875 0.0390625
5 0.54765625 0.28046875 0.0234375 0.0703125
5 0.57734375 0.26875 0.034375 0.03828125
5 0.584375 0.22265625 0.03125 0.05390625
5 0.58984375 0.34296875 0.0265625 0.06015625
5 0.6625 0.28515625 0.02578125 0.03515625
5 0.434375 0.33671875 0.02265625 0.03984375
5 0.51796875 0.39296875 0.02109375 0.02890625
5 0.50859375 0.56875 0.01953125 0.0265625
5 0.66015625 0.6484375 0.0265625 0.046875
5 0.89921875 0.684375 0.02421875 0.0296875
5 0.90859375 0.703125 0.0234375 0.04453125
5 0.73515625 0.728125 0.02109375 0.03828125
5 0.69140625 0.74453125 0.03359375 0.04609375
5 0.5765625 0.85078125 0.01953125 0.03984375
5 0.534375 0.90078125 0.01640625 0.0375
5 0.56015625 0.7484375 0.028125 0.05078125
5 0.54140625 0.65546875 0.0390625 0.06171875
5 0.5203125 0.54375 0.0359375 0.04921875
5 0.44296875 0.70546875 0.02265625 0.03203125
5 0.41953125 0.76171875 0.03828125 0.05234375
5 0.41953125 0.71640625 0.0234375 0.0359375
5 0.4203125 0.5671875 0.025 0.04453125
5 0.36953125 0.57578125 0.021875 0.03203125
8 0.47265625 0.10234375 0.0546875 0.06171875
8 0.5390625 0.203125 0.06484375 0.07109375
8 0.59296875 0.21171875 0.06171875 0.0796875
8 0.5734375 0.08125 0.02578125 0.1046875
5 0.31875 0.559375 0.03984375 0.0484375
5 0.41015625 0.6265625 0.03203125 0.07265625
5 0.3328125 0.60390625 0.02578125 0.034375
8 0.43359375 0.35078125 0.0640625 0.09609375
8 0.57265625 0.3703125 0.0515625 0.096875
5 0.15859375 0.39921875 0.03671875 0.07890625