5 0.9578125 0.1640625 0.02109375 0.053125
5 0.9703125 0.22421875 0.02109375 0.04453125
5 0.9296875 0.1796875 0.028125 0.046875
5 0.88515625 0.01328125 0.02421875 0.02578125
5 0.92734375 0.03828125 0.03203125 0.06328125
5 0.4625 0.0546875 0.021875 0.034375
5 0.565625 0.0890625 0.0171875 0.0328125
5 0.51484375 0.04453125 0.02109375 0.0484375
5 0.5609375 0.053125 0.02421875 0.04296875
5 0.584375 0.10859375 0.02578125 0.05703125
5 0.59296875 0.1046875 0.028125 0.0453125
5 0.615625 0.0375 0.034375 0.059375
5 0.625 0.1625 0.0421875 0.05703125
5 0.7015625 0.08359375 0.02890625 0.03984375
5 0.46953125 0.15 0.02265625 0.03984375
5 0.553125 0.18515625 0.02265625 0.03046875
5 0.54609375 0.3984375 0.02109375 0.0296875
5 0.6578125 0.47578125 0.0421875 0.05390625
5 0.93828125 0.4921875 0.03125 0.0375
5 0.94921875 0.509375 0.02421875 0.046875
5 0.77265625 0.53203125 0.02109375 0.03828125
5 0.71328125 0.565625 0.03046875 0.04140625
5 0.6078125 0.6484375 0.021875 0.04375
5 0.5578125 0.7015625 0.01796875 0.04140625
5 0.60390625 0.553125 0.028125 0.05078125
5 0.53515625 0.35703125 0.0359375 0.04921875
5 0.4859375 0.540625 0.03671875 0.04375
5 0.4890625 0.5265625 0.034375 0.053125
5 0.46796875 0.365625 0.025 0.04453125
5 0.41328125 0.3671875 0.02265625 0.03203125
8 0.55625 0.03046875 0.06796875 0.06015625
8 0.6171875 0.0375 0.059375 0.075
5 0.371875 0.3625 0.04140625 0.05078125
5 0.48046875 0.41796875 0.0328125 0.0421875
5 0.38359375 0.4015625 0.0296875 0.03984375
8 0.46796875 0.1640625 0.0640625 0.09609375
8 0.60390625 0.18828125 0.04921875 0.0921875
5 0.2 0.246875 0.03515625 0.04375
5 0.4625 0.578125 0.04609375 0.07890625
5 0.565625 0.45390625 0.04296875 0.07265625