5 0.54765625 0.08828125 0.02890625 0.03984375
5 0.66015625 0.18203125 0.04453125 0.05625
5 0.97421875 0.18359375 0.028125 0.034375
5 0.98125 0.1921875 0.0203125 0.04921875
5 0.80078125 0.21953125 0.0234375 0.04296875
5 0.7484375 0.27265625 0.03203125 0.04375
5 0.6234375 0.31640625 0.025 0.05078125
5 0.5640625 0.3671875 0.0203125 0.04765625
5 0.63359375 0.25390625 0.025 0.04375
5 0.52578125 0.03359375 0.03984375 0.05390625
5 0.51328125 0.2359375 0.028125 0.03984375
5 0.5078125 0.18671875 0.034375 0.053125
5 0.5046875 0.04140625 0.02578125 0.046875
5 0.475 0.01328125 0.03203125 0.02578125
5 0.428125 0.03359375 0.04375 0.053125
5 0.50234375 0.1015625 0.0296875 0.03828125
5 0.434375 0.07265625 0.0359375 0.0484375
5 0.58125 0.1375 0.040625 0.06171875
5 0.4984375 0.253125 0.02421875 0.04140625