5 0.959375 0.1453125 0.021875 0.05546875
5 0.97109375 0.20703125 0.02265625 0.046875
5 0.93203125 0.16171875 0.028125 0.046875
5 0.93046875 0.0265625 0.03359375 0.053125
5 0.4640625 0.03828125 0.02265625 0.0359375
5 0.56796875 0.07109375 0.01796875 0.034375
5 0.51796875 0.02578125 0.02109375 0.0484375
5 0.56171875 0.034375 0.02421875 0.04296875
5 0.5875 0.0921875 0.02734375 0.06015625
5 0.59453125 0.08671875 0.02109375 0.0453125
5 0.61328125 0.02421875 0.034375 0.0484375
5 0.63125 0.1390625 0.0328125 0.04765625
5 0.703125 0.06328125 0.03046875 0.04140625
5 0.4703125 0.13203125 0.02265625 0.03984375
5 0.55390625 0.16796875 0.02265625 0.03046875
5 0.546875 0.38125 0.02109375 0.0296875
5 0.65703125 0.459375 0.04453125 0.05625
5 0.9390625 0.4734375 0.03125 0.0375
5 0.95078125 0.48828125 0.02421875 0.046875
5 0.775 0.5125 0.02109375 0.03828125
5 0.715625 0.54921875 0.03203125 0.04375
5 0.60859375 0.62890625 0.021875 0.04375
5 0.55859375 0.678125 0.01875 0.04296875
5 0.603125 0.540625 0.02265625 0.03984375
5 0.53515625 0.3390625 0.0359375 0.04921875
5 0.49140625 0.5234375 0.03515625 0.04140625
5 0.49296875 0.5140625 0.0328125 0.05
5 0.4703125 0.3453125 0.02578125 0.046875
5 0.4171875 0.346875 0.02265625 0.03203125
8 0.55546875 0.01875 0.0671875 0.0375
8 0.6203125 0.02578125 0.059375 0.0515625
5 0.37421875 0.34296875 0.04375 0.053125
5 0.48671875 0.39921875 0.03515625 0.04453125
5 0.38515625 0.38203125 0.0296875 0.03984375
8 0.46953125 0.146875 0.0640625 0.09609375
8 0.60625 0.16875 0.04921875 0.0921875
5 0.203125 0.22890625 0.03515625 0.04375
5 0.465625 0.56015625 0.04609375 0.07890625
5 0.5671875 0.43359375 0.04296875 0.07265625