5 0.89140625 0.428125 0.0140625 0.03125
5 0.88203125 0.47578125 0.01953125 0.02265625
5 0.8390625 0.44296875 0.02578125 0.04296875
5 0.8609375 0.17421875 0.0171875 0.02890625
5 0.84140625 0.16875 0.02265625 0.04453125
5 0.80859375 0.22109375 0.02109375 0.04453125
5 0.8265625 0.271875 0.0421875 0.0546875
5 0.61875 0.18828125 0.021875 0.0359375
5 0.56484375 0.1828125 0.03359375 0.08046875
5 0.49609375 0.14921875 0.03046875 0.046875
5 0.40078125 0.28359375 0.01875 0.0296875
5 0.4921875 0.30546875 0.0171875 0.0328125
5 0.4515625 0.26328125 0.01796875 0.04140625
5 0.50234375 0.2578125 0.021875 0.0390625
5 0.5 0.28828125 0.0234375 0.046875
5 0.54453125 0.29609375 0.0328125 0.05546875
5 0.546875 0.253125 0.0328125 0.05625
5 0.546875 0.37109375 0.028125 0.06328125
5 0.6234375 0.33359375 0.025 0.03359375
5 0.390625 0.37109375 0.02265625 0.03984375
5 0.4734375 0.440625 0.0234375 0.03203125
5 0.50234375 0.5828125 0.025 0.03671875
5 0.63828125 0.684375 0.02578125 0.04453125
5 0.85234375 0.7203125 0.0203125 0.02421875
5 0.86328125 0.74296875 0.021875 0.0421875
5 0.6921875 0.76171875 0.0203125 0.03671875
5 0.6578125 0.7671875 0.03671875 0.05078125
5 0.53984375 0.8890625 0.01796875 0.0359375
5 0.50234375 0.94140625 0.0171875 0.0390625
5 0.51875 0.78125 0.028125 0.05078125
5 0.50859375 0.70234375 0.02109375 0.05234375
5 0.4734375 0.60625 0.02578125 0.06328125
5 0.40390625 0.74609375 0.021875 0.03046875
5 0.36875 0.803125 0.0296875 0.03359375
5 0.37734375 0.740625 0.0234375 0.0359375
5 0.3734375 0.60703125 0.02265625 0.040625
5 0.328125 0.628125 0.0203125 0.03125
8 0.43203125 0.140625 0.0546875 0.06171875
8 0.49765625 0.23125 0.06796875 0.075
8 0.5546875 0.2421875 0.06171875 0.0796875
8 0.5265625 0.11953125 0.02578125 0.1046875
5 0.26640625 0.59453125 0.0375 0.04609375
5 0.35546875 0.65546875 0.02890625 0.065625
5 0.28046875 0.6359375 0.0265625 0.0359375
8 0.3890625 0.384375 0.0640625 0.09609375
8 0.53046875 0.3984375 0.0515625 0.096875
5 0.11328125 0.42578125 0.0421875 0.08359375