5 0.440625 0.2640625 0.01484375 0.03984375
5 0.55546875 0.578125 0.03125 0.0484375
5 0.80078125 0.5609375 0.02890625 0.0515625
5 0.82265625 0.62578125 0.0296875 0.04296875
5 0.53203125 0.59296875 0.021875 0.04375
5 0.5171875 0.74140625 0.02890625 0.03125
5 0.58828125 0.53515625 0.0296875 0.0515625
5 0.46328125 0.43046875 0.025 0.046875
5 0.453125 0.51953125 0.01953125 0.0359375
5 0.4546875 0.26640625 0.021875 0.03671875
5 0.39453125 0.36328125 0.03046875 0.0546875
5 0.4546875 0.36640625 0.01484375 0.03203125
5 0.49453125 0.29453125 0.0125 0.03046875
5 0.440625 0.38984375 0.02578125 0.07421875
5 0.35859375 0.13359375 0.02265625 0.040625
5 0.521875 0.37421875 0.02109375 0.04296875
8 0.63515625 0.33046875 0.06875 0.06328125
5 0.87734375 0.25703125 0.015625 0.034375
8 0.36953125 0.1359375 0.05 0.128125
5 0.6171875 0.33671875 0.01484375 0.034375
5 0.65390625 0.321875 0.0296875 0.0265625
5 0.87421875 0.2203125 0.01953125 0.03203125
5 0.91328125 0.253125 0.025 0.03203125
5 0.62578125 0.15859375 0.02265625 0.04375
5 0.4203125 0.203125 0.01484375 0.03671875
5 0.44453125 0.196875 0.02578125 0.04375
8 0.44375 0.16875 0.065625 0.06171875
8 0.62890625 0.075 0.04921875 0.09921875
5 0.87890625 0.075 0.02734375 0.05078125
5 0.959375 0.0640625 0.0328125 0.0515625
5 0.640625 0.3265625 0.01875 0.04609375
5 0.90234375 0.09609375 0.0328125 0.05390625
5 0.58671875 0.09921875 0.0296875 0.05859375
5 0.44921875 0.10625 0.0171875 0.028125
8 0.63828125 0.03046875 0.05234375 0.053125
5 0.9609375 0.01328125 0.02734375 0.02421875
5 0.984375 0.0390625 0.02890625 0.0421875
8 0.4453125 0.07421875 0.0625 0.05078125
5 0.59140625 0.296875 0.02421875 0.03203125
5 0.52890625 0.496875 0.02421875 0.04453125
5 0.6140625 0.10390625 0.01796875 0.0390625
5 0.49296875 0.571875 0.02109375 0.03828125
5 0.503125 0.61953125 0.0328125 0.0546875
5 0.63125 0.03046875 0.02578125 0.0359375
5 0.375 0.19296875 0.01796875 0.02578125
5 0.64609375 0.10390625 0.02421875 0.03359375