5 0.4734375 0.27890625 0.01484375 0.03984375
5 0.56953125 0.5640625 0.034375 0.053125
5 0.79609375 0.5671875 0.02734375 0.04921875
5 0.79765625 0.6640625 0.028125 0.040625
5 0.55234375 0.603125 0.025 0.05078125
5 0.525 0.73203125 0.040625 0.04140625
5 0.6078125 0.58359375 0.02578125 0.04453125
5 0.48359375 0.390625 0.021875 0.03125
5 0.46953125 0.48671875 0.01484375 0.03828125
5 0.47578125 0.26875 0.02109375 0.0390625
5 0.428125 0.29140625 0.03515625 0.05078125
5 0.46484375 0.33359375 0.01328125 0.02890625
5 0.49296875 0.28125 0.0125 0.03046875
5 0.45546875 0.33671875 0.021875 0.03359375
5 0.4859375 0.546875 0.02265625 0.059375
5 0.3171875 0.18671875 0.02890625 0.0625
5 0.525 0.33203125 0.0171875 0.0359375
8 0.6359375 0.30859375 0.06875 0.0859375
5 0.90625 0.2609375 0.015625 0.034375
8 0.3734375 0.1375 0.04140625 0.14296875
5 0.3734375 0.14921875 0.0203125 0.034375
5 0.615625 0.33203125 0.0171875 0.03984375
5 0.6609375 0.28359375 0.03125 0.03984375
5 0.91171875 0.19921875 0.0203125 0.03359375
5 0.9078125 0.24375 0.0203125 0.0265625
5 0.5703125 0.1359375 0.0203125 0.0390625
5 0.44140625 0.16171875 0.015625 0.0390625
5 0.4765625 0.1640625 0.021875 0.03828125
8 0.4734375 0.134375 0.065625 0.06171875
8 0.64140625 0.096875 0.04921875 0.09921875
5 0.84296875 0.084375 0.028125 0.053125
5 0.9578125 0.06953125 0.0328125 0.06171875
5 0.6359375 0.30625 0.0171875 0.0375
5 0.90390625 0.08828125 0.0328125 0.05390625
5 0.61328125 0.08671875 0.02109375 0.028125
5 0.63515625 0.0984375 0.021875 0.03671875
5 0.46171875 0.07890625 0.0171875 0.028125
8 0.63671875 0.0234375 0.02890625 0.046875
5 0.953125 0.02421875 0.034375 0.0484375
5 0.978125 0.03203125 0.02578125 0.03828125
8 0.4625 0.04375 0.0625 0.0421875
5 0.6109375 0.2125 0.02421875 0.03203125
5 0.53984375 0.50546875 0.02734375 0.0515625
5 0.49296875 0.603125 0.04609375 0.06796875
5 0.64921875 0.1015625 0.01640625 0.040625