5 0.4703125 0.26953125 0.01484375 0.03828125
5 0.56875 0.5640625 0.034375 0.053125
5 0.79375 0.565625 0.02734375 0.04921875
5 0.80390625 0.6671875 0.028125 0.040625
5 0.5484375 0.60234375 0.025 0.05078125
5 0.52421875 0.73125 0.040625 0.04140625
5 0.60546875 0.57421875 0.028125 0.04921875
5 0.48359375 0.384375 0.021875 0.03125
5 0.46875 0.48828125 0.01484375 0.03828125
5 0.47421875 0.2625 0.02109375 0.0390625
5 0.4234375 0.29140625 0.03671875 0.053125
5 0.465625 0.33359375 0.01328125 0.02890625
5 0.49375 0.28359375 0.0125 0.03046875
5 0.453125 0.33828125 0.01640625 0.03359375
5 0.32421875 0.1734375 0.02890625 0.0625
5 0.52421875 0.334375 0.0171875 0.0359375
8 0.63671875 0.31015625 0.06875 0.0859375
5 0.90234375 0.2609375 0.015625 0.034375
8 0.37265625 0.134375 0.0390625 0.1359375
5 0.37109375 0.14453125 0.021875 0.0359375
5 0.615625 0.3328125 0.0171875 0.03984375
5 0.66171875 0.28671875 0.03125 0.03984375
5 0.90625 0.20390625 0.021875 0.03515625
5 0.90703125 0.24375 0.021875 0.028125
5 0.57578125 0.13984375 0.0203125 0.0390625
5 0.440625 0.165625 0.01640625 0.040625
5 0.4734375 0.16796875 0.021875 0.03828125
8 0.471875 0.13359375 0.065625 0.06171875
8 0.63984375 0.096875 0.04921875 0.09921875
5 0.84609375 0.08125 0.028125 0.053125
5 0.9578125 0.06640625 0.03125 0.059375
5 0.63671875 0.30625 0.01640625 0.0359375
5 0.90390625 0.0859375 0.0328125 0.05390625
5 0.6109375 0.08203125 0.02109375 0.028125
5 0.6390625 0.08984375 0.02265625 0.0390625
5 0.46015625 0.08046875 0.0171875 0.028125
8 0.6359375 0.028125 0.02890625 0.05546875
5 0.95546875 0.02421875 0.0359375 0.0484375
5 0.978125 0.03203125 0.02578125 0.03828125
8 0.46015625 0.04609375 0.0625 0.0421875
5 0.61640625 0.23125 0.02578125 0.03359375
5 0.53984375 0.509375 0.02734375 0.0515625
5 0.4953125 0.60625 0.04453125 0.06484375
5 0.4875 0.546875 0.03046875 0.0625
5 0.6328125 0.10234375 0.01796875 0.04140625