5 0.4859375 0.31328125 0.01484375 0.0375
5 0.5828125 0.5671875 0.034375 0.053125
5 0.98203125 0.60859375 0.0296875 0.0359375
5 0.80859375 0.58046875 0.02734375 0.04921875
5 0.78203125 0.665625 0.028125 0.040625
5 0.578125 0.609375 0.025 0.05078125
5 0.52265625 0.73515625 0.0390625 0.0390625
5 0.6171875 0.61875 0.0234375 0.040625
5 0.49453125 0.40546875 0.021875 0.03125
5 0.47890625 0.571875 0.02734375 0.03828125
5 0.471875 0.48828125 0.01640625 0.0421875
5 0.4765625 0.296875 0.02265625 0.04140625
5 0.46015625 0.2765625 0.03359375 0.0484375
5 0.46171875 0.346875 0.01640625 0.03359375
5 0.4953125 0.29375 0.01640625 0.03828125
5 0.45703125 0.34375 0.021875 0.03359375
5 0.48671875 0.515625 0.02109375 0.0359375
5 0.303125 0.2671875 0.025 0.05390625
5 0.534375 0.33125 0.0203125 0.04140625
8 0.63515625 0.30390625 0.059375 0.07421875
5 0.921875 0.26640625 0.01640625 0.0359375
8 0.39453125 0.17265625 0.0390625 0.14296875
5 0.39140625 0.18515625 0.0234375 0.03984375
5 0.615625 0.33046875 0.0171875 0.03984375
5 0.66015625 0.27578125 0.02890625 0.0359375
5 0.934375 0.19765625 0.021875 0.03515625
5 0.9046875 0.23671875 0.021875 0.028125
5 0.54921875 0.153125 0.01953125 0.0375
5 0.44375 0.16171875 0.01640625 0.040625
5 0.49296875 0.15625 0.02109375 0.0359375
8 0.49140625 0.12890625 0.06875 0.06875
8 0.640625 0.09140625 0.0515625 0.10390625
5 0.67578125 0.134375 0.01640625 0.046875
5 0.81875 0.1046875 0.0296875 0.05546875
5 0.96015625 0.071875 0.0328125 0.06171875
5 0.6328125 0.303125 0.0203125 0.04375
5 0.90234375 0.0859375 0.0328125 0.05390625
5 0.62109375 0.0734375 0.021875 0.02890625
5 0.6390625 0.09921875 0.021875 0.03671875
5 0.4796875 0.08125 0.01796875 0.02890625
8 0.6359375 0.0234375 0.02890625 0.04609375
5 0.94453125 0.02109375 0.03046875 0.0421875
5 0.978125 0.0328125 0.025 0.03671875
8 0.4828125 0.04296875 0.0625 0.0421875
5 0.60234375 0.26328125 0.0234375 0.03046875
5 0.54296875 0.515625 0.03203125 0.04453125