5 0.39921875 0.3265625 0.01640625 0.04375
5 0.559375 0.65 0.034375 0.053125
5 0.76796875 0.559375 0.03046875 0.05390625
5 0.80390625 0.62734375 0.03984375 0.05703125
5 0.5359375 0.675 0.02265625 0.04609375
5 0.49453125 0.76796875 0.0359375 0.03828125
5 0.56171875 0.49296875 0.0359375 0.0625
5 0.45 0.5359375 0.03125 0.06015625
5 0.4390625 0.58203125 0.01875 0.034375
5 0.42578125 0.34296875 0.02265625 0.0390625
5 0.36875 0.4484375 0.03125 0.04609375
5 0.43515625 0.43203125 0.01328125 0.02890625
5 0.48984375 0.340625 0.02890625 0.0359375
5 0.4203125 0.503125 0.028125 0.053125
5 0.51484375 0.459375 0.02734375 0.05546875
8 0.6234375 0.3734375 0.071875 0.06640625
5 0.83515625 0.31796875 0.01640625 0.0359375
8 0.334375 0.09296875 0.08125 0.07578125
5 0.84453125 0.278125 0.01875 0.03046875
5 0.9125 0.31953125 0.025 0.03203125
5 0.68671875 0.19140625 0.02265625 0.04375
5 0.38046875 0.2484375 0.01640625 0.040625
5 0.41640625 0.25859375 0.02421875 0.0421875
8 0.415625 0.2265625 0.06953125 0.065625
8 0.603125 0.15078125 0.053125 0.09921875
5 0.90234375 0.0859375 0.02578125 0.0484375
5 0.95703125 0.10703125 0.0328125 0.0515625
5 0.90078125 0.13671875 0.0328125 0.05390625
5 0.5625 0.1375 0.034375 0.06875
5 0.4296875 0.165625 0.0234375 0.03671875
8 0.6171875 0.065625 0.06640625 0.0671875
5 0.965625 0.05703125 0.02265625 0.025
5 0.98203125 0.08125 0.02890625 0.0421875
8 0.42890625 0.13046875 0.065625 0.053125
5 0.55703125 0.33359375 0.02578125 0.03359375
5 0.49453125 0.52109375 0.0234375 0.04453125
5 0.58984375 0.1640625 0.0328125 0.0390625
5 0.47734375 0.6109375 0.025 0.04453125
5 0.46328125 0.6765625 0.04375 0.0734375
5 0.6140625 0.06328125 0.02578125 0.0359375
5 0.36484375 0.27421875 0.01953125 0.028125
5 0.61640625 0.20234375 0.0234375 0.03203125
5 0.32421875 0.078125 0.0234375 0.04609375
5 0.665625 0.35703125 0.02265625 0.053125
5 0.61875 0.40078125 0.01953125 0.03125
5 0.5828125 0.42109375 0.02734375 0.03828125