5 0.45078125 0.26171875 0.01484375 0.03828125
5 0.56328125 0.56484375 0.03125 0.0484375
5 0.79453125 0.55390625 0.02890625 0.0515625
5 0.81875 0.64296875 0.0296875 0.04296875
5 0.53359375 0.59453125 0.025 0.05078125
5 0.5203125 0.73359375 0.028125 0.03046875
5 0.5984375 0.53828125 0.0296875 0.0515625
5 0.46796875 0.39453125 0.02265625 0.0328125
5 0.46171875 0.5015625 0.0125 0.0328125
5 0.4890625 0.2703125 0.0203125 0.03671875
5 0.40390625 0.33046875 0.0265625 0.046875
5 0.4625 0.33671875 0.0140625 0.03046875
5 0.49375 0.284375 0.01171875 0.02890625
5 0.45 0.34453125 0.01796875 0.03671875
5 0.35703125 0.128125 0.03359375 0.0390625
5 0.521875 0.3453125 0.01875 0.03671875
8 0.634375 0.31640625 0.06875 0.06328125
5 0.88828125 0.246875 0.015625 0.034375
8 0.378125 0.121875 0.05 0.128125
5 0.615625 0.33046875 0.01640625 0.03828125
5 0.65703125 0.30859375 0.0296875 0.0265625
5 0.884375 0.2078125 0.01875 0.03046875
5 0.90234375 0.2359375 0.02265625 0.0296875
5 0.60390625 0.1515625 0.021875 0.04140625
5 0.434375 0.18359375 0.015625 0.0390625
5 0.4578125 0.184375 0.02578125 0.04375
8 0.45390625 0.15 0.065625 0.06171875
8 0.63359375 0.09140625 0.04921875 0.09921875
5 0.86484375 0.07734375 0.02734375 0.05078125
5 0.95546875 0.05703125 0.0328125 0.0515625
5 0.6375 0.3046875 0.01953125 0.0484375
5 0.903125 0.0859375 0.0328125 0.05390625
5 0.58984375 0.08359375 0.028125 0.05625
5 0.6359375 0.08046875 0.0203125 0.03515625
5 0.4546875 0.0921875 0.0171875 0.028125
8 0.63359375 0.02421875 0.046875 0.04765625
5 0.96484375 0.0109375 0.025 0.021875
5 0.978125 0.0328125 0.02578125 0.03828125
8 0.45078125 0.0609375 0.0625 0.0421875
5 0.61484375 0.29140625 0.02578125 0.03359375
5 0.5390625 0.4984375 0.02421875 0.04453125
5 0.61875 0.11484375 0.01640625 0.0375
5 0.48828125 0.559375 0.028125 0.059375
5 0.50078125 0.621875 0.0375 0.071875
5 0.63671875 0.01640625 0.01875 0.03046875
5 0.38125 0.15625 0.01796875 0.02578125