5 0.5015625 0.35859375 0.015625 0.03984375
5 0.5984375 0.56640625 0.03671875 0.05625
5 0.9671875 0.58671875 0.028125 0.034375
5 0.98203125 0.59609375 0.0234375 0.05625
5 0.8203125 0.60625 0.0296875 0.05390625
5 0.7703125 0.6703125 0.028125 0.040625
5 0.59296875 0.64296875 0.025 0.05078125
5 0.53359375 0.74609375 0.01875 0.04296875
5 0.62265625 0.63359375 0.02421875 0.0421875
5 0.5078125 0.42578125 0.025 0.0359375
5 0.4921875 0.58671875 0.02578125 0.0359375
5 0.47578125 0.515625 0.02421875 0.040625
5 0.47578125 0.37109375 0.02109375 0.0390625
5 0.4734375 0.30078125 0.03046875 0.04375
5 0.4578125 0.378125 0.0171875 0.03515625
5 0.4953125 0.346875 0.0171875 0.040625
5 0.45234375 0.35546875 0.021875 0.03359375
5 0.5578125 0.5109375 0.04140625 0.071875
5 0.49609375 0.521875 0.0203125 0.03359375
5 0.27265625 0.29921875 0.02578125 0.05625
5 0.54453125 0.33203125 0.02109375 0.04296875
8 0.62734375 0.29375 0.0625 0.078125
5 0.9328125 0.23984375 0.0234375 0.0375
8 0.4609375 0.25625 0.06484375 0.07578125
5 0.4609375 0.2578125 0.025 0.04140625
5 0.6140625 0.3234375 0.01640625 0.03828125
5 0.65546875 0.26171875 0.02890625 0.0359375
5 0.953125 0.18828125 0.0203125 0.03359375
5 0.9296875 0.2296875 0.02265625 0.0296875
5 0.55703125 0.1734375 0.0203125 0.0390625
5 0.46015625 0.1640625 0.01640625 0.040625
5 0.521875 0.14609375 0.02109375 0.0359375
8 0.5171875 0.11953125 0.065625 0.065625
8 0.6421875 0.0984375 0.04921875 0.09921875
5 0.69375 0.13671875 0.034375 0.05390625
5 0.784375 0.11640625 0.02734375 0.05078125
5 0.93984375 0.1 0.02890625 0.05390625
5 0.63125 0.290625 0.02109375 0.04609375
5 0.903125 0.08125 0.0328125 0.05390625
5 0.6171875 0.06171875 0.0234375 0.03046875
5 0.63671875 0.10390625 0.021875 0.03671875
5 0.5 0.08359375 0.01328125 0.03359375
8 0.63203125 0.02734375 0.0296875 0.0546875
5 0.946875 0.02421875 0.03046875 0.04296875
5 0.97109375 0.02109375 0.025 0.03671875
8 0.50859375 0.021875 0.0625 0.0421875
5 0.60859375 0.28515625 0.0234375 0.03046875