5 0.5046875 0.3546875 0.015625 0.03984375
5 0.5953125 0.56484375 0.03671875 0.05625
5 0.96953125 0.590625 0.028125 0.034375
5 0.98515625 0.59609375 0.0234375 0.05625
5 0.8203125 0.60234375 0.0296875 0.05390625
5 0.7734375 0.66953125 0.028125 0.040625
5 0.5921875 0.63671875 0.025 0.05078125
5 0.53125 0.74609375 0.01875 0.04296875
5 0.6234375 0.63359375 0.02421875 0.0421875
5 0.50703125 0.4203125 0.02421875 0.034375
5 0.48984375 0.58671875 0.02578125 0.0359375
5 0.4765625 0.5015625 0.025 0.0421875
5 0.47578125 0.35859375 0.02109375 0.0390625
5 0.47421875 0.29453125 0.02890625 0.04140625
5 0.45859375 0.3734375 0.01640625 0.03359375
5 0.49609375 0.34296875 0.0171875 0.040625
5 0.4515625 0.34921875 0.021875 0.03359375
5 0.55703125 0.509375 0.04140625 0.071875
5 0.49453125 0.51953125 0.0203125 0.03359375
5 0.2765625 0.303125 0.0234375 0.0515625
5 0.54296875 0.3328125 0.02109375 0.04296875
8 0.628125 0.290625 0.0625 0.078125
5 0.93359375 0.24140625 0.02421875 0.0390625
8 0.45546875 0.2515625 0.06484375 0.07578125
5 0.4546875 0.25390625 0.02578125 0.04375
5 0.6140625 0.32109375 0.01640625 0.03828125
5 0.6578125 0.26328125 0.02890625 0.0359375
5 0.95078125 0.18828125 0.0203125 0.03359375
5 0.9265625 0.228125 0.02265625 0.0296875
5 0.55703125 0.171875 0.0203125 0.0390625
5 0.4578125 0.1640625 0.01640625 0.040625
5 0.51640625 0.146875 0.02109375 0.0359375
8 0.51328125 0.12109375 0.065625 0.065625
8 0.6421875 0.0984375 0.04921875 0.09921875
5 0.69765625 0.13359375 0.03671875 0.05703125
5 0.78984375 0.1125 0.02734375 0.05078125
5 0.94140625 0.0890625 0.02890625 0.05390625
5 0.63203125 0.2875 0.02109375 0.04609375
5 0.90390625 0.08125 0.0328125 0.05390625
5 0.61484375 0.06015625 0.02421875 0.03203125
5 0.6375 0.1015625 0.021875 0.03671875
5 0.4984375 0.08671875 0.01328125 0.03359375
8 0.63203125 0.028125 0.02890625 0.05546875
5 0.9453125 0.0234375 0.03203125 0.04453125
5 0.97265625 0.0234375 0.025 0.03671875
8 0.50546875 0.0265625 0.06015625 0.040625
5 0.60703125 0.28359375 0.02421875 0.03203125