5 0.415625 0.30078125 0.01484375 0.03984375
5 0.559375 0.61640625 0.03671875 0.05625
5 0.78671875 0.57265625 0.03046875 0.05390625
5 0.809375 0.6109375 0.0328125 0.046875
5 0.52890625 0.62421875 0.0203125 0.04140625
5 0.5015625 0.746875 0.03359375 0.03671875
5 0.5703125 0.49453125 0.034375 0.059375
5 0.44765625 0.478125 0.03125 0.06015625
5 0.43984375 0.553125 0.0203125 0.03828125
5 0.4453125 0.30859375 0.02421875 0.040625
5 0.390625 0.409375 0.03515625 0.06328125
5 0.44375 0.39296875 0.015625 0.03359375
5 0.4875 0.33125 0.03046875 0.0375
5 0.42578125 0.46640625 0.02578125 0.0484375
5 0.51796875 0.4140625 0.02578125 0.05234375
8 0.625 0.36328125 0.071875 0.06640625
5 0.86015625 0.29296875 0.01640625 0.0359375
8 0.35390625 0.12109375 0.07734375 0.084375
5 0.6 0.35703125 0.0203125 0.0390625
5 0.8625 0.2609375 0.01953125 0.03203125
5 0.92109375 0.290625 0.025 0.03203125
5 0.6578125 0.18203125 0.02265625 0.04375
5 0.3984375 0.234375 0.01484375 0.03671875
5 0.4296875 0.228125 0.021875 0.03828125
8 0.42734375 0.2 0.06953125 0.065625
8 0.6203125 0.1265625 0.0515625 0.10390625
5 0.89140625 0.07421875 0.02734375 0.05078125
5 0.95859375 0.08828125 0.0328125 0.0515625
5 0.9015625 0.11875 0.0328125 0.05390625
5 0.5703125 0.12265625 0.0328125 0.065625
5 0.43828125 0.14375 0.01953125 0.03046875
8 0.62578125 0.05078125 0.06015625 0.0609375
5 0.9625 0.02578125 0.0265625 0.02890625
5 0.98203125 0.06171875 0.02890625 0.0421875
8 0.4375 0.1046875 0.06015625 0.0484375
5 0.56796875 0.31640625 0.021875 0.02890625
5 0.5171875 0.5078125 0.025 0.046875
5 0.6015625 0.1390625 0.01796875 0.0390625
5 0.484375 0.59453125 0.025 0.04453125
5 0.48125 0.63984375 0.0359375 0.06015625
5 0.62265625 0.04921875 0.02734375 0.0375
5 0.3671875 0.24296875 0.02109375 0.0296875
5 0.62734375 0.16328125 0.02578125 0.03515625
5 0.3375 0.1140625 0.02109375 0.04140625
5 0.66484375 0.3390625 0.02265625 0.053125
5 0.625 0.390625 0.01875 0.04296875