5 0.39609375 0.33984375 0.015625 0.04140625
5 0.5609375 0.6609375 0.03671875 0.05625
5 0.7640625 0.553125 0.03046875 0.05390625
5 0.803125 0.63203125 0.04140625 0.06015625
5 0.5390625 0.69296875 0.021875 0.04375
5 0.4953125 0.77578125 0.03359375 0.03671875
5 0.559375 0.4828125 0.025 0.053125
5 0.43984375 0.55546875 0.0203125 0.04375
5 0.43828125 0.59453125 0.01875 0.034375
5 0.42109375 0.3484375 0.02265625 0.0390625
5 0.37109375 0.4546875 0.0328125 0.0484375
5 0.4328125 0.44375 0.01328125 0.02890625
5 0.4890625 0.34375 0.0265625 0.03203125
5 0.4203125 0.51875 0.028125 0.053125
5 0.5125 0.46328125 0.02734375 0.05546875
8 0.6234375 0.3765625 0.053125 0.10859375
5 0.83046875 0.32421875 0.01640625 0.0359375
8 0.3296875 0.0859375 0.0859375 0.0796875
5 0.8375 0.284375 0.01875 0.03046875
5 0.90859375 0.32421875 0.025 0.03203125
5 0.69453125 0.190625 0.0234375 0.0453125
5 0.37734375 0.25078125 0.015625 0.0390625
5 0.4125 0.2640625 0.02421875 0.0421875
8 0.4125 0.23125 0.06953125 0.065625
8 0.60078125 0.15703125 0.053125 0.09921875
5 0.90546875 0.0875 0.02578125 0.0484375
5 0.9578125 0.109375 0.0328125 0.0515625
5 0.9 0.14140625 0.0328125 0.05390625
5 0.56171875 0.14765625 0.0328125 0.065625
5 0.4265625 0.17578125 0.0234375 0.03671875
8 0.61484375 0.06953125 0.06640625 0.0671875
5 0.96484375 0.0609375 0.021875 0.02421875
5 0.98203125 0.08671875 0.02890625 0.0421875
8 0.4265625 0.1328125 0.065625 0.053125
5 0.55390625 0.3375 0.02578125 0.03359375
5 0.490625 0.53046875 0.0234375 0.04453125
5 0.58671875 0.16875 0.034375 0.04140625
5 0.47578125 0.6109375 0.025 0.04453125
5 0.4515625 0.67265625 0.02421875 0.0625
5 0.61171875 0.065625 0.02578125 0.0359375
5 0.365625 0.28046875 0.021875 0.03125
5 0.6140625 0.2125 0.02265625 0.03046875
5 0.321875 0.06796875 0.0234375 0.04609375
5 0.665625 0.36328125 0.02265625 0.053125
5 0.62421875 0.3875 0.01796875 0.028125
5 0.58125 0.42734375 0.028125 0.04453125