5 0.48828125 0.321875 0.015625 0.03984375
5 0.58515625 0.565625 0.034375 0.053125
5 0.98046875 0.60625 0.0296875 0.0359375
5 0.81015625 0.58125 0.02734375 0.04921875
5 0.78046875 0.6640625 0.028125 0.040625
5 0.5828125 0.61015625 0.025 0.05078125
5 0.525 0.7375 0.0390625 0.0390625
5 0.61796875 0.62109375 0.0234375 0.040625
5 0.4953125 0.40859375 0.02265625 0.0328125
5 0.48046875 0.56640625 0.02734375 0.03828125
5 0.478125 0.48984375 0.025 0.0421875
5 0.47421875 0.303125 0.02109375 0.0390625
5 0.46328125 0.27578125 0.03203125 0.04609375
5 0.459375 0.34921875 0.01640625 0.03359375
5 0.49609375 0.30078125 0.0171875 0.040625
5 0.45625 0.34453125 0.021875 0.03359375
5 0.55078125 0.509375 0.04140625 0.071875
5 0.48984375 0.50859375 0.02109375 0.0359375
5 0.29921875 0.2765625 0.0234375 0.0515625
5 0.53515625 0.33125 0.0203125 0.04140625
8 0.634375 0.30390625 0.059375 0.07421875
5 0.925 0.265625 0.01640625 0.0359375
8 0.3984375 0.18125 0.0375 0.1359375
5 0.39765625 0.19375 0.025 0.04140625
5 0.61484375 0.32890625 0.0171875 0.03984375
5 0.66015625 0.275 0.02890625 0.0359375
5 0.9390625 0.196875 0.021875 0.03515625
5 0.90703125 0.2375 0.021875 0.028125
5 0.55234375 0.1578125 0.01953125 0.0375
5 0.44453125 0.16484375 0.01640625 0.040625
5 0.49453125 0.15546875 0.02109375 0.0359375
8 0.49453125 0.128125 0.065625 0.065625
8 0.64140625 0.090625 0.0515625 0.10390625
5 0.68046875 0.14453125 0.01640625 0.046875
5 0.815625 0.10859375 0.028125 0.053125
5 0.96015625 0.0734375 0.0328125 0.06171875
5 0.63359375 0.30078125 0.02265625 0.0484375
5 0.90234375 0.08828125 0.0328125 0.05390625
5 0.6203125 0.07109375 0.0234375 0.03046875
5 0.63984375 0.09921875 0.021875 0.03671875
5 0.4859375 0.078125 0.01171875 0.02890625
8 0.6359375 0.0234375 0.02890625 0.04609375
5 0.94453125 0.02109375 0.0296875 0.0421875
5 0.97734375 0.03203125 0.0234375 0.034375
8 0.48515625 0.040625 0.06015625 0.040625
5 0.6 0.26875 0.0234375 0.03046875