5 0.49609375 0.3390625 0.01640625 0.04140625
5 0.5875 0.5703125 0.034375 0.053125
5 0.97421875 0.59765625 0.0296875 0.0359375
5 0.99140625 0.61484375 0.01640625 0.05625
5 0.81640625 0.58671875 0.0296875 0.05390625
5 0.77890625 0.66328125 0.028125 0.040625
5 0.58984375 0.61875 0.025 0.05078125
5 0.528125 0.74453125 0.0390625 0.0390625
5 0.6234375 0.62421875 0.0234375 0.040625
5 0.5015625 0.4140625 0.021875 0.03125
5 0.48515625 0.5671875 0.02734375 0.03828125
5 0.47734375 0.49765625 0.025 0.0421875
5 0.47421875 0.32890625 0.02109375 0.0390625
5 0.46875 0.28203125 0.03203125 0.04609375
5 0.459375 0.35859375 0.01640625 0.03359375
5 0.49296875 0.33515625 0.01640625 0.03828125
5 0.4546875 0.3453125 0.021875 0.03359375
5 0.55390625 0.509375 0.04140625 0.071875
5 0.49296875 0.5109375 0.02109375 0.0359375
5 0.2859375 0.30703125 0.02265625 0.0484375
5 0.5359375 0.334375 0.0203125 0.04140625
8 0.63125 0.30078125 0.0625 0.078125
5 0.93359375 0.25546875 0.01640625 0.0359375
8 0.4203125 0.21328125 0.0515625 0.1203125
5 0.42109375 0.21953125 0.02734375 0.04609375
5 0.6140625 0.32421875 0.0171875 0.03984375
5 0.65859375 0.26953125 0.02890625 0.0359375
5 0.9453125 0.19140625 0.0203125 0.03359375
5 0.915625 0.2328125 0.021875 0.028125
5 0.5546875 0.16796875 0.0203125 0.0390625
5 0.44921875 0.1671875 0.0171875 0.04296875
5 0.5046875 0.15 0.02109375 0.0359375
8 0.5015625 0.121875 0.065625 0.065625
8 0.64375 0.090625 0.04921875 0.09921875
5 0.6984375 0.1375 0.03984375 0.0625
5 0.80546875 0.1109375 0.02734375 0.05078125
5 0.94921875 0.07578125 0.0328125 0.06171875
5 0.63203125 0.29453125 0.0234375 0.05078125
5 0.903125 0.08046875 0.0328125 0.05390625
5 0.61640625 0.065625 0.02421875 0.03203125
5 0.6390625 0.0984375 0.021875 0.03671875
5 0.49375 0.0828125 0.01328125 0.03203125
8 0.63515625 0.02421875 0.02890625 0.04765625
5 0.94765625 0.02734375 0.03203125 0.04453125
5 0.97734375 0.025 0.0234375 0.034375
8 0.4953125 0.0359375 0.06015625 0.040625
5 0.596875 0.28203125 0.02578125 0.03359375