5 0.4015625 0.36328125 0.0140625 0.03828125
5 0.5640625 0.6765625 0.04375 0.0625
5 0.753125 0.5359375 0.03203125 0.05703125
5 0.8 0.646875 0.04375 0.06328125
5 0.5453125 0.72109375 0.021875 0.04375
5 0.50078125 0.77890625 0.03203125 0.034375
5 0.5546875 0.471875 0.025 0.053125
5 0.4296875 0.596875 0.01953125 0.04140625
5 0.4375 0.63125 0.01875 0.034375
5 0.4078125 0.3828125 0.025 0.04296875
5 0.34453125 0.50234375 0.03984375 0.071875
5 0.428125 0.4796875 0.01171875 0.025
5 0.47890625 0.36015625 0.02734375 0.034375
5 0.4 0.55078125 0.0234375 0.05390625
5 0.50859375 0.46796875 0.02265625 0.0453125
8 0.63125 0.38984375 0.03984375 0.11875
5 0.815625 0.34140625 0.015625 0.034375
8 0.32578125 0.07265625 0.08984375 0.08359375
5 0.82265625 0.2984375 0.01875 0.03046875
5 0.9 0.34609375 0.025 0.03203125
5 0.7125 0.1859375 0.0234375 0.0453125
5 0.36796875 0.26171875 0.0171875 0.04296875
5 0.40234375 0.271875 0.02421875 0.0421875
8 0.4015625 0.24375 0.06953125 0.065625
8 0.58984375 0.17734375 0.05625 0.10390625
5 0.91328125 0.08671875 0.02578125 0.0484375
5 0.9484375 0.1078125 0.0296875 0.046875
5 0.8984375 0.15703125 0.0328125 0.05390625
5 0.553125 0.16171875 0.03125 0.06171875
5 0.4234375 0.19921875 0.02109375 0.03359375
8 0.609375 0.08125 0.06328125 0.0640625
5 0.971875 0.07578125 0.02421875 0.0265625
5 0.97890625 0.10234375 0.02734375 0.040625
8 0.42109375 0.14375 0.065625 0.053125
5 0.5421875 0.34453125 0.02421875 0.03203125
5 0.48828125 0.55 0.0265625 0.04921875
5 0.5796875 0.1953125 0.03984375 0.04765625
5 0.47890625 0.640625 0.0375 0.04296875
5 0.446875 0.7015625 0.02421875 0.046875
5 0.6046875 0.078125 0.02421875 0.03359375
5 0.3703125 0.3015625 0.021875 0.03125
5 0.60625 0.24375 0.0203125 0.028125
5 0.6640625 0.38203125 0.01953125 0.0453125
5 0.62890625 0.40625 0.0265625 0.028125
5 0.5796875 0.425 0.03125 0.04921875
5 0.3171875 0.05625 0.0234375 0.0390625