5 0.45859375 0.259375 0.01484375 0.03828125
5 0.5671875 0.5640625 0.034375 0.053125
5 0.79296875 0.55859375 0.02734375 0.04921875
5 0.81328125 0.65546875 0.0296875 0.04296875
5 0.5390625 0.596875 0.025 0.05078125
5 0.52109375 0.73203125 0.028125 0.03046875
5 0.6 0.55546875 0.0296875 0.0515625
5 0.47578125 0.384375 0.02265625 0.0328125
5 0.4640625 0.496875 0.0125 0.0328125
5 0.47578125 0.25703125 0.0203125 0.03671875
5 0.40859375 0.31328125 0.0265625 0.046875
5 0.4640625 0.33203125 0.01328125 0.02890625
5 0.4921875 0.28359375 0.0125 0.03046875
5 0.45234375 0.33828125 0.01640625 0.03359375
5 0.34765625 0.14375 0.03203125 0.06875
5 0.51875 0.340625 0.0171875 0.0359375
8 0.634375 0.31328125 0.06875 0.06328125
5 0.89296875 0.25234375 0.015625 0.034375
8 0.37109375 0.12890625 0.0546875 0.1109375
5 0.36953125 0.140625 0.021875 0.0359375
5 0.61640625 0.3328125 0.0171875 0.03984375
5 0.65546875 0.31015625 0.03125 0.028125
5 0.8921875 0.20234375 0.01875 0.03046875
5 0.9046875 0.2375 0.02265625 0.0296875
5 0.5921875 0.14296875 0.021875 0.04140625
5 0.44140625 0.178125 0.01640625 0.040625
5 0.46328125 0.175 0.02421875 0.0421875
8 0.46171875 0.1453125 0.065625 0.06171875
8 0.6375 0.09296875 0.0515625 0.10390625
5 0.8578125 0.08046875 0.02734375 0.05078125
5 0.96171875 0.05703125 0.03125 0.059375
5 0.63515625 0.31015625 0.01953125 0.0359375
5 0.903125 0.0859375 0.0328125 0.05390625
5 0.5984375 0.08203125 0.02109375 0.028125
5 0.63203125 0.09609375 0.0203125 0.03515625
5 0.45625 0.08984375 0.01796875 0.02890625
8 0.63125 0.0265625 0.03203125 0.053125
5 0.9625 0.0171875 0.0234375 0.03359375
5 0.978125 0.03359375 0.025 0.03671875
8 0.45390625 0.05390625 0.0625 0.0421875
5 0.62109375 0.26015625 0.02578125 0.03359375
5 0.53984375 0.50703125 0.0265625 0.04921875
5 0.625 0.1078125 0.01875 0.04140625
5 0.4875 0.55625 0.028125 0.059375
5 0.49140625 0.615625 0.0375 0.071875