5 0.45 0.26328125 0.01484375 0.03828125
5 0.559375 0.565625 0.03125 0.0484375
5 0.79453125 0.553125 0.02734375 0.04921875
5 0.82109375 0.63671875 0.0296875 0.04296875
5 0.5328125 0.59453125 0.025 0.05078125
5 0.5203125 0.734375 0.028125 0.03046875
5 0.59765625 0.5375 0.0296875 0.0515625
5 0.46875 0.3984375 0.02265625 0.0328125
5 0.46171875 0.50234375 0.0125 0.0328125
5 0.4734375 0.259375 0.021875 0.03671875
5 0.40234375 0.3359375 0.0265625 0.046875
5 0.46171875 0.3390625 0.0140625 0.03046875
5 0.49453125 0.28359375 0.01171875 0.02890625
5 0.44765625 0.3484375 0.01796875 0.03671875
5 0.359375 0.12578125 0.03359375 0.0390625
5 0.5234375 0.346875 0.01875 0.03671875
8 0.634375 0.31796875 0.06875 0.06328125
5 0.8859375 0.24609375 0.015625 0.034375
8 0.3796875 0.12421875 0.05 0.128125
5 0.615625 0.33125 0.01640625 0.03828125
5 0.65546875 0.31015625 0.0296875 0.0265625
5 0.88359375 0.20859375 0.01796875 0.02890625
5 0.90234375 0.2359375 0.02265625 0.0296875
5 0.60625 0.15234375 0.021875 0.04140625
5 0.43359375 0.1859375 0.015625 0.0390625
5 0.45625 0.184375 0.02578125 0.04375
8 0.45234375 0.1515625 0.065625 0.06171875
8 0.63203125 0.09140625 0.04921875 0.09921875
5 0.865625 0.078125 0.02734375 0.05078125
5 0.95703125 0.05546875 0.0328125 0.0515625
5 0.6390625 0.30625 0.01953125 0.0484375
5 0.903125 0.0875 0.0328125 0.05390625
5 0.5890625 0.0875 0.0296875 0.05859375
5 0.63515625 0.07890625 0.021875 0.03671875
5 0.45546875 0.09375 0.0171875 0.028125
8 0.63359375 0.02421875 0.046875 0.04765625
5 0.96796875 0.0109375 0.025 0.021875
5 0.97734375 0.03359375 0.02578125 0.03828125
8 0.45 0.06171875 0.0625 0.0421875
5 0.61171875 0.29140625 0.02421875 0.03203125
5 0.53984375 0.49765625 0.02421875 0.04453125
5 0.61796875 0.115625 0.01640625 0.0375
5 0.4875 0.5609375 0.028125 0.059375
5 0.50390625 0.61640625 0.03125 0.0515625
5 0.63671875 0.01953125 0.01875 0.03046875
5 0.38125 0.15703125 0.01796875 0.02578125