5 0.4265625 0.28671875 0.01484375 0.03984375
5 0.5578125 0.6015625 0.034375 0.053125
5 0.78828125 0.57421875 0.02734375 0.04921875
5 0.8140625 0.6109375 0.0296875 0.04296875
5 0.53046875 0.61171875 0.0203125 0.04140625
5 0.5078125 0.7390625 0.03046875 0.03359375
5 0.5765625 0.50078125 0.0328125 0.05625
5 0.4515625 0.446875 0.0328125 0.06328125
5 0.4453125 0.5453125 0.02265625 0.0421875
5 0.44921875 0.29765625 0.025 0.04296875
5 0.39140625 0.396875 0.03515625 0.06328125
5 0.44921875 0.38359375 0.01484375 0.03203125
5 0.49453125 0.33046875 0.02890625 0.0359375
5 0.4265625 0.4328125 0.02578125 0.0484375
5 0.51640625 0.40390625 0.025 0.05
8 0.63125 0.35078125 0.06875 0.06328125
5 0.86875 0.2796875 0.01640625 0.0359375
8 0.359375 0.11953125 0.07421875 0.08046875
5 0.6109375 0.3484375 0.01953125 0.0375
5 0.86640625 0.2484375 0.01953125 0.03203125
5 0.9234375 0.28125 0.025 0.03203125
5 0.64765625 0.17421875 0.02265625 0.04375
5 0.4046875 0.21875 0.01484375 0.03671875
5 0.43515625 0.22109375 0.0234375 0.03984375
8 0.4328125 0.19375 0.06953125 0.065625
8 0.62578125 0.11171875 0.05390625 0.109375
5 0.8859375 0.07578125 0.02734375 0.05078125
5 0.95859375 0.08046875 0.0328125 0.0515625
5 0.6296875 0.35859375 0.021875 0.05390625
5 0.90234375 0.11328125 0.0328125 0.05390625
5 0.5734375 0.115625 0.0328125 0.065625
5 0.440625 0.13125 0.01796875 0.02890625
8 0.63046875 0.04765625 0.06328125 0.0640625
5 0.9625 0.01875 0.0265625 0.02890625
5 0.9828125 0.05546875 0.02890625 0.0421875
8 0.43984375 0.09453125 0.065625 0.053125
5 0.578125 0.30703125 0.0234375 0.03046875
5 0.5234375 0.50703125 0.02265625 0.0421875
5 0.6046875 0.128125 0.01796875 0.0390625
5 0.48984375 0.59140625 0.0234375 0.04296875
5 0.484375 0.6359375 0.0328125 0.0546875
5 0.6265625 0.0453125 0.02734375 0.0375
5 0.3703125 0.22578125 0.01953125 0.028125
5 0.63828125 0.13671875 0.02578125 0.03515625
5 0.34375 0.121875 0.0203125 0.0390625
5 0.6609375 0.321875 0.0203125 0.04453125