5 0.440625 0.26171875 0.01484375 0.03984375
5 0.55859375 0.5765625 0.0296875 0.04609375
5 0.80078125 0.56171875 0.02890625 0.0515625
5 0.821875 0.62578125 0.0296875 0.04296875
5 0.53125 0.59609375 0.02265625 0.04609375
5 0.51796875 0.74140625 0.028125 0.03046875
5 0.5890625 0.53515625 0.0296875 0.0515625
5 0.4640625 0.42890625 0.025 0.046875
5 0.45390625 0.515625 0.01875 0.034375
5 0.459375 0.265625 0.021875 0.03671875
5 0.39296875 0.359375 0.02890625 0.0515625
5 0.45625 0.36484375 0.01484375 0.03203125
5 0.4953125 0.29296875 0.0125 0.03046875
5 0.43671875 0.3890625 0.02578125 0.07421875
5 0.3609375 0.1359375 0.02265625 0.040625
5 0.52578125 0.3734375 0.02109375 0.04296875
8 0.634375 0.32734375 0.06875 0.06328125
5 0.87890625 0.25703125 0.015625 0.034375
8 0.371875 0.13828125 0.05 0.128125
5 0.615625 0.334375 0.015625 0.0359375
5 0.65390625 0.31953125 0.0296875 0.0265625
5 0.87421875 0.21796875 0.01953125 0.03203125
5 0.909375 0.25 0.02421875 0.03125
5 0.6234375 0.15703125 0.02265625 0.04375
5 0.42109375 0.19765625 0.015625 0.0390625
5 0.44609375 0.19375 0.02578125 0.04375
8 0.4453125 0.16484375 0.065625 0.06171875
8 0.6296875 0.07734375 0.04921875 0.09921875
5 0.87734375 0.07578125 0.02734375 0.05078125
5 0.95859375 0.0625 0.0328125 0.0515625
5 0.6390625 0.32421875 0.01875 0.04609375
5 0.90234375 0.09453125 0.0328125 0.05390625
5 0.5875 0.0984375 0.0296875 0.05859375
5 0.45078125 0.103125 0.0171875 0.028125
8 0.63828125 0.028125 0.05234375 0.053125
5 0.9640625 0.0125 0.02734375 0.02421875
5 0.98359375 0.0359375 0.02890625 0.0421875
8 0.4453125 0.0703125 0.0625 0.05078125
5 0.5953125 0.2953125 0.02421875 0.03203125
5 0.53203125 0.49609375 0.02421875 0.04453125
5 0.61484375 0.10546875 0.01875 0.04140625
5 0.49140625 0.571875 0.02109375 0.03828125
5 0.5046875 0.61796875 0.0328125 0.0546875
5 0.63203125 0.02890625 0.02578125 0.0359375
5 0.37578125 0.18828125 0.01796875 0.02578125
5 0.646875 0.0984375 0.0234375 0.03203125