5 0.4546875 0.259375 0.01484375 0.03828125
5 0.56640625 0.56328125 0.034375 0.053125
5 0.7921875 0.5578125 0.02890625 0.0515625
5 0.81484375 0.653125 0.0296875 0.04296875
5 0.53515625 0.59609375 0.025 0.05078125
5 0.5203125 0.73203125 0.028125 0.03046875
5 0.6 0.54921875 0.0296875 0.0515625
5 0.47421875 0.384375 0.021875 0.03125
5 0.46328125 0.49765625 0.0125 0.0328125
5 0.48515625 0.2703125 0.0203125 0.03671875
5 0.40625 0.32109375 0.0265625 0.046875
5 0.4640625 0.33203125 0.01328125 0.02890625
5 0.4921875 0.284375 0.01171875 0.02890625
5 0.4515625 0.34140625 0.0171875 0.0359375
5 0.3515625 0.134375 0.03203125 0.03671875
5 0.52109375 0.340625 0.01875 0.03671875
8 0.63359375 0.3140625 0.06875 0.06328125
5 0.8921875 0.25 0.015625 0.034375
8 0.37109375 0.12734375 0.0546875 0.1109375
5 0.3765625 0.1484375 0.021875 0.0359375
5 0.615625 0.33203125 0.01640625 0.03828125
5 0.6546875 0.31171875 0.0296875 0.0265625
5 0.88984375 0.203125 0.01875 0.03046875
5 0.90390625 0.23671875 0.02265625 0.0296875
5 0.596875 0.14453125 0.021875 0.04140625
5 0.43984375 0.17890625 0.01640625 0.040625
5 0.4609375 0.1796875 0.02421875 0.0421875
8 0.45859375 0.1484375 0.065625 0.06171875
8 0.63515625 0.09296875 0.04921875 0.09921875
5 0.859375 0.07734375 0.02734375 0.05078125
5 0.9625 0.05390625 0.0328125 0.06171875
5 0.634375 0.31171875 0.01953125 0.0359375
5 0.903125 0.0859375 0.0328125 0.05390625
5 0.5953125 0.0796875 0.021875 0.02890625
5 0.63671875 0.08203125 0.0203125 0.03515625
5 0.45546875 0.09140625 0.01796875 0.02890625
8 0.6328125 0.0265625 0.0421875 0.053125
5 0.96484375 0.01640625 0.0234375 0.0328125
5 0.978125 0.03203125 0.02578125 0.03828125
8 0.45234375 0.05625 0.0625 0.0421875
5 0.61875 0.27734375 0.02578125 0.03359375
5 0.53828125 0.50078125 0.025 0.046875
5 0.621875 0.11015625 0.01875 0.04140625
5 0.48828125 0.55859375 0.028125 0.059375
5 0.4984375 0.6171875 0.0375 0.071875