5 0.4484375 0.26171875 0.01484375 0.03828125
5 0.559375 0.565625 0.03125 0.0484375
5 0.796875 0.55 0.02734375 0.04921875
5 0.82265625 0.6328125 0.0296875 0.04296875
5 0.53203125 0.59453125 0.025 0.05078125
5 0.51953125 0.7359375 0.028125 0.03046875
5 0.59609375 0.53828125 0.0296875 0.0515625
5 0.46875 0.40234375 0.02421875 0.034375
5 0.46015625 0.503125 0.0125 0.0328125
5 0.46875 0.26015625 0.021875 0.03671875
5 0.4015625 0.34140625 0.0265625 0.046875
5 0.4609375 0.34296875 0.0140625 0.03046875
5 0.49453125 0.284375 0.01171875 0.02890625
5 0.4453125 0.35390625 0.01875 0.0390625
5 0.36015625 0.12578125 0.03359375 0.0390625
5 0.52421875 0.3484375 0.01875 0.03671875
8 0.634375 0.31875 0.06875 0.06328125
5 0.88515625 0.2453125 0.015625 0.034375
8 0.37890625 0.12578125 0.05 0.128125
5 0.615625 0.33203125 0.01640625 0.03828125
5 0.6546875 0.3109375 0.0296875 0.0265625
5 0.8828125 0.209375 0.01875 0.03046875
5 0.90234375 0.2390625 0.02265625 0.0296875
5 0.61015625 0.1515625 0.021875 0.04140625
5 0.43125 0.18828125 0.015625 0.0390625
5 0.453125 0.1859375 0.0265625 0.04609375
8 0.4515625 0.153125 0.065625 0.06171875
8 0.63046875 0.09140625 0.04921875 0.09921875
5 0.86875 0.0796875 0.02734375 0.05078125
5 0.9578125 0.05625 0.0328125 0.0515625
5 0.6390625 0.3078125 0.01953125 0.0484375
5 0.90234375 0.08828125 0.0328125 0.05390625
5 0.5875 0.08828125 0.0296875 0.05859375
5 0.634375 0.078125 0.021875 0.03671875
5 0.45625 0.0953125 0.0171875 0.028125
8 0.634375 0.025 0.046875 0.04765625
5 0.96640625 0.0125 0.025 0.021875
5 0.9796875 0.03203125 0.02578125 0.03828125
8 0.45 0.0640625 0.0625 0.0421875
5 0.6109375 0.29375 0.0234375 0.03046875
5 0.53984375 0.49765625 0.02421875 0.04453125
5 0.615625 0.11640625 0.01796875 0.0390625
5 0.48828125 0.5609375 0.028125 0.059375
5 0.50703125 0.61953125 0.03125 0.0515625
5 0.6375 0.021875 0.01875 0.03046875
5 0.38125 0.159375 0.01796875 0.02578125