5 0.4296875 0.278125 0.0140625 0.03828125
5 0.55546875 0.59453125 0.0328125 0.05078125
5 0.78984375 0.571875 0.02734375 0.04921875
5 0.81796875 0.6140625 0.0296875 0.04296875
5 0.53125 0.60390625 0.01953125 0.0390625
5 0.509375 0.740625 0.03046875 0.03359375
5 0.5765625 0.49765625 0.03125 0.05390625
5 0.45546875 0.43828125 0.0328125 0.06328125
5 0.44765625 0.5390625 0.021875 0.03984375
5 0.44921875 0.29453125 0.02421875 0.040625
5 0.39375 0.38515625 0.03515625 0.06328125
5 0.45078125 0.37578125 0.0140625 0.03046875
5 0.4984375 0.3125 0.0265625 0.03203125
5 0.4265625 0.42421875 0.02421875 0.04609375
5 0.515625 0.40546875 0.025 0.05
8 0.63359375 0.34609375 0.065625 0.06015625
5 0.8703125 0.27421875 0.01640625 0.0359375
8 0.3609375 0.1234375 0.0703125 0.0765625
5 0.6140625 0.34453125 0.01953125 0.0375
5 0.86875 0.24140625 0.01953125 0.03203125
5 0.92265625 0.27578125 0.025 0.03203125
5 0.64375 0.1703125 0.02265625 0.04375
5 0.40625 0.215625 0.01484375 0.03671875
5 0.43671875 0.2171875 0.02421875 0.0421875
8 0.43515625 0.190625 0.065625 0.06171875
8 0.6265625 0.1015625 0.05390625 0.109375
5 0.88515625 0.07421875 0.02734375 0.05078125
5 0.9578125 0.07890625 0.0328125 0.0515625
5 0.63125 0.34921875 0.0203125 0.05078125
5 0.9015625 0.10859375 0.0328125 0.05390625
5 0.57578125 0.1140625 0.0328125 0.065625
5 0.44296875 0.121875 0.01796875 0.02890625
8 0.63359375 0.0453125 0.06328125 0.0640625
5 0.96328125 0.01640625 0.0265625 0.02890625
5 0.9828125 0.0515625 0.02890625 0.0421875
8 0.440625 0.09140625 0.0625 0.05078125
5 0.5796875 0.303125 0.0234375 0.03046875
5 0.52421875 0.50625 0.02421875 0.04453125
5 0.60625 0.1234375 0.01796875 0.0390625
5 0.4921875 0.58671875 0.02265625 0.040625
5 0.48828125 0.63359375 0.03125 0.0515625
5 0.62890625 0.04296875 0.02734375 0.0375
5 0.37265625 0.21875 0.01875 0.0265625
5 0.640625 0.1234375 0.02421875 0.03359375
5 0.34609375 0.1234375 0.02109375 0.04140625
5 0.65703125 0.3265625 0.021875 0.04140625