5 0.4953125 0.33828125 0.015625 0.03984375
5 0.5875 0.57109375 0.034375 0.053125
5 0.975 0.59921875 0.0296875 0.0359375
5 0.99296875 0.615625 0.0140625 0.05625
5 0.815625 0.584375 0.0296875 0.05390625
5 0.7796875 0.6625 0.028125 0.040625
5 0.5890625 0.61640625 0.025 0.05078125
5 0.52890625 0.74375 0.0390625 0.0390625
5 0.62265625 0.62421875 0.0234375 0.040625
5 0.50078125 0.415625 0.021875 0.03125
5 0.484375 0.56640625 0.02578125 0.0359375
5 0.478125 0.49453125 0.025 0.0421875
5 0.475 0.3234375 0.02265625 0.04140625
5 0.46875 0.2796875 0.03203125 0.04609375
5 0.459375 0.35625 0.01640625 0.03359375
5 0.49296875 0.334375 0.01640625 0.03828125
5 0.45546875 0.34609375 0.021875 0.03359375
5 0.553125 0.5109375 0.04140625 0.071875
5 0.4921875 0.5109375 0.0203125 0.03359375
5 0.28828125 0.30078125 0.02265625 0.0484375
5 0.5359375 0.334375 0.0203125 0.04140625
8 0.6328125 0.3015625 0.059375 0.07421875
5 0.9328125 0.25625 0.01640625 0.0359375
8 0.41796875 0.2109375 0.0515625 0.1203125
5 0.41640625 0.21328125 0.02578125 0.04375
5 0.61484375 0.32578125 0.0171875 0.03984375
5 0.6578125 0.2703125 0.02890625 0.0359375
5 0.9453125 0.19296875 0.0203125 0.03359375
5 0.91484375 0.23359375 0.021875 0.028125
5 0.55390625 0.16640625 0.0203125 0.0390625
5 0.4484375 0.16796875 0.0171875 0.04296875
5 0.5015625 0.1515625 0.02109375 0.0359375
8 0.49921875 0.12265625 0.065625 0.065625
8 0.64375 0.0890625 0.0515625 0.10390625
5 0.6875 0.14140625 0.015625 0.04453125
5 0.80703125 0.11015625 0.02734375 0.05078125
5 0.95078125 0.07421875 0.0328125 0.06171875
5 0.6328125 0.296875 0.0234375 0.05078125
5 0.90234375 0.08125 0.0328125 0.05390625
5 0.6171875 0.06640625 0.02421875 0.03203125
5 0.6390625 0.09921875 0.021875 0.03671875
5 0.4921875 0.08125 0.01328125 0.03203125
8 0.6328125 0.02734375 0.028125 0.0546875
5 0.9484375 0.028125 0.03203125 0.04453125
5 0.97734375 0.0265625 0.0234375 0.034375
8 0.49375 0.03671875 0.06015625 0.040625
5 0.596875 0.2796875 0.02578125 0.03359375