5 0.503125 0.35859375 0.015625 0.03984375
5 0.596875 0.56484375 0.03671875 0.05625
5 0.96796875 0.58671875 0.028125 0.034375
5 0.98359375 0.5953125 0.0234375 0.05625
5 0.8203125 0.60390625 0.0296875 0.05390625
5 0.77265625 0.6703125 0.028125 0.040625
5 0.5921875 0.640625 0.025 0.05078125
5 0.5328125 0.7453125 0.01875 0.04296875
5 0.62265625 0.63359375 0.02421875 0.0421875
5 0.50703125 0.4234375 0.02421875 0.034375
5 0.49140625 0.5890625 0.02578125 0.0359375
5 0.4765625 0.509375 0.02421875 0.040625
5 0.4765625 0.36640625 0.02109375 0.0390625
5 0.47421875 0.29921875 0.02890625 0.04140625
5 0.459375 0.37578125 0.01640625 0.03359375
5 0.49609375 0.34609375 0.0171875 0.040625
5 0.45234375 0.35390625 0.021875 0.03359375
5 0.5578125 0.5109375 0.04140625 0.071875
5 0.4953125 0.5203125 0.0203125 0.03359375
5 0.27421875 0.30078125 0.025 0.05390625
5 0.54296875 0.3328125 0.02109375 0.04296875
8 0.628125 0.290625 0.0625 0.078125
5 0.93359375 0.24140625 0.0234375 0.0375
8 0.45859375 0.25390625 0.06484375 0.07578125
5 0.4578125 0.25546875 0.02578125 0.04375
5 0.6140625 0.32109375 0.01640625 0.03828125
5 0.65703125 0.26171875 0.02890625 0.0359375
5 0.95234375 0.1875 0.0203125 0.03359375
5 0.928125 0.22890625 0.02265625 0.0296875
5 0.5578125 0.17109375 0.0203125 0.0390625
5 0.459375 0.16484375 0.01640625 0.040625
5 0.51953125 0.146875 0.02109375 0.0359375
8 0.51484375 0.11953125 0.065625 0.065625
8 0.6421875 0.09921875 0.04921875 0.09921875
5 0.69453125 0.1359375 0.034375 0.05390625
5 0.78828125 0.11484375 0.02734375 0.05078125
5 0.940625 0.09609375 0.02890625 0.05390625
5 0.63125 0.28671875 0.02109375 0.04609375
5 0.90390625 0.08203125 0.0328125 0.05390625
5 0.615625 0.06171875 0.02421875 0.03203125
5 0.63671875 0.103125 0.021875 0.03671875
5 0.49921875 0.08515625 0.01328125 0.03359375
8 0.6328125 0.028125 0.02890625 0.05546875
5 0.946875 0.0234375 0.03203125 0.04453125
5 0.971875 0.02265625 0.025 0.03671875
8 0.5078125 0.02421875 0.06015625 0.040625
5 0.6078125 0.28359375 0.0234375 0.03046875