5 0.4125 0.3625 0.0140625 0.03828125
5 0.56796875 0.6859375 0.04375 0.0625
5 0.75 0.5390625 0.03203125 0.05703125
5 0.8 0.6484375 0.04375 0.06328125
5 0.54765625 0.72890625 0.021875 0.04375
5 0.49609375 0.78671875 0.03203125 0.034375
5 0.553125 0.465625 0.02421875 0.05078125
5 0.42265625 0.61328125 0.01796875 0.03984375
5 0.4328125 0.6390625 0.01875 0.034375
5 0.40390625 0.3984375 0.025 0.04296875
5 0.34140625 0.5171875 0.0421875 0.07578125
5 0.42578125 0.49375 0.01171875 0.025
5 0.47578125 0.36171875 0.02734375 0.034375
5 0.390625 0.56953125 0.025 0.05625
5 0.5046875 0.459375 0.02109375 0.04296875
8 0.634375 0.39609375 0.03828125 0.11328125
5 0.8109375 0.34140625 0.015625 0.034375
8 0.325 0.071875 0.09453125 0.08828125
5 0.8171875 0.3046875 0.01875 0.03046875
5 0.896875 0.3484375 0.025 0.03203125
5 0.7203125 0.1859375 0.0234375 0.0453125
5 0.36484375 0.26796875 0.01640625 0.040625
5 0.39921875 0.271875 0.02421875 0.0421875
8 0.4 0.24609375 0.06953125 0.065625
8 0.58671875 0.18671875 0.05625 0.10390625
5 0.9171875 0.0828125 0.02578125 0.0484375
5 0.95234375 0.10625 0.03125 0.04921875
5 0.8984375 0.16171875 0.0328125 0.05390625
5 0.54609375 0.16640625 0.0328125 0.065625
5 0.42421875 0.203125 0.02109375 0.03359375
8 0.609375 0.084375 0.06328125 0.0640625
5 0.97265625 0.08046875 0.02265625 0.025
5 0.978125 0.10703125 0.02578125 0.03828125
8 0.4203125 0.1484375 0.065625 0.053125
5 0.53984375 0.35078125 0.0234375 0.03046875
5 0.48671875 0.55625 0.02734375 0.0515625
5 0.57734375 0.2015625 0.03984375 0.04765625
5 0.47265625 0.65 0.0375 0.04296875
5 0.43203125 0.68203125 0.02421875 0.046875
5 0.6046875 0.08046875 0.02421875 0.03359375
5 0.37265625 0.3125 0.021875 0.03125
5 0.60234375 0.2515625 0.0203125 0.028125
5 0.66171875 0.38671875 0.01953125 0.0453125
5 0.63046875 0.415625 0.0265625 0.028125
5 0.58828125 0.41171875 0.03125 0.04921875
5 0.31796875 0.05546875 0.02421875 0.04140625