5 0.46171875 0.26484375 0.01484375 0.03828125
5 0.5671875 0.56328125 0.034375 0.053125
5 0.79375 0.5609375 0.02734375 0.04921875
5 0.81015625 0.66484375 0.028125 0.040625
5 0.5421875 0.60078125 0.025 0.05078125
5 0.52109375 0.73125 0.028125 0.03046875
5 0.6015625 0.56328125 0.028125 0.04921875
5 0.48125 0.38203125 0.021875 0.03125
5 0.46640625 0.49296875 0.01328125 0.034375
5 0.475 0.25859375 0.0203125 0.03671875
5 0.41875 0.29609375 0.0421875 0.06171875
5 0.4640625 0.33359375 0.01328125 0.02890625
5 0.49375 0.28203125 0.0125 0.03046875
5 0.45234375 0.33828125 0.01640625 0.03359375
5 0.33203125 0.1484375 0.03046875 0.065625
5 0.5203125 0.33828125 0.01875 0.03671875
8 0.634375 0.31328125 0.06875 0.06328125
5 0.896875 0.25546875 0.015625 0.034375
8 0.37265625 0.12421875 0.0546875 0.128125
5 0.371875 0.14140625 0.021875 0.0359375
5 0.615625 0.3359375 0.0171875 0.03984375
5 0.6578125 0.30703125 0.0296875 0.0265625
5 0.89765625 0.20390625 0.0203125 0.03359375
5 0.90625 0.240625 0.0203125 0.0265625
5 0.584375 0.14375 0.0203125 0.0390625
5 0.440625 0.17578125 0.0171875 0.04296875
5 0.4671875 0.171875 0.0234375 0.03984375
8 0.4671875 0.13984375 0.065625 0.06171875
8 0.6390625 0.09609375 0.0515625 0.10390625
5 0.85234375 0.084375 0.028125 0.053125
5 0.9609375 0.06015625 0.03125 0.059375
5 0.6359375 0.3078125 0.01953125 0.0359375
5 0.90390625 0.084375 0.0328125 0.05390625
5 0.6078125 0.08046875 0.02109375 0.028125
5 0.63671875 0.09375 0.021875 0.03671875
5 0.45859375 0.08828125 0.0171875 0.028125
8 0.6328125 0.02578125 0.028125 0.0515625
5 0.96015625 0.01796875 0.025 0.03515625
5 0.978125 0.0328125 0.02578125 0.03828125
8 0.45625 0.05078125 0.0625 0.0421875
5 0.61796875 0.246875 0.0265625 0.03515625
5 0.5390625 0.50703125 0.02734375 0.0515625
5 0.49765625 0.6125 0.04453125 0.06484375
5 0.4875 0.5515625 0.03046875 0.0625
5 0.63046875 0.1078125 0.01875 0.0515625