5 0.40390625 0.321875 0.01484375 0.03984375
5 0.55859375 0.64375 0.034375 0.053125
5 0.771875 0.5671875 0.03046875 0.05390625
5 0.80625 0.6203125 0.0375 0.0546875
5 0.53203125 0.6609375 0.02265625 0.04609375
5 0.49765625 0.75703125 0.0359375 0.03828125
5 0.5640625 0.49296875 0.0375 0.065625
5 0.44609375 0.51640625 0.0328125 0.06328125
5 0.43828125 0.57109375 0.01953125 0.0359375
5 0.43203125 0.334375 0.021875 0.03671875
5 0.36953125 0.44296875 0.03125 0.04609375
5 0.4375 0.421875 0.01484375 0.03203125
5 0.4890625 0.3359375 0.02734375 0.034375
5 0.42109375 0.4890625 0.028125 0.053125
5 0.51484375 0.45546875 0.025 0.05
8 0.61875 0.371875 0.071875 0.06640625
5 0.84140625 0.3109375 0.01640625 0.0359375
8 0.3359375 0.096875 0.0859375 0.0796875
5 0.85 0.2765625 0.01875 0.03046875
5 0.91484375 0.31484375 0.025 0.03203125
5 0.6796875 0.190625 0.02265625 0.04375
5 0.3875 0.24296875 0.01640625 0.040625
5 0.41953125 0.2515625 0.021875 0.03828125
8 0.41796875 0.22109375 0.06953125 0.065625
8 0.6140625 0.14375 0.04921875 0.09921875
5 0.9 0.0828125 0.02578125 0.0484375
5 0.95703125 0.10078125 0.0328125 0.0515625
5 0.90078125 0.13359375 0.0328125 0.05390625
5 0.5640625 0.13671875 0.0328125 0.065625
5 0.43046875 0.16015625 0.021875 0.0359375
8 0.61953125 0.06328125 0.06640625 0.0671875
5 0.96484375 0.046875 0.02421875 0.0265625
5 0.98046875 0.07734375 0.02890625 0.0421875
8 0.43046875 0.1265625 0.065625 0.053125
5 0.559375 0.328125 0.02421875 0.03203125
5 0.5 0.515625 0.0234375 0.04453125
5 0.5921875 0.15546875 0.034375 0.04140625
5 0.4796875 0.6078125 0.0234375 0.04296875
5 0.46640625 0.67109375 0.03984375 0.06640625
5 0.61640625 0.05859375 0.02578125 0.0359375
5 0.36796875 0.2609375 0.02109375 0.0296875
5 0.61640625 0.19453125 0.02421875 0.03359375
5 0.32890625 0.08828125 0.021875 0.04375
5 0.66484375 0.353125 0.02265625 0.053125
5 0.62109375 0.39921875 0.01953125 0.03125
5 0.59140625 0.3859375 0.0203125 0.03203125