5 0.4109375 0.30859375 0.015625 0.04140625
5 0.55546875 0.62421875 0.03828125 0.05859375
5 0.7859375 0.5734375 0.03046875 0.05390625
5 0.809375 0.6140625 0.034375 0.04921875
5 0.5296875 0.63046875 0.0203125 0.04140625
5 0.50078125 0.7453125 0.0359375 0.03828125
5 0.56640625 0.490625 0.0359375 0.0625
5 0.4484375 0.49140625 0.0296875 0.05703125
5 0.440625 0.559375 0.0203125 0.03828125
5 0.4421875 0.315625 0.02421875 0.040625
5 0.38046875 0.42578125 0.03125 0.04609375
5 0.44296875 0.4 0.01640625 0.03515625
5 0.484375 0.33125 0.03046875 0.0375
5 0.425 0.484375 0.0265625 0.05078125
5 0.515625 0.434375 0.02734375 0.05546875
8 0.6234375 0.365625 0.07578125 0.06953125
5 0.85625 0.2984375 0.01640625 0.0359375
8 0.35078125 0.12265625 0.08125 0.08828125
5 0.59921875 0.36328125 0.0203125 0.0390625
5 0.859375 0.265625 0.01953125 0.03203125
5 0.9171875 0.29375 0.025 0.03203125
5 0.6640625 0.1828125 0.02265625 0.04375
5 0.3953125 0.240625 0.015625 0.0390625
5 0.42578125 0.23203125 0.021875 0.03828125
8 0.42421875 0.20546875 0.06953125 0.065625
8 0.61875 0.13203125 0.04921875 0.09921875
5 0.89140625 0.075 0.02578125 0.0484375
5 0.959375 0.08984375 0.0328125 0.0515625
5 0.90078125 0.12265625 0.0328125 0.05390625
5 0.56796875 0.1265625 0.0328125 0.065625
5 0.43671875 0.14921875 0.0203125 0.03203125
8 0.62421875 0.05546875 0.06015625 0.0609375
5 0.96328125 0.03046875 0.0265625 0.02890625
5 0.98046875 0.065625 0.02890625 0.0421875
8 0.43515625 0.11171875 0.065625 0.053125
5 0.565625 0.31953125 0.0234375 0.03046875
5 0.50859375 0.5078125 0.025 0.046875
5 0.60078125 0.14453125 0.01796875 0.0390625
5 0.48125 0.60390625 0.0234375 0.04296875
5 0.478125 0.6484375 0.0375 0.06328125
5 0.62109375 0.05234375 0.02578125 0.0359375
5 0.36796875 0.24609375 0.02109375 0.0296875
5 0.6203125 0.1765625 0.02578125 0.03515625
5 0.33671875 0.109375 0.021875 0.04375
5 0.66484375 0.34296875 0.0234375 0.05546875
5 0.6234375 0.39375 0.01875 0.04296875