5 0.48515625 0.30859375 0.01484375 0.0375
5 0.5796875 0.56796875 0.034375 0.053125
5 0.98359375 0.6125 0.0296875 0.0359375
5 0.8078125 0.58046875 0.02734375 0.04921875
5 0.784375 0.66875 0.028125 0.040625
5 0.57421875 0.6078125 0.0234375 0.0484375
5 0.5234375 0.73359375 0.0390625 0.0390625
5 0.61640625 0.615625 0.0234375 0.040625
5 0.49375 0.40390625 0.021875 0.03125
5 0.4796875 0.58125 0.02578125 0.0359375
5 0.471875 0.4875 0.01640625 0.0421875
5 0.4765625 0.29140625 0.02109375 0.0390625
5 0.4546875 0.28046875 0.03359375 0.0484375
5 0.4640625 0.34296875 0.015625 0.03203125
5 0.49296875 0.2859375 0.01640625 0.03828125
5 0.45390625 0.34453125 0.021875 0.03359375
5 0.48359375 0.521875 0.02109375 0.0359375
5 0.30390625 0.253125 0.025 0.05390625
5 0.5328125 0.3328125 0.0203125 0.04140625
8 0.63515625 0.30546875 0.059375 0.07421875
5 0.91875 0.26484375 0.01640625 0.0359375
8 0.390625 0.16796875 0.04140625 0.15
5 0.3859375 0.17578125 0.0234375 0.03984375
5 0.615625 0.32890625 0.0171875 0.03984375
5 0.66015625 0.27734375 0.02890625 0.0359375
5 0.9328125 0.196875 0.021875 0.03515625
5 0.90390625 0.23828125 0.021875 0.028125
5 0.54921875 0.1515625 0.01953125 0.0375
5 0.44375 0.1609375 0.015625 0.0390625
5 0.48984375 0.15625 0.02109375 0.0359375
8 0.4890625 0.12890625 0.06875 0.06875
8 0.640625 0.09140625 0.0515625 0.10390625
5 0.6703125 0.12890625 0.0171875 0.04921875
5 0.821875 0.0984375 0.0296875 0.05546875
5 0.95625 0.071875 0.0328125 0.06171875
5 0.63359375 0.303125 0.01953125 0.04140625
5 0.90234375 0.08515625 0.0328125 0.05390625
5 0.62109375 0.07421875 0.021875 0.02890625
5 0.6390625 0.09921875 0.021875 0.03671875
5 0.478125 0.07890625 0.01796875 0.02890625
8 0.6359375 0.02265625 0.02890625 0.04453125
5 0.9453125 0.021875 0.03203125 0.04375
5 0.978125 0.0328125 0.02578125 0.03828125
8 0.4796875 0.04375 0.0625 0.0421875
5 0.603125 0.2546875 0.021875 0.02890625
5 0.53984375 0.51328125 0.03359375 0.046875