5 0.40859375 0.3125 0.015625 0.04140625
5 0.55703125 0.63125 0.03828125 0.05859375
5 0.7796875 0.57265625 0.03046875 0.05390625
5 0.8078125 0.61640625 0.034375 0.04921875
5 0.53046875 0.63828125 0.021875 0.04375
5 0.49765625 0.746875 0.0375 0.040625
5 0.5640625 0.4890625 0.0359375 0.0625
5 0.44765625 0.4953125 0.03125 0.06015625
5 0.43984375 0.5625 0.01953125 0.0359375
5 0.440625 0.32109375 0.02421875 0.040625
5 0.3765625 0.43203125 0.0328125 0.0484375
5 0.43984375 0.41015625 0.015625 0.03359375
5 0.48828125 0.33046875 0.03046875 0.0375
5 0.41796875 0.4703125 0.0265625 0.05078125
5 0.5140625 0.44140625 0.02734375 0.05546875
8 0.621875 0.37109375 0.07578125 0.06953125
5 0.85 0.30234375 0.01640625 0.0359375
8 0.3453125 0.115625 0.08125 0.07578125
5 0.5953125 0.36875 0.0203125 0.0390625
5 0.8578125 0.26875 0.01953125 0.03203125
5 0.915625 0.29921875 0.025 0.03203125
5 0.66875 0.18359375 0.02265625 0.04375
5 0.3921875 0.240625 0.01640625 0.040625
5 0.4234375 0.23828125 0.021875 0.03828125
8 0.421875 0.21015625 0.06953125 0.065625
8 0.61796875 0.13515625 0.04921875 0.09921875
5 0.89296875 0.0765625 0.02578125 0.0484375
5 0.9578125 0.09375 0.0328125 0.0515625
5 0.90078125 0.1265625 0.0328125 0.05390625
5 0.565625 0.13125 0.0328125 0.065625
5 0.434375 0.15390625 0.0203125 0.03203125
8 0.621875 0.05703125 0.06015625 0.0609375
5 0.9625 0.034375 0.0265625 0.02890625
5 0.98046875 0.06875 0.02890625 0.0421875
8 0.43359375 0.11640625 0.065625 0.053125
5 0.56328125 0.321875 0.0234375 0.03046875
5 0.5046875 0.51171875 0.025 0.046875
5 0.5921875 0.15 0.0328125 0.0390625
5 0.4796875 0.60390625 0.025 0.04453125
5 0.4765625 0.65546875 0.03984375 0.06640625
5 0.61953125 0.05390625 0.02578125 0.0359375
5 0.36953125 0.24921875 0.01953125 0.028125
5 0.61953125 0.18203125 0.02421875 0.03359375
5 0.334375 0.10390625 0.021875 0.04375
5 0.66484375 0.34375 0.0234375 0.05546875
5 0.62421875 0.39140625 0.01953125 0.03125