5 0.39609375 0.346875 0.01484375 0.03984375
5 0.5609375 0.665625 0.03828125 0.05859375
5 0.7625 0.54921875 0.03046875 0.05390625
5 0.80234375 0.6359375 0.04140625 0.06015625
5 0.53984375 0.70078125 0.021875 0.04375
5 0.49765625 0.77890625 0.03359375 0.03671875
5 0.55859375 0.47734375 0.0265625 0.05625
5 0.43671875 0.565625 0.0203125 0.04375
5 0.43828125 0.603125 0.01953125 0.0359375
5 0.4171875 0.35546875 0.021875 0.03671875
5 0.36875 0.45625 0.0328125 0.0484375
5 0.4328125 0.453125 0.01328125 0.028125
5 0.48515625 0.34765625 0.025 0.03125
5 0.41796875 0.52890625 0.028125 0.053125
5 0.5125 0.465625 0.025 0.05
8 0.62578125 0.378125 0.053125 0.10859375
5 0.82890625 0.33203125 0.01640625 0.0359375
8 0.328125 0.08359375 0.08984375 0.08359375
5 0.83359375 0.28828125 0.01875 0.03046875
5 0.90546875 0.3265625 0.025 0.03203125
5 0.69921875 0.18984375 0.0234375 0.0453125
5 0.37578125 0.25390625 0.01640625 0.040625
5 0.409375 0.26484375 0.02421875 0.0421875
8 0.41015625 0.234375 0.06953125 0.065625
8 0.5984375 0.1609375 0.053125 0.09921875
5 0.9078125 0.09140625 0.02578125 0.0484375
5 0.9578125 0.11171875 0.0328125 0.0515625
5 0.90078125 0.14453125 0.0328125 0.05390625
5 0.5578125 0.1515625 0.03125 0.06171875
5 0.42578125 0.18359375 0.02421875 0.0390625
8 0.6140625 0.07109375 0.06640625 0.0671875
5 0.9640625 0.06484375 0.021875 0.02421875
5 0.98046875 0.08984375 0.02890625 0.0421875
8 0.425 0.134375 0.065625 0.053125
5 0.553125 0.334375 0.02578125 0.03359375
5 0.48984375 0.53515625 0.02265625 0.04296875
5 0.58515625 0.1734375 0.034375 0.04140625
5 0.478125 0.6265625 0.0234375 0.04296875
5 0.44765625 0.678125 0.02421875 0.0625
5 0.61015625 0.06875 0.02421875 0.03359375
5 0.36875 0.2890625 0.02265625 0.03203125
5 0.61484375 0.21875 0.02265625 0.03046875
5 0.32109375 0.06640625 0.0234375 0.04609375
5 0.66796875 0.36640625 0.02265625 0.053125
5 0.625 0.3921875 0.01796875 0.028125
5 0.58125 0.43046875 0.028125 0.04453125