5 0.47109375 0.27265625 0.01484375 0.03984375
5 0.56796875 0.5640625 0.034375 0.053125
5 0.79453125 0.5640625 0.02734375 0.04921875
5 0.80234375 0.66640625 0.028125 0.040625
5 0.5484375 0.60390625 0.025 0.05078125
5 0.52421875 0.73359375 0.040625 0.04140625
5 0.60625 0.57734375 0.028125 0.04921875
5 0.48359375 0.38515625 0.021875 0.03125
5 0.46875 0.4859375 0.01484375 0.03828125
5 0.475 0.26640625 0.02109375 0.0390625
5 0.425 0.290625 0.03515625 0.05078125
5 0.46484375 0.33359375 0.01328125 0.02890625
5 0.49296875 0.28359375 0.0125 0.03046875
5 0.4515625 0.33671875 0.01640625 0.03359375
5 0.321875 0.178125 0.02890625 0.0625
5 0.525 0.33203125 0.0171875 0.0359375
8 0.63671875 0.309375 0.06875 0.0859375
5 0.90390625 0.26171875 0.015625 0.034375
8 0.37265625 0.13515625 0.0390625 0.1359375
5 0.371875 0.146875 0.021875 0.0359375
5 0.61640625 0.33203125 0.0171875 0.03984375
5 0.6609375 0.2859375 0.03125 0.03984375
5 0.9078125 0.20234375 0.021875 0.03515625
5 0.90703125 0.24375 0.0203125 0.0265625
5 0.5734375 0.1375 0.0203125 0.0390625
5 0.44140625 0.1640625 0.015625 0.0390625
5 0.47421875 0.16796875 0.021875 0.03828125
8 0.471875 0.13359375 0.065625 0.06171875
8 0.64140625 0.096875 0.04921875 0.09921875
5 0.8453125 0.08046875 0.028125 0.053125
5 0.95703125 0.06796875 0.0328125 0.06171875
5 0.6359375 0.30703125 0.0171875 0.0375
5 0.90390625 0.08671875 0.0328125 0.05390625
5 0.61171875 0.084375 0.02109375 0.028125
5 0.63984375 0.0890625 0.021875 0.03671875
5 0.4609375 0.0796875 0.0171875 0.028125
8 0.63515625 0.02734375 0.0296875 0.0546875
5 0.95546875 0.02421875 0.03515625 0.0484375
5 0.978125 0.0328125 0.02578125 0.03828125
8 0.4609375 0.0453125 0.0625 0.0421875
5 0.61484375 0.221875 0.02421875 0.03203125
5 0.540625 0.50703125 0.02734375 0.0515625
5 0.4953125 0.60625 0.04453125 0.06484375
5 0.48671875 0.5453125 0.03046875 0.0625
5 0.634375 0.10390625 0.01796875 0.04609375