5 0.4390625 0.26640625 0.01484375 0.03984375
5 0.55703125 0.58125 0.0296875 0.04609375
5 0.79765625 0.56875 0.02890625 0.0515625
5 0.82421875 0.621875 0.0296875 0.04296875
5 0.53046875 0.5953125 0.01953125 0.0390625
5 0.515625 0.74140625 0.02890625 0.03125
5 0.5828125 0.525 0.0296875 0.0515625
5 0.46015625 0.42890625 0.025 0.046875
5 0.453125 0.5234375 0.01953125 0.0359375
5 0.45234375 0.27109375 0.021875 0.03671875
5 0.39453125 0.3703125 0.03203125 0.05703125
5 0.45390625 0.36796875 0.01484375 0.03203125
5 0.49375 0.3015625 0.01171875 0.02890625
5 0.4453125 0.3984375 0.02421875 0.0703125
5 0.3546875 0.13046875 0.02265625 0.040625
5 0.52109375 0.3859375 0.0234375 0.04765625
8 0.63515625 0.33046875 0.065625 0.06015625
5 0.87578125 0.2609375 0.015625 0.034375
8 0.365625 0.13046875 0.05 0.128125
5 0.61875 0.3375 0.01484375 0.034375
5 0.65390625 0.3234375 0.0296875 0.0265625
5 0.8734375 0.22734375 0.01953125 0.03203125
5 0.9140625 0.259375 0.025 0.03203125
5 0.63046875 0.16171875 0.02265625 0.04375
5 0.4203125 0.20859375 0.01484375 0.03671875
5 0.44140625 0.2046875 0.02578125 0.04375
8 0.440625 0.175 0.065625 0.06171875
8 0.62578125 0.0796875 0.0515625 0.10390625
5 0.88125 0.0765625 0.02734375 0.05078125
5 0.9609375 0.06796875 0.0328125 0.0515625
5 0.634375 0.33125 0.01953125 0.0484375
5 0.90234375 0.1 0.0328125 0.05390625
5 0.59375 0.09609375 0.03125 0.06171875
5 0.44609375 0.109375 0.0171875 0.028125
8 0.63671875 0.0375 0.05703125 0.0578125
5 0.95859375 0.0203125 0.02734375 0.02421875
5 0.984375 0.04140625 0.02890625 0.0421875
8 0.44375 0.07890625 0.0625 0.05078125
5 0.58828125 0.296875 0.02421875 0.03203125
5 0.525 0.503125 0.02421875 0.04453125
5 0.6109375 0.109375 0.01796875 0.0390625
5 0.49140625 0.57578125 0.02109375 0.03828125
5 0.50078125 0.62109375 0.03125 0.0515625
5 0.62890625 0.0359375 0.02578125 0.0359375
5 0.375 0.2015625 0.01796875 0.02578125
5 0.6453125 0.10703125 0.02421875 0.03359375