5 0.39609375 0.35859375 0.01484375 0.03984375
5 0.565625 0.6734375 0.03828125 0.05859375
5 0.7578125 0.54375 0.03046875 0.05390625
5 0.80234375 0.640625 0.04140625 0.06015625
5 0.54296875 0.71640625 0.021875 0.04375
5 0.50390625 0.7765625 0.03359375 0.03671875
5 0.55546875 0.48046875 0.025 0.053125
5 0.43203125 0.58359375 0.01796875 0.03984375
5 0.4375 0.61875 0.0203125 0.03828125
5 0.4078125 0.3703125 0.02265625 0.0390625
5 0.35625 0.47421875 0.0328125 0.0484375
5 0.43046875 0.46796875 0.0125 0.0265625
5 0.47890625 0.35859375 0.02734375 0.034375
5 0.4171875 0.534375 0.01796875 0.040625
5 0.5125 0.46171875 0.02109375 0.04296875
8 0.62890625 0.38515625 0.03984375 0.11875
5 0.8234375 0.3390625 0.015625 0.034375
8 0.3265625 0.07578125 0.08984375 0.08359375
5 0.8265625 0.29296875 0.01875 0.03046875
5 0.903125 0.3375 0.025 0.03203125
5 0.70703125 0.18828125 0.0234375 0.0453125
5 0.36953125 0.26015625 0.01640625 0.040625
5 0.40546875 0.26875 0.02421875 0.0421875
8 0.40546875 0.240625 0.06953125 0.065625
8 0.59453125 0.16953125 0.053125 0.09921875
5 0.91171875 0.08984375 0.02578125 0.0484375
5 0.953125 0.1125 0.03125 0.04921875
5 0.89921875 0.1515625 0.0328125 0.05390625
5 0.55390625 0.15625 0.0296875 0.059375
5 0.42421875 0.19296875 0.0234375 0.03671875
8 0.61171875 0.07734375 0.06328125 0.0640625
5 0.96875 0.071875 0.02265625 0.025
5 0.97734375 0.09609375 0.02890625 0.0421875
8 0.42265625 0.13984375 0.065625 0.053125
5 0.54609375 0.34140625 0.02421875 0.03203125
5 0.4890625 0.54453125 0.025 0.046875
5 0.58203125 0.18125 0.0359375 0.04375
5 0.47734375 0.63828125 0.0234375 0.04296875
5 0.44609375 0.68203125 0.02578125 0.04921875
5 0.60703125 0.07421875 0.02421875 0.03359375
5 0.36953125 0.29453125 0.02265625 0.03203125
5 0.6109375 0.2328125 0.0203125 0.028125
5 0.6671875 0.37421875 0.0203125 0.04765625
5 0.628125 0.4015625 0.01796875 0.028125
5 0.57890625 0.43125 0.0296875 0.046875
5 0.32109375 0.05703125 0.02109375 0.0359375