5 0.50390625 0.36953125 0.0171875 0.04375
5 0.6078125 0.56171875 0.03671875 0.05625
5 0.96171875 0.58359375 0.0265625 0.0328125
5 0.9765625 0.59296875 0.0234375 0.05625
5 0.81640625 0.61171875 0.02890625 0.0515625
5 0.7609375 0.6671875 0.0265625 0.0390625
5 0.59296875 0.653125 0.025 0.05078125
5 0.53671875 0.74921875 0.01953125 0.0453125
5 0.625 0.63203125 0.02421875 0.0421875
5 0.5109375 0.4359375 0.0265625 0.03828125
5 0.49765625 0.58828125 0.02734375 0.03828125
5 0.4796875 0.53203125 0.02421875 0.040625
5 0.478125 0.38671875 0.02265625 0.04140625
5 0.47265625 0.309375 0.03203125 0.04609375
5 0.45703125 0.39140625 0.01796875 0.03671875
5 0.49765625 0.3609375 0.01640625 0.03828125
5 0.45234375 0.3640625 0.021875 0.03359375
5 0.56015625 0.5140625 0.04140625 0.071875
5 0.49921875 0.53125 0.02265625 0.0375
5 0.26484375 0.30546875 0.02578125 0.05625
5 0.54921875 0.3359375 0.02265625 0.0453125
8 0.62734375 0.29296875 0.059375 0.07421875
5 0.6125 0.28671875 0.0203125 0.03359375
5 0.94296875 0.246875 0.02421875 0.0390625
8 0.46484375 0.2640625 0.06796875 0.07890625
5 0.46484375 0.26328125 0.02578125 0.04375
5 0.61484375 0.33359375 0.01796875 0.059375
5 0.65546875 0.26640625 0.0328125 0.05625
5 0.959375 0.19609375 0.0203125 0.03359375
5 0.9328125 0.23203125 0.0265625 0.034375
5 0.55703125 0.17578125 0.0203125 0.0390625
5 0.4640625 0.1609375 0.0171875 0.04296875
5 0.5296875 0.1421875 0.02109375 0.0359375
8 0.52421875 0.115625 0.065625 0.065625
8 0.64453125 0.09609375 0.04921875 0.09921875
5 0.68984375 0.1421875 0.03671875 0.05703125
5 0.778125 0.11640625 0.02734375 0.05078125
5 0.940625 0.10625 0.02890625 0.05390625
5 0.6296875 0.2859375 0.0203125 0.04375
5 0.903125 0.084375 0.0328125 0.05390625
5 0.61875 0.0671875 0.0234375 0.03046875
5 0.6390625 0.10546875 0.021875 0.03671875
5 0.50703125 0.0765625 0.0140625 0.0359375
8 0.63125 0.0296875 0.025 0.0484375
5 0.946875 0.0265625 0.02890625 0.040625
5 0.96875 0.01796875 0.025 0.0359375
8 0.5109375 0.01875 0.059375 0.0375