5 0.503125 0.3484375 0.01640625 0.04140625
5 0.59140625 0.56875 0.034375 0.053125
5 0.97265625 0.5953125 0.028125 0.034375
5 0.98828125 0.60546875 0.0234375 0.05625
5 0.81796875 0.59453125 0.0296875 0.05390625
5 0.77734375 0.6640625 0.028125 0.040625
5 0.59140625 0.62578125 0.025 0.05078125
5 0.5265625 0.74765625 0.01875 0.04296875
5 0.6234375 0.62734375 0.0234375 0.040625
5 0.5046875 0.415625 0.02265625 0.0328125
5 0.4890625 0.5734375 0.02734375 0.03828125
5 0.47734375 0.50078125 0.025 0.0421875
5 0.47578125 0.34296875 0.0203125 0.03671875
5 0.46953125 0.28828125 0.03203125 0.04609375
5 0.46015625 0.3640625 0.01640625 0.03359375
5 0.49609375 0.33203125 0.01640625 0.03828125
5 0.453125 0.3453125 0.021875 0.03359375
5 0.55546875 0.509375 0.04140625 0.071875
5 0.49453125 0.51328125 0.02109375 0.0359375
5 0.28125 0.3109375 0.02265625 0.0484375
5 0.53671875 0.3359375 0.0203125 0.04140625
8 0.6265625 0.29609375 0.065625 0.08125
5 0.934375 0.253125 0.01640625 0.0359375
8 0.43515625 0.22734375 0.06796875 0.08203125
5 0.4359375 0.23359375 0.02578125 0.04375
5 0.61328125 0.32421875 0.0171875 0.03984375
5 0.65703125 0.26640625 0.02890625 0.0359375
5 0.9484375 0.19140625 0.0203125 0.03359375
5 0.921875 0.2328125 0.021875 0.028125
5 0.55546875 0.1703125 0.0203125 0.0390625
5 0.453125 0.1640625 0.01875 0.04453125
5 0.50859375 0.146875 0.02109375 0.0359375
8 0.50546875 0.11953125 0.065625 0.065625
8 0.64375 0.0921875 0.04921875 0.09921875
5 0.6984375 0.13359375 0.03984375 0.0625
5 0.79609375 0.1140625 0.02734375 0.05078125
5 0.9453125 0.08359375 0.03125 0.059375
5 0.63203125 0.29453125 0.02265625 0.0484375
5 0.90390625 0.08046875 0.0328125 0.05390625
5 0.61484375 0.059375 0.02421875 0.03203125
5 0.63828125 0.0984375 0.021875 0.03671875
5 0.49609375 0.084375 0.0140625 0.0359375
8 0.634375 0.0234375 0.02890625 0.046875
5 0.94765625 0.02421875 0.03203125 0.04453125
5 0.975 0.02421875 0.0234375 0.034375
8 0.49921875 0.03203125 0.06015625 0.040625
5 0.60234375 0.284375 0.02578125 0.03359375