5 0.50546875 0.35078125 0.01640625 0.04140625
5 0.59453125 0.56796875 0.03671875 0.05625
5 0.97265625 0.59296875 0.028125 0.034375
5 0.98828125 0.60078125 0.0234375 0.05625
5 0.81875 0.5984375 0.0296875 0.05390625
5 0.77578125 0.66484375 0.028125 0.040625
5 0.5921875 0.63125 0.025 0.05078125
5 0.52734375 0.746875 0.01875 0.04296875
5 0.621875 0.63203125 0.0234375 0.040625
5 0.5046875 0.41796875 0.02265625 0.0328125
5 0.4890625 0.58125 0.02578125 0.0359375
5 0.47734375 0.503125 0.025 0.0421875
5 0.47578125 0.3484375 0.0203125 0.03671875
5 0.471875 0.29140625 0.03046875 0.04375
5 0.459375 0.36953125 0.01640625 0.03359375
5 0.496875 0.33828125 0.0171875 0.040625
5 0.45234375 0.34609375 0.021875 0.03359375
5 0.55625 0.509375 0.04140625 0.071875
5 0.49453125 0.515625 0.02109375 0.0359375
5 0.2796875 0.309375 0.0234375 0.0515625
5 0.53828125 0.33359375 0.0203125 0.04140625
8 0.628125 0.29296875 0.065625 0.08125
5 0.93515625 0.24921875 0.01640625 0.0359375
8 0.43828125 0.2359375 0.06796875 0.08203125
5 0.4484375 0.24609375 0.02578125 0.04375
5 0.61328125 0.3234375 0.0171875 0.03984375
5 0.65625 0.26328125 0.02734375 0.034375
5 0.94921875 0.1890625 0.0203125 0.03359375
5 0.92578125 0.23046875 0.021875 0.028125
5 0.55625 0.171875 0.0203125 0.0390625
5 0.45546875 0.1640625 0.0171875 0.04296875
5 0.5125 0.146875 0.02109375 0.0359375
8 0.509375 0.1203125 0.065625 0.065625
8 0.6421875 0.09765625 0.04921875 0.09921875
5 0.7 0.13515625 0.03828125 0.059375
5 0.79453125 0.1125 0.02734375 0.05078125
5 0.94296875 0.0859375 0.0296875 0.05625
5 0.6328125 0.28828125 0.02265625 0.0484375
5 0.90390625 0.08125 0.0328125 0.05390625
5 0.6140625 0.05859375 0.02421875 0.03203125
5 0.63828125 0.10078125 0.021875 0.03671875
5 0.496875 0.0875 0.01328125 0.03359375
8 0.634375 0.02421875 0.02890625 0.04765625
5 0.94609375 0.025 0.03203125 0.04453125
5 0.9734375 0.02578125 0.025 0.03671875
8 0.50234375 0.0296875 0.06015625 0.040625
5 0.60625 0.28359375 0.02421875 0.03203125