5 0.41796875 0.29765625 0.01484375 0.03984375
5 0.55703125 0.6140625 0.034375 0.053125
5 0.78671875 0.5703125 0.03046875 0.05390625
5 0.8109375 0.60859375 0.0328125 0.046875
5 0.52890625 0.621875 0.0203125 0.04140625
5 0.503125 0.7453125 0.0359375 0.03828125
5 0.57265625 0.5 0.0328125 0.05625
5 0.45078125 0.46796875 0.03125 0.06015625
5 0.4421875 0.5546875 0.0203125 0.03828125
5 0.44765625 0.30703125 0.025 0.04296875
5 0.390625 0.40546875 0.0375 0.06640625
5 0.4453125 0.38984375 0.015625 0.03359375
5 0.4890625 0.328125 0.03046875 0.0375
5 0.4234375 0.45 0.02578125 0.0484375
5 0.5171875 0.41171875 0.025 0.05
8 0.6265625 0.3609375 0.06875 0.06328125
5 0.86171875 0.290625 0.01640625 0.0359375
8 0.35546875 0.12109375 0.07734375 0.084375
5 0.60078125 0.353125 0.01953125 0.0375
5 0.8640625 0.25703125 0.01953125 0.03203125
5 0.92265625 0.28828125 0.025 0.03203125
5 0.65625 0.18203125 0.02265625 0.04375
5 0.4 0.2296875 0.01484375 0.03671875
5 0.43125 0.2265625 0.021875 0.03828125
8 0.42890625 0.1984375 0.06953125 0.065625
8 0.621875 0.12421875 0.05390625 0.109375
5 0.89140625 0.071875 0.02734375 0.05078125
5 0.95859375 0.0875 0.0328125 0.0515625
5 0.9015625 0.11796875 0.0328125 0.05390625
5 0.56875 0.121875 0.0328125 0.065625
5 0.4390625 0.13984375 0.01953125 0.03046875
8 0.62734375 0.05078125 0.06015625 0.0609375
5 0.9625 0.0234375 0.0265625 0.02890625
5 0.98203125 0.059375 0.02890625 0.0421875
8 0.43828125 0.10234375 0.06015625 0.0484375
5 0.571875 0.3140625 0.021875 0.02890625
5 0.51875 0.50625 0.02421875 0.04453125
5 0.60234375 0.13671875 0.01796875 0.0390625
5 0.48515625 0.596875 0.025 0.04453125
5 0.48125 0.6328125 0.0359375 0.06015625
5 0.6234375 0.0484375 0.02734375 0.0375
5 0.36796875 0.2390625 0.02109375 0.0296875
5 0.6296875 0.1546875 0.02734375 0.03671875
5 0.3390625 0.11328125 0.02109375 0.04140625
5 0.6640625 0.3359375 0.02265625 0.053125
5 0.62734375 0.38828125 0.01875 0.04296875