5 0.453125 0.259375 0.01484375 0.03828125
5 0.56640625 0.56328125 0.0328125 0.05078125
5 0.79296875 0.55703125 0.02890625 0.0515625
5 0.81640625 0.65078125 0.0296875 0.04296875
5 0.53515625 0.59609375 0.025 0.05078125
5 0.52109375 0.7328125 0.028125 0.03046875
5 0.59921875 0.54453125 0.0296875 0.0515625
5 0.471875 0.3859375 0.021875 0.03125
5 0.46328125 0.49921875 0.0125 0.0328125
5 0.48671875 0.26953125 0.01953125 0.0359375
5 0.40625 0.32265625 0.025 0.04453125
5 0.46171875 0.33359375 0.0140625 0.03046875
5 0.49296875 0.28671875 0.01171875 0.02890625
5 0.453125 0.340625 0.0171875 0.0359375
5 0.35234375 0.134375 0.03203125 0.03671875
5 0.521875 0.34140625 0.01875 0.03671875
8 0.6328125 0.31484375 0.06875 0.06328125
5 0.8921875 0.2484375 0.015625 0.034375
8 0.371875 0.12421875 0.05 0.128125
5 0.3796875 0.15234375 0.021875 0.0359375
5 0.615625 0.33125 0.01640625 0.03828125
5 0.65390625 0.31328125 0.028125 0.025
5 0.8875 0.20546875 0.01875 0.03046875
5 0.90390625 0.2359375 0.02265625 0.0296875
5 0.59921875 0.14609375 0.021875 0.04140625
5 0.43828125 0.18046875 0.01640625 0.040625
5 0.459375 0.18125 0.02421875 0.0421875
8 0.45625 0.15 0.065625 0.06171875
8 0.63515625 0.090625 0.04921875 0.09921875
5 0.86015625 0.078125 0.02734375 0.05078125
5 0.9609375 0.053125 0.0328125 0.06171875
5 0.63515625 0.309375 0.01953125 0.0359375
5 0.903125 0.084375 0.0328125 0.05390625
5 0.59375 0.08359375 0.02578125 0.05078125
5 0.63671875 0.08125 0.0203125 0.03515625
5 0.4546875 0.090625 0.01796875 0.02890625
8 0.63203125 0.028125 0.0421875 0.053125
5 0.9640625 0.01796875 0.025 0.03515625
5 0.978125 0.03125 0.02578125 0.03828125
8 0.4515625 0.05703125 0.0625 0.0421875
5 0.6171875 0.2875 0.02578125 0.03359375
5 0.53828125 0.49921875 0.025 0.046875
5 0.6203125 0.11171875 0.01875 0.04140625
5 0.48671875 0.5578125 0.028125 0.059375
5 0.49765625 0.61953125 0.0375 0.071875