5 0.40078125 0.32421875 0.01640625 0.04375
5 0.5578125 0.64921875 0.0328125 0.05078125
5 0.76953125 0.56328125 0.03046875 0.05390625
5 0.8046875 0.62578125 0.03984375 0.05703125
5 0.534375 0.66953125 0.02265625 0.04609375
5 0.49765625 0.7625 0.0359375 0.03828125
5 0.5625 0.49296875 0.0375 0.065625
5 0.44609375 0.5234375 0.0328125 0.06328125
5 0.43984375 0.58125 0.01953125 0.0359375
5 0.43046875 0.3390625 0.021875 0.03671875
5 0.36875 0.44453125 0.0328125 0.0484375
5 0.434375 0.43046875 0.0140625 0.03046875
5 0.490625 0.33828125 0.02734375 0.034375
5 0.4203125 0.49765625 0.028125 0.053125
5 0.51484375 0.459375 0.02578125 0.05234375
8 0.621875 0.371875 0.071875 0.06640625
5 0.8375 0.31328125 0.01640625 0.0359375
8 0.33515625 0.09296875 0.08125 0.07578125
5 0.846875 0.27734375 0.01875 0.03046875
5 0.91328125 0.31796875 0.025 0.03203125
5 0.68515625 0.19140625 0.02265625 0.04375
5 0.38359375 0.24765625 0.01640625 0.040625
5 0.4171875 0.25625 0.02421875 0.0421875
8 0.41640625 0.22421875 0.06953125 0.065625
8 0.6046875 0.1484375 0.053125 0.09921875
5 0.9015625 0.08359375 0.02578125 0.0484375
5 0.95703125 0.1046875 0.0328125 0.0515625
5 0.90078125 0.1359375 0.0328125 0.05390625
5 0.56328125 0.13671875 0.0328125 0.065625
5 0.4296875 0.1640625 0.0234375 0.03671875
8 0.61796875 0.065625 0.06640625 0.0671875
5 0.965625 0.05390625 0.02265625 0.025
5 0.98203125 0.08046875 0.02890625 0.0421875
8 0.4296875 0.1296875 0.065625 0.053125
5 0.55703125 0.33125 0.02578125 0.03359375
5 0.4953125 0.51796875 0.0234375 0.04453125
5 0.590625 0.1578125 0.0328125 0.0390625
5 0.48046875 0.61171875 0.0234375 0.04296875
5 0.4640625 0.67421875 0.04375 0.0734375
5 0.61484375 0.06171875 0.02578125 0.0359375
5 0.36484375 0.2703125 0.02109375 0.0296875
5 0.61640625 0.19765625 0.0234375 0.03203125
5 0.32421875 0.078125 0.0234375 0.04609375
5 0.665625 0.3546875 0.02265625 0.053125
5 0.61875 0.4015625 0.01953125 0.03125
5 0.58671875 0.4125 0.0234375 0.0375