5 0.459375 0.26328125 0.01484375 0.03828125
5 0.56796875 0.56328125 0.034375 0.053125
5 0.79375 0.5609375 0.02734375 0.04921875
5 0.8109375 0.66171875 0.0296875 0.04296875
5 0.540625 0.59765625 0.025 0.05078125
5 0.5203125 0.73203125 0.028125 0.03046875
5 0.59921875 0.559375 0.028125 0.04921875
5 0.47890625 0.38203125 0.021875 0.03125
5 0.465625 0.49453125 0.0125 0.0328125
5 0.47734375 0.25703125 0.0203125 0.03671875
5 0.40859375 0.30625 0.0265625 0.046875
5 0.4640625 0.33359375 0.01328125 0.02890625
5 0.49296875 0.2828125 0.0125 0.03046875
5 0.45234375 0.33828125 0.01640625 0.03359375
5 0.33671875 0.14453125 0.03046875 0.065625
5 0.51953125 0.3390625 0.01875 0.03671875
8 0.63515625 0.3125 0.06875 0.06328125
5 0.8953125 0.25546875 0.015625 0.034375
8 0.371875 0.13125 0.0546875 0.1109375
5 0.371875 0.14140625 0.021875 0.0359375
5 0.615625 0.334375 0.0171875 0.03984375
5 0.6578125 0.30703125 0.0296875 0.0265625
5 0.8953125 0.203125 0.01953125 0.03203125
5 0.90625 0.23984375 0.021875 0.028125
5 0.58671875 0.14140625 0.0203125 0.0390625
5 0.44140625 0.17578125 0.01640625 0.040625
5 0.46640625 0.17265625 0.0234375 0.03984375
8 0.465625 0.140625 0.065625 0.06171875
8 0.63828125 0.09609375 0.0515625 0.10390625
5 0.85390625 0.084375 0.02734375 0.05078125
5 0.9609375 0.059375 0.03125 0.059375
5 0.6359375 0.309375 0.01953125 0.0359375
5 0.903125 0.08515625 0.0328125 0.05390625
5 0.60546875 0.07890625 0.02109375 0.028125
5 0.6359375 0.09453125 0.0203125 0.03515625
5 0.45703125 0.08828125 0.0171875 0.028125
8 0.634375 0.0265625 0.03203125 0.053125
5 0.96171875 0.01796875 0.025 0.03515625
5 0.978125 0.0328125 0.02578125 0.03828125
8 0.45546875 0.0515625 0.0625 0.0421875
5 0.6171875 0.2546875 0.0265625 0.03515625
5 0.53828125 0.5109375 0.0265625 0.04921875
5 0.49921875 0.6125 0.04609375 0.06796875
5 0.48671875 0.55234375 0.02890625 0.059375
5 0.62890625 0.10703125 0.01875 0.04140625