5 0.44375 0.25234375 0.01484375 0.03984375
5 0.5578125 0.571875 0.03125 0.0484375
5 0.8 0.55234375 0.02734375 0.04921875
5 0.821875 0.628125 0.0296875 0.04296875
5 0.5328125 0.5921875 0.02265625 0.04609375
5 0.51875 0.7375 0.028125 0.03046875
5 0.5921875 0.5359375 0.0296875 0.0515625
5 0.46875 0.415625 0.025 0.046875
5 0.4546875 0.50703125 0.01796875 0.0328125
5 0.4640625 0.2609375 0.021875 0.03671875
5 0.39921875 0.34921875 0.0265625 0.046875
5 0.45859375 0.35390625 0.01328125 0.02890625
5 0.49609375 0.28828125 0.01171875 0.02890625
5 0.43828125 0.37109375 0.0234375 0.0671875
5 0.36328125 0.13828125 0.02265625 0.040625
5 0.52734375 0.3640625 0.01953125 0.0390625
8 0.6328125 0.321875 0.06875 0.06328125
5 0.88203125 0.25078125 0.015625 0.034375
8 0.37421875 0.12890625 0.05 0.128125
5 0.61484375 0.3328125 0.01640625 0.03828125
5 0.65390625 0.3140625 0.0296875 0.0265625
5 0.8765625 0.21171875 0.01875 0.03046875
5 0.90703125 0.24375 0.02265625 0.0296875
5 0.61796875 0.1546875 0.02265625 0.04375
5 0.425 0.1890625 0.015625 0.0390625
5 0.44921875 0.1890625 0.02578125 0.04375
8 0.4484375 0.15703125 0.065625 0.06171875
8 0.6328125 0.0796875 0.04921875 0.09921875
5 0.87421875 0.07890625 0.02734375 0.05078125
5 0.95859375 0.06015625 0.0328125 0.0515625
5 0.63828125 0.31796875 0.01953125 0.0484375
5 0.90234375 0.090625 0.0328125 0.05390625
5 0.58515625 0.096875 0.0296875 0.05859375
5 0.45390625 0.1 0.0171875 0.028125
8 0.63515625 0.025 0.046875 0.04765625
5 0.96640625 0.0125 0.02734375 0.02421875
5 0.9828125 0.03046875 0.02578125 0.03828125
8 0.44765625 0.06875 0.0625 0.0421875
5 0.6015625 0.29375 0.0234375 0.03046875
5 0.53671875 0.49921875 0.02421875 0.04453125
5 0.61640625 0.1078125 0.01796875 0.0390625
5 0.4921875 0.5640625 0.02109375 0.03828125
5 0.50703125 0.61640625 0.03125 0.0515625
5 0.6328125 0.0234375 0.02578125 0.0359375
5 0.38046875 0.175 0.01796875 0.02578125
5 0.64296875 0.09140625 0.0125 0.03203125