5 0.4828125 0.3046875 0.01484375 0.0375
5 0.5796875 0.56640625 0.034375 0.053125
5 0.984375 0.61328125 0.0296875 0.0359375
5 0.80703125 0.5796875 0.02734375 0.04921875
5 0.78671875 0.66953125 0.028125 0.040625
5 0.57265625 0.60703125 0.025 0.05078125
5 0.52265625 0.73203125 0.0390625 0.0390625
5 0.61640625 0.6140625 0.0234375 0.040625
5 0.49296875 0.40234375 0.021875 0.03125
5 0.4828125 0.5859375 0.02578125 0.0359375
5 0.47109375 0.4859375 0.01640625 0.0421875
5 0.47734375 0.2890625 0.02109375 0.0390625
5 0.45234375 0.28203125 0.03359375 0.0484375
5 0.46484375 0.3421875 0.01640625 0.03359375
5 0.49296875 0.284375 0.015625 0.03671875
5 0.453125 0.34375 0.021875 0.03359375
5 0.4828125 0.52421875 0.02109375 0.0359375
5 0.30546875 0.24453125 0.025 0.05390625
5 0.53125 0.334375 0.0203125 0.04140625
8 0.63515625 0.30625 0.059375 0.07421875
5 0.91796875 0.26484375 0.01640625 0.0359375
8 0.3890625 0.165625 0.04296875 0.15703125
5 0.384375 0.1734375 0.0234375 0.03984375
5 0.61484375 0.33046875 0.0171875 0.03984375
5 0.66015625 0.278125 0.02890625 0.0359375
5 0.93125 0.196875 0.02265625 0.03671875
5 0.9046875 0.2390625 0.021875 0.028125
5 0.55 0.14921875 0.01953125 0.0375
5 0.44453125 0.1609375 0.015625 0.0390625
5 0.4890625 0.15625 0.02109375 0.0359375
8 0.4875 0.12890625 0.06875 0.06875
8 0.640625 0.09375 0.0515625 0.10390625
5 0.6703125 0.128125 0.0171875 0.04921875
5 0.82265625 0.0984375 0.0296875 0.05546875
5 0.95546875 0.07109375 0.0328125 0.06171875
5 0.63359375 0.30390625 0.01875 0.0390625
5 0.90234375 0.084375 0.0328125 0.05390625
5 0.6203125 0.07578125 0.021875 0.02890625
5 0.6390625 0.09921875 0.021875 0.03671875
5 0.47734375 0.08046875 0.0171875 0.028125
8 0.6359375 0.02265625 0.02890625 0.04453125
5 0.946875 0.021875 0.03203125 0.04375
5 0.978125 0.03203125 0.02578125 0.03828125
8 0.478125 0.04375 0.0625 0.0421875
5 0.60390625 0.24921875 0.0234375 0.03046875
5 0.53984375 0.5125 0.03359375 0.046875