5 0.4046875 0.36328125 0.0140625 0.03828125
5 0.565625 0.68046875 0.04375 0.0625
5 0.75078125 0.53359375 0.03203125 0.05703125
5 0.79921875 0.646875 0.04375 0.06328125
5 0.54765625 0.7234375 0.021875 0.04375
5 0.5 0.78046875 0.03046875 0.03359375
5 0.55390625 0.46796875 0.025 0.053125
5 0.428125 0.6015625 0.01796875 0.03984375
5 0.4359375 0.6328125 0.01875 0.034375
5 0.40625 0.3890625 0.025 0.04296875
5 0.34140625 0.50859375 0.03984375 0.071875
5 0.428125 0.484375 0.01171875 0.025
5 0.478125 0.35859375 0.02734375 0.034375
5 0.3953125 0.55859375 0.0234375 0.05390625
5 0.50390625 0.46796875 0.02265625 0.0453125
8 0.6328125 0.390625 0.03828125 0.11328125
5 0.81328125 0.34375 0.01640625 0.0359375
8 0.325 0.071875 0.09453125 0.08828125
5 0.8203125 0.29921875 0.01875 0.03046875
5 0.89921875 0.346875 0.025 0.03203125
5 0.71484375 0.1859375 0.0234375 0.0453125
5 0.36796875 0.26328125 0.0171875 0.04296875
5 0.40078125 0.27109375 0.02421875 0.0421875
8 0.40078125 0.24453125 0.06953125 0.065625
8 0.5875 0.18203125 0.05625 0.10390625
5 0.9140625 0.08515625 0.02578125 0.0484375
5 0.94921875 0.10859375 0.0296875 0.046875
5 0.8984375 0.15703125 0.0328125 0.05390625
5 0.5515625 0.16328125 0.03125 0.06171875
5 0.425 0.20078125 0.02109375 0.03359375
8 0.609375 0.0828125 0.06328125 0.0640625
5 0.971875 0.0765625 0.02421875 0.0265625
5 0.978125 0.10390625 0.02578125 0.03828125
8 0.42109375 0.1453125 0.065625 0.053125
5 0.54296875 0.346875 0.0234375 0.03046875
5 0.4890625 0.55078125 0.02734375 0.0515625
5 0.57890625 0.196875 0.03984375 0.04765625
5 0.47578125 0.64609375 0.0375 0.04296875
5 0.43671875 0.684375 0.02421875 0.046875
5 0.6046875 0.078125 0.02421875 0.03359375
5 0.37109375 0.303125 0.02109375 0.0296875
5 0.60546875 0.246875 0.0203125 0.028125
5 0.6625 0.384375 0.01953125 0.0453125
5 0.6296875 0.41015625 0.0265625 0.028125
5 0.57890625 0.42890625 0.0328125 0.0515625
5 0.31796875 0.05546875 0.0234375 0.0390625