5 0.47578125 0.28671875 0.0140625 0.0359375
5 0.5703125 0.565625 0.034375 0.053125
5 0.80234375 0.56875 0.02734375 0.04921875
5 0.7953125 0.665625 0.028125 0.040625
5 0.55546875 0.60546875 0.025 0.05078125
5 0.52421875 0.73203125 0.0390625 0.0390625
5 0.609375 0.59375 0.02421875 0.0421875
5 0.484375 0.39296875 0.021875 0.03125
5 0.49296875 0.59453125 0.0421875 0.07421875
5 0.4703125 0.4859375 0.01484375 0.03828125
5 0.478125 0.2734375 0.02109375 0.0390625
5 0.4328125 0.29140625 0.03515625 0.05078125
5 0.46328125 0.3359375 0.0140625 0.03046875
5 0.49296875 0.2765625 0.0125 0.03046875
5 0.45546875 0.3375 0.021875 0.03359375
5 0.4859375 0.54296875 0.02265625 0.059375
5 0.31484375 0.196875 0.02734375 0.059375
5 0.5265625 0.33203125 0.0171875 0.0359375
8 0.63671875 0.30859375 0.0625 0.078125
5 0.90859375 0.26171875 0.01640625 0.0359375
8 0.37578125 0.1390625 0.04140625 0.14296875
5 0.375 0.1515625 0.021875 0.0359375
5 0.615625 0.33203125 0.0171875 0.03984375
5 0.6609375 0.2828125 0.03125 0.03984375
5 0.91484375 0.196875 0.0203125 0.03359375
5 0.90703125 0.24296875 0.021875 0.028125
5 0.56484375 0.13828125 0.0203125 0.0390625
5 0.4421875 0.16171875 0.015625 0.0390625
5 0.47890625 0.1609375 0.02109375 0.0359375
8 0.47578125 0.1328125 0.065625 0.06171875
8 0.63984375 0.09609375 0.04921875 0.09921875
5 0.653125 0.11328125 0.015625 0.04453125
5 0.83828125 0.08984375 0.0296875 0.05546875
5 0.95859375 0.0703125 0.0328125 0.06171875
5 0.6359375 0.3046875 0.0171875 0.0375
5 0.90390625 0.08515625 0.0328125 0.05390625
5 0.6140625 0.08828125 0.021875 0.02890625
5 0.63828125 0.09609375 0.021875 0.03671875
5 0.46484375 0.0796875 0.0171875 0.028125
8 0.63671875 0.02421875 0.02890625 0.04765625
5 0.9515625 0.02578125 0.03671875 0.05078125
5 0.978125 0.03125 0.02578125 0.03828125
8 0.465625 0.04375 0.0625 0.0421875
5 0.6109375 0.2046875 0.02421875 0.03203125
5 0.54140625 0.50546875 0.02734375 0.0515625