5 0.48203125 0.29296875 0.0140625 0.0359375
5 0.575 0.565625 0.034375 0.053125
5 0.984375 0.61328125 0.0296875 0.0359375
5 0.80625 0.57578125 0.02734375 0.04921875
5 0.790625 0.671875 0.028125 0.040625
5 0.56640625 0.60625 0.025 0.05078125
5 0.52421875 0.73203125 0.0390625 0.0390625
5 0.61484375 0.60546875 0.0234375 0.040625
5 0.48984375 0.3984375 0.021875 0.03125
5 0.4890625 0.58359375 0.03359375 0.0671875
5 0.46953125 0.48671875 0.01640625 0.0421875
5 0.48046875 0.2828125 0.0203125 0.03671875
5 0.440625 0.28203125 0.03515625 0.05078125
5 0.4640625 0.340625 0.01796875 0.03671875
5 0.4921875 0.2765625 0.0140625 0.03359375
5 0.453125 0.34140625 0.021875 0.03359375
5 0.48671875 0.5328125 0.02265625 0.059375
5 0.31015625 0.2234375 0.025 0.05390625
5 0.528125 0.33828125 0.01953125 0.0390625
8 0.6359375 0.30703125 0.0625 0.078125
5 0.915625 0.26328125 0.01640625 0.0359375
8 0.3796875 0.14921875 0.0390625 0.1359375
5 0.378125 0.1625 0.02265625 0.03828125
5 0.61484375 0.33125 0.0171875 0.03984375
5 0.66015625 0.28046875 0.0296875 0.03828125
5 0.92578125 0.20078125 0.021875 0.03515625
5 0.90625 0.2421875 0.021875 0.028125
5 0.55703125 0.14453125 0.01953125 0.0375
5 0.44453125 0.1609375 0.0171875 0.04296875
5 0.48515625 0.15625 0.02109375 0.0359375
8 0.48203125 0.1296875 0.06875 0.06875
8 0.64140625 0.096875 0.04921875 0.09921875
5 0.66171875 0.11875 0.01640625 0.046875
5 0.82890625 0.09296875 0.0296875 0.05546875
5 0.95703125 0.07265625 0.0328125 0.06171875
5 0.634375 0.30234375 0.0171875 0.0375
5 0.90234375 0.0859375 0.0328125 0.05390625
5 0.61953125 0.08125 0.021875 0.02890625
5 0.63828125 0.09921875 0.021875 0.03671875
5 0.471875 0.08046875 0.0171875 0.028125
8 0.6359375 0.021875 0.028125 0.04375
5 0.95234375 0.0234375 0.03359375 0.046875
5 0.978125 0.03125 0.02578125 0.03828125
8 0.47265625 0.04375 0.0625 0.0421875
5 0.60625 0.21953125 0.02421875 0.03203125
5 0.53984375 0.50703125 0.0375 0.0515625