5 0.5046875 0.3671875 0.0171875 0.04375
5 0.60625 0.56171875 0.03671875 0.05625
5 0.96328125 0.58359375 0.0265625 0.0328125
5 0.97734375 0.59375 0.0234375 0.05625
5 0.81796875 0.61015625 0.02890625 0.0515625
5 0.7640625 0.66796875 0.028125 0.040625
5 0.5921875 0.64921875 0.025 0.05078125
5 0.5359375 0.74921875 0.01953125 0.0453125
5 0.62421875 0.6328125 0.02421875 0.0421875
5 0.51015625 0.43359375 0.025 0.0359375
5 0.496875 0.5875 0.02734375 0.03828125
5 0.47734375 0.534375 0.02421875 0.040625
5 0.4765625 0.3859375 0.02265625 0.04140625
5 0.47265625 0.30625 0.03203125 0.04609375
5 0.4578125 0.3890625 0.01796875 0.03671875
5 0.49609375 0.35703125 0.01640625 0.03828125
5 0.4515625 0.36171875 0.021875 0.03359375
5 0.559375 0.51328125 0.04140625 0.071875
5 0.49921875 0.52890625 0.02109375 0.0359375
5 0.26640625 0.303125 0.02578125 0.05625
5 0.546875 0.3359375 0.02265625 0.0453125
8 0.62734375 0.2953125 0.059375 0.07421875
5 0.6109375 0.2890625 0.0203125 0.03359375
5 0.940625 0.246875 0.02421875 0.0390625
8 0.46328125 0.26171875 0.06484375 0.07578125
5 0.46328125 0.26171875 0.02578125 0.04375
5 0.61484375 0.33359375 0.0171875 0.05625
5 0.6546875 0.26484375 0.0328125 0.05625
5 0.9578125 0.19375 0.0203125 0.03359375
5 0.93203125 0.23203125 0.025 0.03203125
5 0.55703125 0.175 0.0203125 0.0390625
5 0.4640625 0.16171875 0.01640625 0.040625
5 0.528125 0.14296875 0.02109375 0.0359375
8 0.521875 0.11640625 0.065625 0.065625
8 0.64375 0.09609375 0.04921875 0.09921875
5 0.690625 0.14140625 0.03828125 0.059375
5 0.7796875 0.11640625 0.02734375 0.05078125
5 0.940625 0.103125 0.02890625 0.05390625
5 0.6296875 0.28671875 0.0203125 0.04375
5 0.903125 0.08359375 0.0328125 0.05390625
5 0.61796875 0.06796875 0.0234375 0.03046875
5 0.63828125 0.103125 0.021875 0.03671875
5 0.50625 0.0765625 0.0140625 0.0359375
8 0.63046875 0.0296875 0.025 0.0484375
5 0.946875 0.02578125 0.02890625 0.040625
5 0.97109375 0.01875 0.025 0.03671875
8 0.51328125 0.0203125 0.06015625 0.040625