5 0.41328125 0.30234375 0.015625 0.04140625
5 0.5578125 0.61953125 0.03828125 0.05859375
5 0.78671875 0.571875 0.03046875 0.05390625
5 0.809375 0.6109375 0.034375 0.04921875
5 0.52890625 0.62890625 0.0203125 0.04140625
5 0.50234375 0.74453125 0.03359375 0.03671875
5 0.56875 0.49375 0.034375 0.059375
5 0.446875 0.4875 0.03125 0.06015625
5 0.440625 0.55625 0.0203125 0.03828125
5 0.44296875 0.31171875 0.02421875 0.040625
5 0.37890625 0.42109375 0.03125 0.04609375
5 0.44375 0.3953125 0.01640625 0.03515625
5 0.48515625 0.32890625 0.03046875 0.0375
5 0.425 0.471875 0.02578125 0.0484375
5 0.5171875 0.43046875 0.02734375 0.05546875
8 0.62421875 0.3640625 0.07578125 0.06953125
5 0.85859375 0.2953125 0.01640625 0.0359375
8 0.353125 0.121875 0.08125 0.08828125
5 0.6 0.359375 0.0203125 0.0390625
5 0.8609375 0.2640625 0.01953125 0.03203125
5 0.91953125 0.29296875 0.025 0.03203125
5 0.6609375 0.1828125 0.02265625 0.04375
5 0.39765625 0.23828125 0.01484375 0.03671875
5 0.428125 0.23046875 0.021875 0.03828125
8 0.42578125 0.203125 0.06953125 0.065625
8 0.61953125 0.13046875 0.04921875 0.09921875
5 0.89140625 0.07578125 0.02734375 0.05078125
5 0.95859375 0.0890625 0.0328125 0.0515625
5 0.9015625 0.121875 0.0328125 0.05390625
5 0.56953125 0.12421875 0.0328125 0.065625
5 0.4375 0.1453125 0.01953125 0.03046875
8 0.625 0.05234375 0.06015625 0.0609375
5 0.9625 0.02734375 0.0265625 0.02890625
5 0.9828125 0.06328125 0.02890625 0.0421875
8 0.43671875 0.10703125 0.0625 0.05078125
5 0.5671875 0.31796875 0.0234375 0.03046875
5 0.5078125 0.50625 0.025 0.046875
5 0.60078125 0.14296875 0.01796875 0.0390625
5 0.4828125 0.6015625 0.0234375 0.04296875
5 0.478125 0.64375 0.0359375 0.06015625
5 0.62109375 0.05078125 0.02734375 0.0375
5 0.36796875 0.24453125 0.02109375 0.0296875
5 0.62109375 0.1734375 0.02578125 0.03515625
5 0.3375 0.1109375 0.021875 0.04375
5 0.66484375 0.33984375 0.0234375 0.05546875
5 0.62265625 0.39296875 0.01875 0.04296875