5 0.48203125 0.29765625 0.0140625 0.0359375
5 0.57734375 0.56640625 0.034375 0.053125
5 0.984375 0.61328125 0.0296875 0.0359375
5 0.80625 0.57890625 0.02734375 0.04921875
5 0.7890625 0.671875 0.028125 0.040625
5 0.56796875 0.60625 0.025 0.05078125
5 0.52265625 0.73203125 0.0390625 0.0390625
5 0.615625 0.609375 0.0234375 0.040625
5 0.49296875 0.40078125 0.021875 0.03125
5 0.4828125 0.5796875 0.03359375 0.0671875
5 0.4703125 0.48671875 0.01640625 0.0421875
5 0.47734375 0.2859375 0.0203125 0.03671875
5 0.446875 0.28125 0.03359375 0.0484375
5 0.465625 0.340625 0.0171875 0.03515625
5 0.49296875 0.27890625 0.01484375 0.034375
5 0.45234375 0.34375 0.021875 0.03359375
5 0.484375 0.5265625 0.02109375 0.05703125
5 0.30625 0.2328125 0.025 0.05390625
5 0.5296875 0.33671875 0.01953125 0.0390625
8 0.6359375 0.30546875 0.059375 0.07421875
5 0.9171875 0.26328125 0.01640625 0.0359375
8 0.38203125 0.15390625 0.0390625 0.1359375
5 0.38046875 0.1671875 0.02265625 0.03828125
5 0.61484375 0.33125 0.0171875 0.03984375
5 0.6609375 0.2796875 0.02890625 0.0359375
5 0.9265625 0.1984375 0.021875 0.03515625
5 0.90546875 0.2421875 0.021875 0.028125
5 0.553125 0.146875 0.01953125 0.0375
5 0.44375 0.16015625 0.01640625 0.040625
5 0.48671875 0.15546875 0.02109375 0.0359375
8 0.484375 0.1296875 0.06875 0.06875
8 0.6421875 0.09453125 0.0515625 0.10390625
5 0.66328125 0.125 0.01640625 0.046875
5 0.82578125 0.096875 0.0296875 0.05546875
5 0.95625 0.0703125 0.0328125 0.06171875
5 0.63359375 0.30234375 0.01875 0.0390625
5 0.90234375 0.0859375 0.0328125 0.05390625
5 0.6203125 0.078125 0.021875 0.02890625
5 0.63828125 0.0984375 0.021875 0.03671875
5 0.4734375 0.08125 0.0171875 0.028125
8 0.63671875 0.021875 0.02890625 0.04375
5 0.95 0.025 0.03515625 0.04921875
5 0.978125 0.03125 0.02578125 0.03828125
8 0.475 0.04296875 0.0625 0.0421875
5 0.60546875 0.23046875 0.0234375 0.03046875
5 0.54296875 0.509375 0.03515625 0.04921875