5 0.4375 0.26875 0.01484375 0.03984375
5 0.55703125 0.58125 0.0296875 0.04609375
5 0.79453125 0.571875 0.02890625 0.0515625
5 0.8234375 0.62109375 0.0296875 0.04296875
5 0.53125 0.59375 0.01953125 0.0390625
5 0.51484375 0.7390625 0.02890625 0.03125
5 0.58046875 0.515625 0.03125 0.05390625
5 0.45859375 0.43125 0.025 0.046875
5 0.4515625 0.528125 0.0203125 0.03828125
5 0.4515625 0.27578125 0.02265625 0.0390625
5 0.39453125 0.37109375 0.03203125 0.05703125
5 0.45234375 0.3671875 0.01484375 0.03203125
5 0.49375 0.30859375 0.01171875 0.02890625
5 0.42890625 0.41953125 0.02421875 0.04609375
5 0.353125 0.1265625 0.02265625 0.040625
5 0.5203125 0.38828125 0.0234375 0.04765625
8 0.6359375 0.33359375 0.065625 0.06015625
5 0.87421875 0.26328125 0.015625 0.034375
8 0.36796875 0.1265625 0.0703125 0.0765625
5 0.61328125 0.33671875 0.01953125 0.0375
5 0.653125 0.3265625 0.03125 0.028125
5 0.87265625 0.23125 0.01953125 0.03203125
5 0.91796875 0.26171875 0.025 0.03203125
5 0.63359375 0.16484375 0.02265625 0.04375
5 0.41796875 0.209375 0.01484375 0.03671875
5 0.44140625 0.20625 0.02578125 0.04375
8 0.440625 0.17890625 0.065625 0.06171875
8 0.62578125 0.08203125 0.0515625 0.10390625
5 0.8828125 0.078125 0.02734375 0.05078125
5 0.959375 0.0734375 0.0328125 0.0515625
5 0.63125 0.3359375 0.01953125 0.0484375
5 0.90234375 0.10234375 0.0328125 0.05390625
5 0.57578125 0.10546875 0.03125 0.06171875
5 0.44453125 0.1109375 0.01640625 0.0265625
8 0.6359375 0.03828125 0.05703125 0.0578125
5 0.9609375 0.015625 0.0265625 0.02890625
5 0.98359375 0.04453125 0.02890625 0.0421875
8 0.44296875 0.08125 0.0625 0.05078125
5 0.5875 0.2984375 0.02421875 0.03203125
5 0.52421875 0.5046875 0.02421875 0.04453125
5 0.6109375 0.1109375 0.01796875 0.0390625
5 0.4921875 0.578125 0.02109375 0.03828125
5 0.49296875 0.621875 0.03125 0.0515625
5 0.62890625 0.03828125 0.02578125 0.0359375
5 0.37421875 0.20390625 0.0171875 0.02421875
5 0.64453125 0.10859375 0.02421875 0.03359375