5 0.49296875 0.33359375 0.015625 0.03984375
5 0.58515625 0.57265625 0.034375 0.053125
5 0.9765625 0.60546875 0.0296875 0.0359375
5 0.8140625 0.58359375 0.0296875 0.05390625
5 0.7796875 0.6640625 0.028125 0.040625
5 0.5875 0.6140625 0.025 0.05078125
5 0.52734375 0.74140625 0.0390625 0.0390625
5 0.62109375 0.621875 0.0234375 0.040625
5 0.4984375 0.41328125 0.02265625 0.0328125
5 0.48359375 0.5640625 0.02578125 0.0359375
5 0.478125 0.49375 0.025 0.0421875
5 0.475 0.3140625 0.02265625 0.04140625
5 0.46796875 0.278125 0.03359375 0.0484375
5 0.4578125 0.353125 0.01640625 0.03359375
5 0.490625 0.334375 0.01640625 0.03828125
5 0.45703125 0.3453125 0.021875 0.03359375
5 0.55234375 0.51015625 0.04140625 0.071875
5 0.490625 0.50859375 0.02109375 0.0359375
5 0.29375 0.290625 0.0234375 0.0515625
5 0.5359375 0.33515625 0.0203125 0.04140625
8 0.63515625 0.30078125 0.059375 0.07421875
5 0.9296875 0.2609375 0.01640625 0.0359375
8 0.40859375 0.20078125 0.0515625 0.1203125
5 0.4078125 0.20703125 0.025 0.04140625
5 0.61484375 0.328125 0.0171875 0.03984375
5 0.659375 0.27265625 0.02890625 0.0359375
5 0.94296875 0.1953125 0.0203125 0.03359375
5 0.91171875 0.2359375 0.021875 0.028125
5 0.55390625 0.1609375 0.0203125 0.0390625
5 0.446875 0.16796875 0.0171875 0.04296875
5 0.4984375 0.153125 0.02109375 0.0359375
8 0.49765625 0.125 0.065625 0.065625
8 0.64375 0.08984375 0.0515625 0.10390625
5 0.6859375 0.14609375 0.01640625 0.046875
5 0.8109375 0.1109375 0.02734375 0.05078125
5 0.9546875 0.07265625 0.0328125 0.06171875
5 0.63359375 0.29921875 0.02265625 0.0484375
5 0.90234375 0.08359375 0.0328125 0.05390625
5 0.61875 0.06875 0.0234375 0.03046875
5 0.6390625 0.09921875 0.021875 0.03671875
5 0.490625 0.08046875 0.0125 0.03125
8 0.63359375 0.028125 0.02890625 0.05546875
5 0.94765625 0.0265625 0.03203125 0.04453125
5 0.978125 0.03046875 0.0234375 0.034375
8 0.490625 0.0390625 0.06015625 0.040625
5 0.5984375 0.27578125 0.02578125 0.03359375