5 0.4015625 0.32265625 0.015625 0.04140625
5 0.55859375 0.646875 0.034375 0.053125
5 0.7703125 0.565625 0.03046875 0.05390625
5 0.80625 0.6234375 0.0375 0.0546875
5 0.5328125 0.665625 0.02265625 0.04609375
5 0.496875 0.7609375 0.0359375 0.03828125
5 0.5640625 0.49140625 0.0375 0.065625
5 0.4453125 0.521875 0.03125 0.06015625
5 0.43828125 0.575 0.01953125 0.0359375
5 0.43203125 0.33671875 0.021875 0.03671875
5 0.36875 0.44375 0.03125 0.04609375
5 0.43828125 0.42578125 0.01484375 0.03203125
5 0.490625 0.3359375 0.02734375 0.034375
5 0.4203125 0.49375 0.028125 0.053125
5 0.515625 0.45390625 0.02578125 0.05234375
8 0.61875 0.36796875 0.071875 0.06640625
5 0.83984375 0.31171875 0.01640625 0.0359375
8 0.33515625 0.09453125 0.0859375 0.0796875
5 0.8484375 0.278125 0.01875 0.03046875
5 0.9140625 0.31640625 0.025 0.03203125
5 0.68203125 0.190625 0.02265625 0.04375
5 0.3859375 0.24453125 0.01640625 0.040625
5 0.41875 0.2546875 0.0234375 0.03984375
8 0.4171875 0.2234375 0.06953125 0.065625
8 0.6046875 0.146875 0.053125 0.09921875
5 0.90078125 0.08359375 0.02578125 0.0484375
5 0.95703125 0.10234375 0.0328125 0.0515625
5 0.9 0.134375 0.0328125 0.05390625
5 0.56328125 0.13671875 0.0328125 0.065625
5 0.4296875 0.16328125 0.0234375 0.03671875
8 0.61875 0.0640625 0.06640625 0.0671875
5 0.96484375 0.04921875 0.02265625 0.025
5 0.98125 0.078125 0.02890625 0.0421875
8 0.43046875 0.128125 0.065625 0.053125
5 0.5578125 0.32890625 0.02421875 0.03203125
5 0.49765625 0.51796875 0.02265625 0.04296875
5 0.5921875 0.1578125 0.034375 0.04140625
5 0.47265625 0.60546875 0.0234375 0.04296875
5 0.465625 0.671875 0.04140625 0.06953125
5 0.615625 0.06015625 0.02578125 0.0359375
5 0.3671875 0.26484375 0.02109375 0.0296875
5 0.615625 0.19765625 0.0234375 0.03203125
5 0.32421875 0.078125 0.0234375 0.04609375
5 0.665625 0.35234375 0.0234375 0.05546875
5 0.61953125 0.39921875 0.01953125 0.03125
5 0.58984375 0.38828125 0.02421875 0.03828125