5 0.43359375 0.37421875 0.0484375 0.04140625
5 0.56796875 0.69765625 0.04609375 0.065625
5 0.7484375 0.54609375 0.03203125 0.05703125
5 0.79453125 0.65546875 0.04609375 0.06640625
5 0.55078125 0.7390625 0.021875 0.04375
5 0.49921875 0.77578125 0.03203125 0.04765625
5 0.546875 0.45703125 0.028125 0.05859375
5 0.40078125 0.628125 0.0171875 0.03828125
5 0.43046875 0.65859375 0.01796875 0.0328125
5 0.39375 0.4265625 0.02734375 0.046875
5 0.3328125 0.53359375 0.04375 0.0796875
5 0.42109375 0.5203125 0.0109375 0.02421875
5 0.4703125 0.36484375 0.02421875 0.02890625
5 0.38359375 0.57578125 0.0296875 0.06484375
5 0.49765625 0.44453125 0.01875 0.0375
8 0.63828125 0.41328125 0.03828125 0.12578125
5 0.8015625 0.34453125 0.015625 0.034375
8 0.3171875 0.07890625 0.09453125 0.08828125
5 0.8078125 0.3109375 0.01875 0.03046875
5 0.89140625 0.35703125 0.025 0.03203125
5 0.73046875 0.1859375 0.0234375 0.0453125
5 0.36015625 0.28515625 0.01484375 0.03671875
5 0.3984375 0.2765625 0.02421875 0.0421875
8 0.39765625 0.25078125 0.06953125 0.065625
8 0.584375 0.19921875 0.05625 0.10390625
5 0.9203125 0.07421875 0.02578125 0.0484375
5 0.9515625 0.1234375 0.03125 0.04921875
5 0.896875 0.16875 0.0328125 0.05390625
5 0.5375 0.17265625 0.0328125 0.065625
5 0.42578125 0.20859375 0.02109375 0.03359375
8 0.60859375 0.08828125 0.06015625 0.0609375
5 0.971875 0.084375 0.02421875 0.0265625
5 0.97734375 0.11484375 0.025 0.03671875
8 0.41796875 0.15625 0.065625 0.053125
5 0.53046875 0.35078125 0.02109375 0.028125
5 0.48515625 0.5625 0.02734375 0.0515625
5 0.571875 0.21171875 0.03984375 0.04765625
5 0.46796875 0.66015625 0.03359375 0.03828125
5 0.43203125 0.69453125 0.0234375 0.04453125
5 0.5984375 0.08828125 0.02578125 0.0359375
5 0.38046875 0.32109375 0.025 0.0359375
5 0.59296875 0.25703125 0.0203125 0.028125
5 0.66015625 0.3875 0.01953125 0.0453125
5 0.63125 0.4265625 0.0265625 0.028125
5 0.60234375 0.40859375 0.028125 0.04453125
5 0.31171875 0.0625 0.02578125 0.04296875