5 0.44375 0.3765625 0.04609375 0.03984375
5 0.571875 0.69921875 0.0421875 0.059375
5 0.74765625 0.5453125 0.03359375 0.059375
5 0.7921875 0.65859375 0.0484375 0.06953125
5 0.553125 0.74921875 0.021875 0.04375
5 0.49296875 0.778125 0.03046875 0.0453125
5 0.54609375 0.4515625 0.028125 0.05859375
5 0.39140625 0.634375 0.01640625 0.0359375
5 0.42734375 0.67109375 0.0171875 0.03125
5 0.390625 0.4421875 0.02890625 0.04921875
5 0.33125 0.5390625 0.04609375 0.08359375
5 0.4171875 0.534375 0.0109375 0.02265625
5 0.46796875 0.3640625 0.02265625 0.028125
5 0.37734375 0.5890625 0.03125 0.06796875
5 0.49765625 0.43046875 0.01875 0.0375
8 0.63984375 0.41953125 0.03828125 0.12578125
5 0.79921875 0.34296875 0.015625 0.034375
8 0.31171875 0.08203125 0.09921875 0.0921875
5 0.8015625 0.32109375 0.01875 0.03046875
5 0.890625 0.359375 0.025 0.03203125
5 0.7359375 0.18203125 0.0234375 0.0453125
5 0.35625 0.2953125 0.01484375 0.03671875
5 0.3984375 0.284375 0.02421875 0.0421875
8 0.396875 0.25390625 0.06953125 0.065625
8 0.58203125 0.20546875 0.05625 0.10390625
5 0.92421875 0.071875 0.02578125 0.0484375
5 0.95078125 0.13203125 0.03125 0.04921875
5 0.896875 0.17109375 0.0328125 0.05390625
5 0.5328125 0.17421875 0.0328125 0.065625
5 0.425 0.21171875 0.021875 0.0359375
8 0.6078125 0.09296875 0.06015625 0.0609375
5 0.96875 0.08125 0.02421875 0.0265625
5 0.97734375 0.11796875 0.0234375 0.034375
8 0.4171875 0.16015625 0.065625 0.053125
5 0.53125 0.353125 0.02109375 0.028125
5 0.48203125 0.56796875 0.02734375 0.0515625
5 0.56953125 0.21796875 0.03984375 0.04765625
5 0.46328125 0.6640625 0.03203125 0.03671875
5 0.43125 0.7015625 0.02578125 0.04921875
5 0.596875 0.09140625 0.02578125 0.0359375
5 0.3828125 0.334375 0.028125 0.0390625
5 0.58828125 0.26171875 0.02109375 0.02890625
5 0.66015625 0.3921875 0.01953125 0.0453125
5 0.63203125 0.4328125 0.0265625 0.028125
5 0.61640625 0.4125 0.02734375 0.0421875
5 0.30859375 0.06484375 0.0234375 0.0390625