5 0.41953125 0.3671875 0.04609375 0.03984375
5 0.56796875 0.68828125 0.04375 0.0625
5 0.7484375 0.540625 0.03203125 0.05703125
5 0.79921875 0.64921875 0.04609375 0.06640625
5 0.55234375 0.73203125 0.021875 0.04375
5 0.49453125 0.778125 0.03203125 0.04765625
5 0.55078125 0.46328125 0.0265625 0.05625
5 0.41171875 0.62421875 0.01796875 0.03984375
5 0.43203125 0.6453125 0.01875 0.034375
5 0.4 0.4078125 0.0265625 0.04453125
5 0.33984375 0.51953125 0.04375 0.0796875
5 0.4234375 0.50546875 0.01171875 0.025
5 0.475 0.3640625 0.0265625 0.03203125
5 0.38984375 0.565625 0.0296875 0.06484375
5 0.49921875 0.45859375 0.01953125 0.0390625
8 0.6375 0.40234375 0.03828125 0.12578125
5 0.80859375 0.34140625 0.015625 0.034375
8 0.32265625 0.0734375 0.09453125 0.08828125
5 0.81484375 0.3078125 0.01875 0.03046875
5 0.89375 0.3515625 0.025 0.03203125
5 0.72421875 0.18671875 0.0234375 0.0453125
5 0.3625 0.2734375 0.01640625 0.040625
5 0.3984375 0.27421875 0.02421875 0.0421875
8 0.39921875 0.24765625 0.06953125 0.065625
8 0.58515625 0.18984375 0.05625 0.10390625
5 0.9171875 0.08125 0.02578125 0.0484375
5 0.953125 0.10625 0.03125 0.04921875
5 0.8984375 0.16484375 0.0328125 0.05390625
5 0.5453125 0.16640625 0.0328125 0.065625
5 0.42421875 0.20390625 0.02109375 0.03359375
8 0.60859375 0.0859375 0.06015625 0.0609375
5 0.9734375 0.08125 0.02265625 0.025
5 0.978125 0.109375 0.025 0.03671875
8 0.41875 0.15078125 0.065625 0.053125
5 0.53671875 0.35390625 0.02109375 0.028125
5 0.48671875 0.55703125 0.02734375 0.0515625
5 0.575 0.20546875 0.03984375 0.04765625
5 0.46875 0.65625 0.0375 0.04296875
5 0.42890625 0.68671875 0.02578125 0.04921875
5 0.603125 0.0828125 0.02421875 0.03359375
5 0.3765625 0.31875 0.02421875 0.034375
5 0.59921875 0.25546875 0.0203125 0.028125
5 0.6609375 0.3859375 0.01953125 0.0453125
5 0.63046875 0.41875 0.0265625 0.028125
5 0.59140625 0.4078125 0.0296875 0.046875
5 0.31484375 0.05703125 0.02421875 0.04140625