5 0.55546875 0.39453125 0.01328125 0.03125
5 0.71875 0.73359375 0.04296875 0.05390625
5 0.871875 0.5390625 0.03203125 0.05859375
5 0.909375 0.69921875 0.03828125 0.065625
5 0.73125 0.86875 0.0234375 0.0484375
5 0.54453125 0.8578125 0.0328125 0.05546875
5 0.6421875 0.4203125 0.0296875 0.04453125
5 0.4765625 0.74453125 0.03515625 0.05859375
5 0.55546875 0.75234375 0.01640625 0.0296875
5 0.47421875 0.621875 0.02734375 0.0421875
5 0.46015625 0.54140625 0.025 0.04765625
5 0.5078125 0.66171875 0.01796875 0.0359375
5 0.5703125 0.35390625 0.01875 0.0390625
5 0.4609375 0.6984375 0.025 0.0296875
5 0.67734375 0.49609375 0.01796875 0.0359375
8 0.7765625 0.45703125 0.0375 0.13203125
5 0.80078125 0.33125 0.015625 0.034375
8 0.4296875 0.39609375 0.0453125 0.153125
5 0.80859375 0.31328125 0.0140625 0.0375
5 0.97890625 0.153125 0.03359375 0.0640625
5 0.44609375 0.3625 0.0203125 0.0390625
8 0.52734375 0.29921875 0.065625 0.0765625
8 0.67890625 0.2484375 0.0609375 0.075
5 0.63359375 0.20546875 0.034375 0.05703125
5 0.5515625 0.21015625 0.0265625 0.04296875
8 0.71328125 0.11484375 0.03203125 0.10546875
8 0.54765625 0.17265625 0.065625 0.053125
5 0.71484375 0.41875 0.0328125 0.04296875
5 0.60390625 0.5953125 0.0390625 0.053125
5 0.6703125 0.26640625 0.0328125 0.0375
5 0.584375 0.72421875 0.03046875 0.03515625
5 0.5 0.815625 0.01875 0.03671875
5 0.71484375 0.11328125 0.021875 0.03046875
5 0.6078125 0.31875 0.02890625 0.04140625
5 0.66328125 0.290625 0.0203125 0.028125
5 0.74921875 0.46953125 0.0171875 0.03203125
5 0.3921875 0.23515625 0.028125 0.04453125
5 0.77890625 0.43125 0.0234375 0.05078125
5 0.8015625 0.409375 0.01953125 0.04140625
5 0.53359375 0.315625 0.01875 0.0390625