5 0.45234375 0.40625 0.01328125 0.0296875
5 0.60703125 0.72578125 0.04296875 0.05390625
5 0.76640625 0.53046875 0.03203125 0.05859375
5 0.803125 0.6921875 0.0421875 0.07265625
5 0.62421875 0.86171875 0.021875 0.04375
5 0.43515625 0.84453125 0.0296875 0.05078125
5 0.59609375 0.44375 0.0296875 0.04453125
5 0.3703125 0.73359375 0.03515625 0.05859375
5 0.45 0.74375 0.01640625 0.0296875
5 0.37109375 0.60703125 0.02578125 0.040625
5 0.35625 0.56328125 0.025 0.04765625
5 0.4125 0.6578125 0.01796875 0.025
5 0.4640625 0.3390625 0.01953125 0.040625
5 0.36875 0.68515625 0.02578125 0.03125
5 0.56015625 0.4703125 0.01796875 0.0359375
8 0.66796875 0.4484375 0.03984375 0.13203125
5 0.72109375 0.3484375 0.0140625 0.03125
8 0.303125 0.25859375 0.059375 0.153125
5 0.72578125 0.32109375 0.015625 0.025
5 0.91953125 0.390625 0.0265625 0.034375
5 0.8546875 0.15703125 0.0265625 0.05
5 0.33671875 0.3515625 0.0125 0.03046875
5 0.42578125 0.31484375 0.02421875 0.0421875
8 0.42265625 0.2765625 0.065625 0.0765625
8 0.578125 0.24375 0.0609375 0.075
5 0.971875 0.07109375 0.02109375 0.03984375
5 0.984375 0.16015625 0.03125 0.04921875
5 0.92265625 0.196875 0.0328125 0.05390625
5 0.53203125 0.20078125 0.034375 0.05703125
5 0.44765625 0.20703125 0.028125 0.0453125
8 0.6125 0.10703125 0.04375 0.08828125
5 0.99140625 0.1109375 0.01640625 0.025
5 0.99296875 0.13125 0.0140625 0.034375
8 0.440625 0.17890625 0.0625 0.05078125
5 0.53515625 0.41953125 0.0296875 0.0390625
5 0.5 0.590625 0.03515625 0.0484375
5 0.565625 0.26015625 0.0328125 0.0375
5 0.47421875 0.70703125 0.03359375 0.03828125
5 0.39453125 0.80078125 0.0203125 0.0390625
5 0.60546875 0.12109375 0.02265625 0.03125
5 0.47265625 0.31171875 0.0265625 0.0375
5 0.56328125 0.29453125 0.01875 0.025
5 0.6546875 0.465625 0.0171875 0.03203125
5 0.29453125 0.1890625 0.028125 0.04453125
5 0.66953125 0.41875 0.03125 0.04375
5 0.6921875 0.409375 0.02265625 0.04140625