5 0.42578125 0.42421875 0.01328125 0.03125
5 0.578125 0.72421875 0.0453125 0.05703125
5 0.7328125 0.546875 0.02890625 0.053125
5 0.77265625 0.6859375 0.034375 0.059375
5 0.5890625 0.85078125 0.02265625 0.04609375
5 0.4171875 0.84375 0.034375 0.05859375
5 0.521875 0.446875 0.03125 0.046875
5 0.346875 0.72890625 0.03203125 0.053125
5 0.41640625 0.740625 0.015625 0.028125
5 0.34453125 0.58046875 0.02890625 0.04453125
5 0.32109375 0.59609375 0.028125 0.053125
5 0.3859375 0.64765625 0.0109375 0.02265625
5 0.434375 0.3390625 0.02109375 0.04296875
5 0.3453125 0.66875 0.0296875 0.0359375
5 0.53203125 0.484375 0.01953125 0.0390625
8 0.6375 0.44609375 0.03828125 0.12578125
5 0.72578125 0.36484375 0.0140625 0.03125
8 0.2828125 0.221875 0.05390625 0.1390625
5 0.7234375 0.334375 0.015625 0.025
5 0.88515625 0.4015625 0.0265625 0.034375
5 0.803125 0.16484375 0.025 0.04765625
5 0.31484375 0.35703125 0.0140625 0.03359375
5 0.3984375 0.30546875 0.02109375 0.0359375
8 0.39296875 0.28046875 0.065625 0.06171875
8 0.55703125 0.23828125 0.0609375 0.075
5 0.9453125 0.0640625 0.02265625 0.04140625
5 0.94609375 0.159375 0.03125 0.04921875
5 0.89296875 0.19765625 0.0328125 0.05390625
5 0.50703125 0.1953125 0.0359375 0.06015625
5 0.41953125 0.22109375 0.0328125 0.05234375
8 0.5859375 0.10703125 0.0421875 0.08359375
5 0.96328125 0.10625 0.021875 0.02421875
5 0.96875 0.13125 0.0234375 0.034375
8 0.4109375 0.1828125 0.0625 0.05078125
5 0.50703125 0.41328125 0.028125 0.03671875
5 0.47578125 0.590625 0.03671875 0.05078125
5 0.54140625 0.24609375 0.02578125 0.05234375
5 0.45 0.70078125 0.03046875 0.03515625
5 0.3859375 0.79296875 0.0234375 0.04453125
5 0.58046875 0.11640625 0.02265625 0.03125
5 0.42265625 0.32265625 0.021875 0.03125
5 0.5453125 0.29609375 0.02109375 0.02890625
5 0.6234375 0.4640625 0.01640625 0.03125
5 0.27734375 0.15 0.02578125 0.040625
5 0.6390625 0.415625 0.0265625 0.03828125
5 0.665625 0.409375 0.0203125 0.03671875