5 0.41953125 0.4296875 0.0140625 0.0328125
5 0.57890625 0.72421875 0.03984375 0.05703125
5 0.734375 0.55625 0.02734375 0.05078125
5 0.7734375 0.68828125 0.034375 0.059375
5 0.58203125 0.8421875 0.0234375 0.0484375
5 0.4359375 0.83125 0.0421875 0.059375
5 0.525 0.43671875 0.03125 0.046875
5 0.359375 0.70234375 0.03203125 0.053125
5 0.41640625 0.7375 0.01640625 0.0296875
5 0.35234375 0.559375 0.02890625 0.04453125
5 0.31875 0.61796875 0.02890625 0.05546875
5 0.38203125 0.6453125 0.01015625 0.021875
5 0.4390625 0.346875 0.02734375 0.03359375
5 0.353125 0.65390625 0.03125 0.03828125
5 0.51484375 0.48671875 0.01953125 0.0390625
8 0.6375 0.44765625 0.03828125 0.12578125
5 0.74296875 0.371875 0.01484375 0.0328125
8 0.28046875 0.1984375 0.0515625 0.13203125
5 0.7390625 0.35078125 0.015625 0.025
5 0.8890625 0.40546875 0.0265625 0.034375
5 0.78984375 0.16875 0.025 0.04765625
5 0.32265625 0.3578125 0.0140625 0.03359375
5 0.39921875 0.30390625 0.021875 0.03828125
8 0.39375 0.27890625 0.065625 0.06171875
8 0.5609375 0.23828125 0.0609375 0.075
5 0.9484375 0.06796875 0.02578125 0.0484375
5 0.94296875 0.15625 0.03125 0.04921875
5 0.89375 0.19609375 0.0328125 0.05390625
5 0.51015625 0.19453125 0.034375 0.05703125
5 0.4203125 0.225 0.03125 0.05
8 0.5875 0.109375 0.0421875 0.08359375
5 0.9625 0.10859375 0.02265625 0.025
5 0.9703125 0.13125 0.0234375 0.034375
8 0.41171875 0.18359375 0.0625 0.05078125
5 0.5109375 0.4046875 0.028125 0.03671875
5 0.484375 0.58203125 0.03359375 0.07109375
5 0.5453125 0.24453125 0.02578125 0.05234375
5 0.453125 0.69140625 0.03359375 0.03828125
5 0.38828125 0.784375 0.021875 0.04296875
5 0.58125 0.11875 0.02265625 0.03125
5 0.421875 0.35234375 0.02421875 0.034375
5 0.54921875 0.290625 0.02265625 0.03046875
5 0.63203125 0.45703125 0.02734375 0.0296875
5 0.2703125 0.121875 0.02421875 0.0359375
5 0.63984375 0.4140625 0.0296875 0.04140625
5 0.665625 0.41640625 0.02109375 0.0390625