5 0.41953125 0.4296875 0.015625 0.0359375
5 0.578125 0.72265625 0.03984375 0.05703125
5 0.7359375 0.55703125 0.02734375 0.05078125
5 0.7765625 0.6859375 0.034375 0.059375
5 0.5796875 0.834375 0.0234375 0.0484375
5 0.43984375 0.828125 0.03984375 0.05625
5 0.525 0.43203125 0.0296875 0.04453125
5 0.35703125 0.70703125 0.03359375 0.05625
5 0.41484375 0.73046875 0.01640625 0.0296875
5 0.35546875 0.54609375 0.02890625 0.04453125
5 0.31796875 0.62109375 0.02890625 0.05546875
5 0.38046875 0.6421875 0.0109375 0.02421875
5 0.440625 0.34609375 0.02890625 0.03515625
5 0.36015625 0.64921875 0.0328125 0.03984375
5 0.50859375 0.48203125 0.01875 0.0375
8 0.63828125 0.44765625 0.03828125 0.12578125
5 0.74765625 0.36640625 0.01484375 0.0328125
8 0.2796875 0.18828125 0.0515625 0.13203125
5 0.746875 0.353125 0.015625 0.025
5 0.890625 0.403125 0.0265625 0.034375
5 0.784375 0.1765625 0.025 0.04765625
5 0.328125 0.35546875 0.0140625 0.03359375
5 0.3984375 0.303125 0.0234375 0.03984375
8 0.39453125 0.27734375 0.065625 0.06171875
8 0.56328125 0.23671875 0.0609375 0.075
5 0.94453125 0.07109375 0.02578125 0.0484375
5 0.94375 0.15546875 0.03125 0.04921875
5 0.89375 0.19609375 0.0328125 0.05390625
5 0.51171875 0.19296875 0.0359375 0.06015625
5 0.42109375 0.23125 0.03125 0.05
8 0.5875 0.10703125 0.0421875 0.08359375
5 0.9640625 0.10703125 0.02421875 0.0265625
5 0.9703125 0.12890625 0.0234375 0.034375
8 0.4125 0.18359375 0.0625 0.05078125
5 0.51328125 0.40546875 0.0296875 0.0390625
5 0.48359375 0.584375 0.03203125 0.06796875
5 0.54765625 0.24375 0.02578125 0.05234375
5 0.453125 0.68828125 0.03203125 0.03671875
5 0.396875 0.78203125 0.02109375 0.040625
5 0.58203125 0.115625 0.0234375 0.03203125
5 0.41640625 0.35859375 0.0265625 0.0375
5 0.5515625 0.2875 0.02265625 0.03046875
5 0.6328125 0.45859375 0.0265625 0.028125
5 0.26875 0.11484375 0.01953125 0.0375
5 0.6390625 0.42109375 0.03125 0.04375
5 0.66328125 0.42109375 0.0203125 0.03671875