5 0.68203125 0.40078125 0.01875 0.03828125
5 0.83515625 0.73359375 0.05 0.06328125
5 0.8546875 0.8734375 0.0234375 0.0484375
5 0.678125 0.8671875 0.0359375 0.0609375
5 0.7828125 0.440625 0.0328125 0.04921875
5 0.60546875 0.753125 0.03515625 0.05859375
5 0.6796875 0.76640625 0.0171875 0.03125
5 0.5921875 0.64921875 0.025 0.03828125
5 0.5796875 0.546875 0.02890625 0.05546875
5 0.63203125 0.678125 0.01953125 0.0390625
5 0.69921875 0.3765625 0.0171875 0.03515625
5 0.59375 0.71875 0.0234375 0.028125
5 0.80859375 0.51171875 0.0375 0.0359375
8 0.9046875 0.46640625 0.0375 0.13203125
5 0.9109375 0.33203125 0.0171875 0.03828125
8 0.571875 0.47890625 0.0453125 0.153125
5 0.925 0.290625 0.0375 0.0515625
5 0.56875 0.37734375 0.01875 0.03671875
8 0.64921875 0.3078125 0.05078125 0.09296875
8 0.80546875 0.25390625 0.0640625 0.08125
5 0.75625 0.2125 0.0375 0.06328125
5 0.678125 0.21328125 0.0296875 0.04765625
8 0.840625 0.121875 0.03359375 0.11015625
8 0.675 0.17421875 0.07265625 0.05859375
5 0.86640625 0.40390625 0.03125 0.040625
5 0.73125 0.60078125 0.0453125 0.0609375
5 0.79609375 0.2734375 0.034375 0.0390625
5 0.7125 0.73984375 0.0359375 0.040625
5 0.621875 0.83203125 0.0203125 0.04921875
5 0.84296875 0.11875 0.02421875 0.03359375
5 0.74609375 0.3328125 0.0375 0.05234375
5 0.79375 0.30078125 0.0234375 0.03203125
5 0.51328125 0.2390625 0.03125 0.04921875
5 0.91171875 0.42421875 0.028125 0.04375
5 0.9203125 0.428125 0.01953125 0.04140625
5 0.8875 0.48671875 0.01875 0.0453125
5 0.65859375 0.32421875 0.021875 0.03828125