5 0.45859375 0.3640625 0.04609375 0.03984375
5 0.571875 0.70546875 0.03984375 0.05625
5 0.74375 0.55546875 0.03671875 0.065625
5 0.7875 0.66796875 0.034375 0.059375
5 0.55859375 0.771875 0.02265625 0.04609375
5 0.46328125 0.79140625 0.03203125 0.04765625
5 0.54296875 0.45 0.03046875 0.06484375
5 0.38515625 0.65625 0.0171875 0.03828125
5 0.42265625 0.69140625 0.015625 0.028125
5 0.38203125 0.47109375 0.03515625 0.06015625
5 0.328125 0.56328125 0.03828125 0.0703125
5 0.40078125 0.5703125 0.0109375 0.02421875
5 0.45546875 0.35859375 0.0265625 0.03203125
5 0.3734375 0.6234375 0.03125 0.06796875
5 0.50390625 0.41875 0.01953125 0.0390625
8 0.640625 0.42890625 0.03828125 0.12578125
5 0.78828125 0.34375 0.01484375 0.0328125
8 0.284375 0.0984375 0.07421875 0.04140625
5 0.79140625 0.33203125 0.01796875 0.02890625
5 0.89453125 0.36875 0.0265625 0.034375
5 0.74921875 0.1765625 0.0234375 0.0453125
5 0.34765625 0.309375 0.01484375 0.03671875
5 0.39921875 0.2890625 0.02421875 0.0421875
8 0.39609375 0.259375 0.06953125 0.065625
8 0.57421875 0.215625 0.0609375 0.075
5 0.93125 0.06640625 0.02578125 0.0484375
5 0.95078125 0.1296875 0.03125 0.04921875
5 0.896875 0.1765625 0.0328125 0.05390625
5 0.528125 0.178125 0.0359375 0.071875
5 0.42578125 0.21796875 0.0234375 0.03671875
8 0.5984375 0.09375 0.06015625 0.0609375
5 0.96640625 0.08828125 0.021875 0.02421875
5 0.9765625 0.11953125 0.0234375 0.034375
8 0.41640625 0.165625 0.065625 0.053125
5 0.525 0.365625 0.0234375 0.03046875
5 0.484375 0.57578125 0.02734375 0.0515625
5 0.56484375 0.22421875 0.03984375 0.04765625
5 0.465625 0.67109375 0.03515625 0.040625
5 0.42265625 0.7265625 0.02578125 0.04921875
5 0.5921875 0.09765625 0.02578125 0.0359375
5 0.39375 0.35078125 0.02890625 0.04140625
5 0.57265625 0.2765625 0.02109375 0.02890625
5 0.65703125 0.40078125 0.0203125 0.04765625
5 0.634375 0.4375 0.025 0.0265625
5 0.63125 0.41796875 0.0234375 0.03671875
5 0.29765625 0.06953125 0.02109375 0.0359375