5 0.44921875 0.375 0.04609375 0.03984375
5 0.5703125 0.70234375 0.0421875 0.059375
5 0.74609375 0.54921875 0.03359375 0.059375
5 0.78984375 0.66328125 0.0328125 0.05703125
5 0.55625 0.76015625 0.021875 0.04375
5 0.4859375 0.78046875 0.03046875 0.0453125
5 0.54453125 0.4515625 0.02890625 0.06171875
5 0.3875 0.65234375 0.0171875 0.03828125
5 0.42421875 0.684375 0.01640625 0.0296875
5 0.3890625 0.45625 0.03203125 0.0546875
5 0.3296875 0.5515625 0.034375 0.0640625
5 0.4078125 0.5515625 0.0109375 0.02421875
5 0.4625 0.36171875 0.02421875 0.02890625
5 0.37578125 0.6125 0.03125 0.06796875
5 0.49921875 0.4265625 0.01875 0.0375
8 0.63984375 0.4265625 0.03828125 0.12578125
5 0.79375 0.34453125 0.01484375 0.0328125
8 0.29375 0.09296875 0.078125 0.04375
5 0.796875 0.325 0.01796875 0.02890625
5 0.89375 0.3625 0.0265625 0.034375
5 0.74140625 0.1828125 0.0234375 0.0453125
5 0.35 0.30546875 0.0140625 0.03515625
5 0.39921875 0.28671875 0.02421875 0.0421875
8 0.39609375 0.25703125 0.06953125 0.065625
8 0.57578125 0.21171875 0.0609375 0.075
5 0.92734375 0.06640625 0.02578125 0.0484375
5 0.95 0.128125 0.03125 0.04921875
5 0.89609375 0.17265625 0.0328125 0.05390625
5 0.53046875 0.17890625 0.034375 0.06875
5 0.42578125 0.21484375 0.0234375 0.03671875
8 0.5984375 0.09375 0.06015625 0.0609375
5 0.96640625 0.084375 0.02265625 0.025
5 0.97734375 0.1203125 0.0234375 0.034375
8 0.41640625 0.16328125 0.065625 0.053125
5 0.5296875 0.35703125 0.021875 0.02890625
5 0.4875 0.56875 0.0265625 0.04921875
5 0.5671875 0.22109375 0.03984375 0.04765625
5 0.46484375 0.6734375 0.03359375 0.03828125
5 0.42578125 0.7203125 0.02421875 0.046875
5 0.5953125 0.09375 0.02578125 0.0359375
5 0.38671875 0.34609375 0.02890625 0.04140625
5 0.58046875 0.26953125 0.02109375 0.02890625
5 0.65859375 0.396875 0.01953125 0.0453125
5 0.6328125 0.43671875 0.0265625 0.028125
5 0.6234375 0.4109375 0.02578125 0.040625
5 0.30390625 0.06953125 0.021875 0.03671875