5 0.4421875 0.37734375 0.04609375 0.03984375
5 0.57109375 0.703125 0.0421875 0.059375
5 0.74765625 0.546875 0.03359375 0.059375
5 0.79296875 0.6609375 0.0328125 0.05703125
5 0.55390625 0.753125 0.021875 0.04375
5 0.4859375 0.778125 0.03046875 0.0453125
5 0.54609375 0.45390625 0.02890625 0.06171875
5 0.38828125 0.65078125 0.01640625 0.0359375
5 0.4265625 0.67578125 0.01640625 0.0296875
5 0.39140625 0.4484375 0.03046875 0.05234375
5 0.3265625 0.553125 0.034375 0.0640625
5 0.41328125 0.540625 0.0109375 0.02265625
5 0.46328125 0.36171875 0.02421875 0.02890625
5 0.3765625 0.60078125 0.0328125 0.07109375
5 0.49921875 0.43125 0.01875 0.0375
8 0.6390625 0.421875 0.03828125 0.12578125
5 0.796875 0.34375 0.01484375 0.0328125
8 0.30078125 0.09140625 0.078125 0.04375
5 0.79921875 0.321875 0.01875 0.03046875
5 0.890625 0.3609375 0.0265625 0.034375
5 0.7390625 0.18515625 0.0234375 0.0453125
5 0.353125 0.30078125 0.01484375 0.03671875
5 0.39921875 0.2859375 0.02421875 0.0421875
8 0.396875 0.25546875 0.06953125 0.065625
8 0.57734375 0.20859375 0.0609375 0.075
5 0.92578125 0.06953125 0.02578125 0.0484375
5 0.95 0.13046875 0.03125 0.04921875
5 0.896875 0.17265625 0.0328125 0.05390625
5 0.53203125 0.17578125 0.034375 0.06875
5 0.42578125 0.21171875 0.021875 0.0359375
8 0.59453125 0.09375 0.06015625 0.0609375
5 0.9671875 0.0828125 0.02421875 0.0265625
5 0.97734375 0.11953125 0.0234375 0.034375
8 0.4171875 0.16171875 0.065625 0.053125
5 0.53046875 0.3546875 0.021875 0.02890625
5 0.4828125 0.56796875 0.0265625 0.04921875
5 0.56796875 0.21796875 0.03984375 0.04765625
5 0.46640625 0.66640625 0.03359375 0.03828125
5 0.425 0.7140625 0.02421875 0.046875
5 0.596875 0.09140625 0.02578125 0.0359375
5 0.384375 0.33984375 0.02890625 0.04140625
5 0.58671875 0.265625 0.02109375 0.02890625
5 0.659375 0.39375 0.01953125 0.0453125
5 0.6328125 0.4359375 0.0265625 0.028125
5 0.61875 0.41328125 0.02734375 0.0421875
5 0.30625 0.06796875 0.0234375 0.0390625