5 0.6125 0.39375 0.01875 0.03828125
5 0.775 0.72890625 0.04765625 0.059375
5 0.93828125 0.5515625 0.03359375 0.0609375
5 0.9703125 0.70234375 0.03984375 0.06953125
5 0.79296875 0.86875 0.02265625 0.04609375
5 0.60859375 0.87578125 0.034375 0.05859375
5 0.70859375 0.43125 0.0296875 0.04453125
5 0.5359375 0.74453125 0.03359375 0.05625
5 0.6078125 0.759375 0.0171875 0.03125
5 0.534375 0.63984375 0.02578125 0.040625
5 0.51171875 0.540625 0.0265625 0.05
5 0.5640625 0.66953125 0.01875 0.0375
5 0.62890625 0.36015625 0.01875 0.0390625
5 0.525 0.7046875 0.025 0.0296875
5 0.7359375 0.49765625 0.0171875 0.03359375
8 0.8359375 0.46171875 0.0390625 0.1390625
5 0.8515625 0.33125 0.0171875 0.03828125
8 0.49765625 0.45078125 0.0453125 0.153125
5 0.8625 0.29375 0.021875 0.04921875
5 0.503125 0.36875 0.0203125 0.0390625
8 0.5828125 0.303125 0.053125 0.09765625
8 0.7375 0.2515625 0.0640625 0.08125
5 0.690625 0.20859375 0.0359375 0.06015625
5 0.6046875 0.21328125 0.028125 0.0453125
8 0.771875 0.11953125 0.03203125 0.10546875
8 0.60546875 0.171875 0.06953125 0.05546875
5 0.78828125 0.40703125 0.0328125 0.04296875
5 0.66328125 0.596875 0.04296875 0.05859375
5 0.728125 0.26875 0.034375 0.0390625
5 0.64453125 0.73125 0.03046875 0.03515625
5 0.559375 0.81953125 0.02109375 0.0515625
5 0.775 0.1140625 0.0234375 0.03203125
5 0.6734375 0.3359375 0.03203125 0.0453125
5 0.725 0.29609375 0.02265625 0.03046875
5 0.4421875 0.2359375 0.028125 0.04453125
5 0.840625 0.41796875 0.02578125 0.03984375
5 0.86484375 0.415625 0.01953125 0.04140625
5 0.58046875 0.32109375 0.01875 0.0390625
5 0.81796875 0.47421875 0.01875 0.0453125