5 0.70234375 0.4015625 0.0203125 0.040625
5 0.85234375 0.734375 0.05 0.06328125
5 0.8765625 0.87265625 0.0234375 0.0484375
5 0.6984375 0.8671875 0.03828125 0.0640625
5 0.80078125 0.4421875 0.0328125 0.04921875
5 0.62265625 0.753125 0.03515625 0.05859375
5 0.6984375 0.771875 0.0171875 0.03125
5 0.62421875 0.653125 0.025 0.03828125
5 0.59765625 0.54453125 0.03046875 0.0578125
5 0.646875 0.684375 0.01953125 0.0390625
5 0.72421875 0.375 0.0171875 0.03515625
5 0.6109375 0.721875 0.02421875 0.0296875
5 0.82890625 0.5125 0.0375 0.0359375
8 0.92421875 0.46875 0.0375 0.13203125
5 0.9296875 0.328125 0.01640625 0.0359375
8 0.59140625 0.48046875 0.0453125 0.153125
5 0.93984375 0.28828125 0.0375 0.0515625
5 0.58515625 0.37421875 0.01796875 0.03515625
8 0.66796875 0.309375 0.05078125 0.09296875
8 0.82421875 0.25703125 0.0640625 0.08125
5 0.77578125 0.21328125 0.0375 0.06328125
5 0.7015625 0.21328125 0.0296875 0.04765625
8 0.859375 0.12421875 0.03359375 0.11015625
8 0.69453125 0.17578125 0.07265625 0.05859375
5 0.8890625 0.40078125 0.0328125 0.04296875
5 0.75078125 0.59921875 0.0453125 0.0609375
5 0.81484375 0.275 0.034375 0.0390625
5 0.73046875 0.74140625 0.0359375 0.040625
5 0.64375 0.82890625 0.0203125 0.04921875
5 0.86171875 0.1203125 0.02421875 0.03359375
5 0.76796875 0.334375 0.0390625 0.05546875
5 0.8125 0.30078125 0.025 0.03359375
5 0.53203125 0.23828125 0.0328125 0.0515625
5 0.93046875 0.42734375 0.028125 0.04375
5 0.95546875 0.41640625 0.0203125 0.04375
5 0.90859375 0.484375 0.01796875 0.04296875
5 0.678125 0.3265625 0.021875 0.03828125