5 0.4234375 0.3953125 0.015625 0.0359375
5 0.571875 0.71953125 0.0421875 0.059375
5 0.73828125 0.55703125 0.03359375 0.059375
5 0.7796875 0.67734375 0.0359375 0.06328125
5 0.56875 0.81328125 0.02265625 0.04609375
5 0.4421875 0.80625 0.0390625 0.0578125
5 0.5265625 0.4359375 0.0296875 0.04453125
5 0.36875 0.68828125 0.03359375 0.04375
5 0.41484375 0.7140625 0.015625 0.028125
5 0.3640625 0.509375 0.040625 0.06953125
5 0.3203125 0.6015625 0.028125 0.053125
5 0.378125 0.628125 0.0109375 0.02421875
5 0.44296875 0.34609375 0.02734375 0.03359375
5 0.3609375 0.634375 0.03125 0.03828125
5 0.49609375 0.45703125 0.02265625 0.0453125
8 0.63984375 0.44296875 0.03828125 0.12578125
5 0.765625 0.365625 0.01484375 0.0328125
8 0.278125 0.15625 0.0515625 0.13203125
5 0.76640625 0.34140625 0.015625 0.025
5 0.89296875 0.390625 0.0265625 0.034375
5 0.77265625 0.178125 0.025 0.04765625
5 0.33515625 0.33671875 0.0140625 0.03359375
5 0.39921875 0.2953125 0.0234375 0.03984375
8 0.396875 0.26953125 0.065625 0.06171875
8 0.565625 0.22890625 0.0609375 0.075
5 0.94375 0.06640625 0.02578125 0.0484375
5 0.95078125 0.14453125 0.03125 0.04921875
5 0.8953125 0.18671875 0.0328125 0.05390625
5 0.51953125 0.1859375 0.0359375 0.06015625
5 0.42421875 0.22109375 0.028125 0.0453125
8 0.58671875 0.10390625 0.03984375 0.0796875
5 0.965625 0.09609375 0.02421875 0.0265625
5 0.9734375 0.1234375 0.0234375 0.034375
8 0.41484375 0.17734375 0.0625 0.05078125
5 0.51953125 0.390625 0.0265625 0.03515625
5 0.4859375 0.5765625 0.03359375 0.07109375
5 0.55 0.2359375 0.02421875 0.05
5 0.45546875 0.68125 0.03515625 0.040625
5 0.40703125 0.76328125 0.02109375 0.040625
5 0.5859375 0.1078125 0.0234375 0.03203125
5 0.41328125 0.36953125 0.028125 0.0390625
5 0.5515625 0.28515625 0.02109375 0.02890625
5 0.634375 0.45078125 0.02890625 0.03125
5 0.2765625 0.10546875 0.03125 0.05234375
5 0.659375 0.41171875 0.02109375 0.0359375
5 0.63515625 0.41640625 0.028125 0.03984375