5 0.428125 0.421875 0.01328125 0.0296875
5 0.57734375 0.72421875 0.04296875 0.05390625
5 0.7328125 0.54375 0.03046875 0.05546875
5 0.77421875 0.6921875 0.03984375 0.06953125
5 0.59140625 0.85625 0.021875 0.04375
5 0.41015625 0.84375 0.0359375 0.0609375
5 0.51484375 0.4453125 0.03125 0.046875
5 0.33984375 0.73359375 0.03203125 0.053125
5 0.4171875 0.74453125 0.015625 0.028125
5 0.34140625 0.58515625 0.02578125 0.040625
5 0.3265625 0.58671875 0.0265625 0.05078125
5 0.3828125 0.653125 0.0109375 0.02265625
5 0.4328125 0.33359375 0.02109375 0.04296875
5 0.3421875 0.675 0.02890625 0.034375
5 0.54296875 0.471875 0.01875 0.0375
8 0.6375 0.44609375 0.0359375 0.11953125
5 0.71171875 0.36171875 0.01328125 0.0296875
8 0.28046875 0.2359375 0.05703125 0.14609375
5 0.7125 0.32890625 0.015625 0.025
5 0.8859375 0.39375 0.0265625 0.034375
5 0.8109375 0.15859375 0.025 0.04765625
5 0.3109375 0.3578125 0.0140625 0.03359375
5 0.39765625 0.309375 0.021875 0.03828125
8 0.39296875 0.28125 0.065625 0.06171875
8 0.553125 0.2390625 0.0609375 0.075
5 0.94453125 0.06328125 0.02109375 0.03984375
5 0.9453125 0.16328125 0.03125 0.04921875
5 0.8921875 0.19453125 0.0328125 0.05390625
5 0.50546875 0.19609375 0.0359375 0.06015625
5 0.41953125 0.21171875 0.03125 0.05
8 0.584375 0.10859375 0.04375 0.08828125
5 0.9640625 0.10859375 0.021875 0.02421875
5 0.96875 0.13046875 0.025 0.03671875
8 0.4109375 0.18359375 0.065625 0.053125
5 0.50625 0.42265625 0.0296875 0.0390625
5 0.47421875 0.58984375 0.03671875 0.05078125
5 0.53828125 0.2484375 0.02578125 0.05234375
5 0.446875 0.70703125 0.03203125 0.03671875
5 0.375 0.80078125 0.02109375 0.040625
5 0.578125 0.11953125 0.02265625 0.03125
5 0.43671875 0.31171875 0.02265625 0.03203125
5 0.540625 0.30078125 0.0203125 0.028125
5 0.62421875 0.46484375 0.01640625 0.03125
5 0.2765625 0.16328125 0.0265625 0.0421875
5 0.63828125 0.415625 0.028125 0.03984375
5 0.6640625 0.41015625 0.01953125 0.0359375