5 0.07265625 0.1078125 0.0296875 0.03828125
5 0.0453125 0.0984375 0.02421875 0.0390625
5 0.02578125 0.08828125 0.0234375 0.0265625
5 0.02578125 0.10703125 0.02578125 0.02890625
5 0.04296875 0.01484375 0.0171875 0.0296875
5 0.059375 0.20703125 0.0203125 0.02890625
5 0.075 0.16640625 0.021875 0.028125
5 0.05 0.23046875 0.02890625 0.0296875
5 0.0328125 0.28125 0.02421875 0.040625
5 0.01953125 0.23515625 0.0234375 0.03203125
5 0.009375 0.2140625 0.01875 0.0359375
5 0.0109375 0.16640625 0.02109375 0.0390625
8 0.0125 0.1625 0.025 0.096875