5 0.03125 0.20625 0.0265625 0.04453125
5 0.05546875 0.1375 0.0203125 0.02421875
5 0.07265625 0.0890625 0.02734375 0.03828125
5 0.01484375 0.16640625 0.01953125 0.03828125
5 0.03515625 0.0984375 0.02578125 0.03515625
5 0.009375 0.13828125 0.01875 0.040625
5 0.04375 0.15859375 0.021875 0.0328125
8 0.0140625 0.084375 0.028125 0.096875
5 0.01015625 0.08671875 0.0203125 0.034375
5 0.06953125 0.03125 0.02734375 0.0390625
5 0.04609375 0.015625 0.0171875 0.0265625
5 0.02890625 0.0140625 0.0203125 0.028125
5 0.021875 0.0359375 0.028125 0.0296875