5 0.07421875 0.14375 0.02109375 0.02890625
5 0.0703125 0.0828125 0.025 0.040625
5 0.04453125 0.0734375 0.021875 0.04140625
5 0.0265625 0.0640625 0.02265625 0.02890625
5 0.021875 0.08359375 0.021875 0.028125
5 0.034375 0.16171875 0.021875 0.03125
5 0.06015625 0.1859375 0.02109375 0.03125
5 0.04453125 0.2109375 0.0234375 0.03671875
5 0.03125 0.253125 0.025 0.04140625
5 0.015625 0.2109375 0.015625 0.0296875
5 0.0078125 0.1875 0.01484375 0.028125
5 0.009375 0.1421875 0.01796875 0.0375
8 0.0140625 0.13359375 0.028125 0.1015625