5 0.03046875 0.2296875 0.02421875 0.03671875
5 0.04609375 0.18671875 0.02109375 0.0265625
5 0.05546875 0.1625 0.0203125 0.028125
5 0.07109375 0.11796875 0.0234375 0.03046875
5 0.06875 0.0625 0.02734375 0.04140625
5 0.0421875 0.05078125 0.025 0.03515625
5 0.02578125 0.04375 0.025 0.0296875
5 0.02109375 0.0625 0.021875 0.02578125
5 0.03359375 0.1359375 0.0234375 0.0375
5 0.015625 0.18984375 0.0171875 0.03203125
5 0.00625 0.16640625 0.0125 0.03828125
5 0.009375 0.11796875 0.01875 0.03203125
8 0.0125 0.1125 0.025 0.1015625