5 0.74453125 0.11171875 0.021875 0.03125
5 0.12734375 0.096875 0.01796875 0.02734375
5 0.11171875 0.121875 0.01875 0.02890625
5 0.10390625 0.13828125 0.0171875 0.034375
5 0.07890625 0.17421875 0.021875 0.03359375
5 0.02578125 0.24921875 0.01875 0.04140625
8 0.0109375 0.109375 0.02109375 0.0609375
5 0.05625 0.1015625 0.0234375 0.028125
5 0.06875 0.121875 0.0140625 0.02265625
5 0.08984375 0.09453125 0.02265625 0.03359375
5 0.13515625 0.03359375 0.02265625 0.0328125
5 0.1125 0.01328125 0.021875 0.0265625
8 0.0640625 0.05078125 0.03203125 0.1015625
5 0.06484375 0.05859375 0.0265625 0.0359375
5 0.0578125 0.015625 0.02109375 0.03125
5 0.01796875 0.01328125 0.0265625 0.0265625
5 0.0359375 0.06796875 0.02421875 0.0359375