5 0.0390625 0.35 0.0203125 0.04453125
5 0.05703125 0.29453125 0.02109375 0.0265625
5 0.06171875 0.27109375 0.01875 0.02890625
5 0.07578125 0.23359375 0.01953125 0.0328125
5 0.071875 0.171875 0.0265625 0.028125
5 0.0484375 0.165625 0.0203125 0.02890625
5 0.03203125 0.15 0.0234375 0.021875
5 0.02734375 0.1671875 0.02265625 0.03203125
5 0.0484375 0.08125 0.01875 0.03359375
5 0.05703125 0.05546875 0.0234375 0.03046875
5 0.025 0.06328125 0.0265625 0.02890625
8 0.015625 0.22421875 0.03046875 0.1046875
5 0.0125 0.23125 0.02265625 0.0296875
5 0.04140625 0.2578125 0.02578125 0.028125
5 0.021875 0.29453125 0.01953125 0.02578125
5 0.0109375 0.27421875 0.0203125 0.02578125