5 0.7765625 0.64765625 0.0265625 0.05078125
5 0.15 0.11953125 0.02578125 0.03125
5 0.1890625 0.1 0.01640625 0.03046875
5 0.19453125 0.06953125 0.01875 0.03203125
5 0.21015625 0.0859375 0.0171875 0.0296875
5 0.23671875 0.02578125 0.0234375 0.0359375
5 0.18515625 0.0390625 0.0234375 0.03828125
5 0.1578125 0.02578125 0.02109375 0.028125
5 0.146875 0.05546875 0.021875 0.03515625
8 0.11875 0.04140625 0.034375 0.08203125
5 0.1125 0.01328125 0.02578125 0.0265625
5 0.096875 0.08359375 0.01875 0.02734375
5 0.040625 0.09765625 0.0375 0.05546875