8 0.57734375 0.4390625 0.0328125 0.1390625
5 0.49921875 0.521875 0.04765625 0.08359375
8 0.45703125 0.51953125 0.03984375 0.08828125
5 0.49609375 0.36875 0.0171875 0.034375
5 0.51015625 0.36875 0.0140625 0.02890625
5 0.52578125 0.35078125 0.01640625 0.0359375
5 0.47421875 0.30859375 0.015625 0.0328125
5 0.52265625 0.2140625 0.01640625 0.03671875
5 0.53984375 0.2 0.021875 0.03203125
5 0.53125 0.1640625 0.0125 0.025
5 0.5125 0.11640625 0.01484375 0.0265625
5 0.44296875 0.09296875 0.0140625 0.02734375
5 0.4390625 0.1203125 0.01875 0.03203125
5 0.434375 0.1484375 0.015625 0.0328125
5 0.44765625 0.2171875 0.01640625 0.0328125
5 0.459375 0.19375 0.01796875 0.0359375
5 0.36171875 0.21953125 0.0234375 0.03671875
5 0.36171875 0.25078125 0.0234375 0.03046875
8 0.32421875 0.30859375 0.03046875 0.1203125
5 0.2609375 0.340625 0.01953125 0.0390625
5 0.33984375 0.15078125 0.01953125 0.028125
5 0.3453125 0.1140625 0.01875 0.02890625
5 0.35546875 0.05625 0.0234375 0.03828125
5 0.234375 0.309375 0.02421875 0.03125
5 0.25546875 0.26875 0.01875 0.02421875
5 0.25078125 0.24609375 0.021875 0.021875
5 0.24375 0.07734375 0.01640625 0.03125
5 0.1515625 0.04140625 0.0234375 0.0390625
8 0.09375 0.0625 0.06875 0.065625
5 0.0515625 0.109375 0.02109375 0.03828125
8 0.05703125 0.18125 0.05625 0.09375
5 0.57734375 0.43828125 0.02578125 0.0359375
5 0.4578125 0.51953125 0.0140625 0.03203125
5 0.321875 0.32421875 0.0171875 0.03125
5 0.3234375 0.28203125 0.0203125 0.03671875
5 0.046875 0.16953125 0.0203125 0.03671875
5 0.03671875 0.1484375 0.02578125 0.02734375
5 0.0671875 0.19921875 0.01875 0.03203125
5 0.06953125 0.0578125 0.0140625 0.03046875
5 0.08515625 0.06640625 0.0234375 0.0640625
5 0.103125 0.06640625 0.02265625 0.053125
5 0.115625 0.0515625 0.0203125 0.03359375