8 0.66328125 0.42421875 0.034375 0.14609375
5 0.59140625 0.49609375 0.0390625 0.06875
8 0.54921875 0.4984375 0.04375 0.096875
5 0.590625 0.33125 0.0140625 0.02890625
5 0.6 0.328125 0.01328125 0.02734375
5 0.61796875 0.309375 0.0171875 0.03828125
5 0.56640625 0.26875 0.01640625 0.034375
5 0.6125 0.1703125 0.01640625 0.03671875
5 0.6375 0.15546875 0.021875 0.03203125
5 0.62265625 0.125 0.01796875 0.03125
5 0.60390625 0.07890625 0.01796875 0.034375
5 0.5296875 0.05703125 0.01640625 0.03125
5 0.5296875 0.084375 0.01796875 0.03046875
5 0.525 0.1125 0.01640625 0.034375
5 0.53203125 0.18203125 0.01640625 0.0328125
5 0.54921875 0.16171875 0.01875 0.03828125
5 0.453125 0.17421875 0.021875 0.034375
5 0.44921875 0.2171875 0.0234375 0.03046875
8 0.41171875 0.278125 0.03203125 0.1265625
5 0.3546875 0.30390625 0.015625 0.0328125
5 0.42734375 0.11328125 0.01875 0.0265625
5 0.43046875 0.0734375 0.0171875 0.0265625
5 0.4453125 0.0203125 0.025 0.040625
5 0.328125 0.253125 0.0234375 0.03046875
5 0.34765625 0.23203125 0.01875 0.02890625
5 0.3515625 0.20546875 0.0234375 0.0234375
5 0.33515625 0.03046875 0.01640625 0.03125
5 0.1453125 0.0734375 0.02265625 0.040625
8 0.1453125 0.14296875 0.05625 0.09375
8 0.1796875 0.02265625 0.06484375 0.04453125
5 0.1265625 0.11328125 0.0203125 0.03125
5 0.1375 0.13203125 0.0234375 0.0359375
5 0.159375 0.159375 0.02109375 0.03125
5 0.159375 0.01953125 0.0171875 0.0265625
5 0.17421875 0.0265625 0.02265625 0.04375
5 0.18359375 0.015625 0.01328125 0.028125
5 0.19375 0.02421875 0.015625 0.03125
5 0.203125 0.0109375 0.0171875 0.02109375
5 0.41171875 0.2515625 0.01953125 0.034375
5 0.41015625 0.2953125 0.0171875 0.03125
5 0.55 0.49609375 0.01640625 0.03203125
5 0.6671875 0.43125 0.01875 0.034375