8 0.6890625 0.425 0.034375 0.14609375
5 0.615625 0.48828125 0.0390625 0.06875
8 0.5734375 0.4890625 0.04609375 0.1015625
5 0.61953125 0.321875 0.0140625 0.02890625
5 0.62734375 0.3203125 0.01328125 0.02734375
5 0.64296875 0.3046875 0.01796875 0.03984375
5 0.59375 0.25703125 0.01640625 0.034375
5 0.63515625 0.15625 0.01640625 0.03671875
5 0.66640625 0.14296875 0.0234375 0.03359375
5 0.65390625 0.115625 0.01796875 0.03125
5 0.6328125 0.06171875 0.01796875 0.034375
5 0.55703125 0.04375 0.01640625 0.03125
5 0.5546875 0.07265625 0.01796875 0.03046875
5 0.55 0.09921875 0.01640625 0.034375
5 0.5734375 0.15078125 0.01640625 0.0328125
5 0.55703125 0.1734375 0.01953125 0.03984375
5 0.47890625 0.16484375 0.021875 0.034375
5 0.47265625 0.2046875 0.0234375 0.03046875
8 0.434375 0.2703125 0.03203125 0.1265625
5 0.37890625 0.29609375 0.015625 0.0328125
5 0.4515625 0.09609375 0.01875 0.0265625
5 0.4546875 0.059375 0.01796875 0.028125
5 0.46796875 0.015625 0.0265625 0.03125
5 0.359375 0.23203125 0.0234375 0.03046875
5 0.37578125 0.22421875 0.01875 0.02890625
5 0.3765625 0.1984375 0.0234375 0.0234375
5 0.3609375 0.01953125 0.01875 0.0390625
5 0.17109375 0.0609375 0.02265625 0.040625
8 0.1703125 0.134375 0.05625 0.09375
5 0.15234375 0.10625 0.01875 0.034375
5 0.1640625 0.12109375 0.025 0.03671875
5 0.18359375 0.1546875 0.02109375 0.03125
5 0.1875 0.0109375 0.0203125 0.01953125
5 0.2046875 0.01875 0.0171875 0.03203125
5 0.21953125 0.0140625 0.015625 0.02734375
5 0.4359375 0.2421875 0.0203125 0.03046875
5 0.43515625 0.28671875 0.0203125 0.034375
5 0.57734375 0.4890625 0.01796875 0.034375
5 0.6921875 0.42890625 0.02109375 0.03671875