8 0.6359375 0.4265625 0.034375 0.14609375
5 0.56328125 0.50546875 0.0390625 0.06875
8 0.51953125 0.49921875 0.04375 0.096875
5 0.56328125 0.34140625 0.01328125 0.03046875
5 0.57265625 0.34296875 0.0140625 0.02890625
5 0.590625 0.3234375 0.0171875 0.03828125
5 0.53828125 0.2765625 0.01640625 0.034375
5 0.5859375 0.184375 0.01640625 0.03671875
5 0.60859375 0.16171875 0.021875 0.03203125
5 0.59375 0.13359375 0.0125 0.0265625
5 0.57578125 0.0890625 0.01484375 0.0265625
5 0.50390625 0.06875 0.01328125 0.02578125
5 0.5046875 0.0984375 0.01796875 0.03046875
5 0.4953125 0.12109375 0.015625 0.0328125
5 0.5078125 0.19296875 0.01640625 0.0328125
5 0.521875 0.1671875 0.01796875 0.0359375
5 0.428125 0.19296875 0.0234375 0.03671875
5 0.42421875 0.22578125 0.02421875 0.03125
8 0.384375 0.284375 0.03046875 0.1203125
5 0.328125 0.31796875 0.01953125 0.0390625
5 0.4015625 0.121875 0.01875 0.0265625
5 0.40234375 0.08671875 0.01796875 0.028125
5 0.41875 0.03046875 0.02421875 0.040625
5 0.30390625 0.26953125 0.0234375 0.03046875
5 0.31875 0.23984375 0.01875 0.02421875
5 0.3203125 0.21796875 0.0234375 0.0234375
5 0.3046875 0.04296875 0.015625 0.0296875
8 0.1546875 0.034375 0.07265625 0.06875
5 0.1125 0.08828125 0.02109375 0.03828125
8 0.11875 0.15390625 0.05625 0.09375
5 0.0984375 0.12421875 0.01875 0.03359375
5 0.109375 0.14140625 0.0203125 0.03828125
5 0.13125 0.17109375 0.0234375 0.03828125
5 0.13125 0.02734375 0.01328125 0.03125
5 0.14609375 0.03359375 0.02421875 0.053125
5 0.15625 0.01875 0.0234375 0.02890625
5 0.16640625 0.03828125 0.0140625 0.03125
5 0.1765625 0.01796875 0.01640625 0.0296875
5 0.38359375 0.25625 0.01875 0.02890625
5 0.38203125 0.30078125 0.0171875 0.034375
5 0.52109375 0.503125 0.01640625 0.034375
5 0.63984375 0.43125 0.01796875 0.03203125