8 0.7484375 0.43359375 0.034375 0.14609375
5 0.6734375 0.47265625 0.03515625 0.06953125
8 0.6375 0.478125 0.04140625 0.10625
5 0.7015625 0.28203125 0.01484375 0.028125
5 0.68046875 0.30546875 0.0140625 0.02890625
5 0.68984375 0.29375 0.0125 0.0328125
5 0.65390625 0.234375 0.021875 0.0328125
5 0.72890625 0.1109375 0.015625 0.034375
5 0.69765625 0.12421875 0.02421875 0.03515625
5 0.70859375 0.09453125 0.0171875 0.0296875
5 0.6859375 0.04375 0.01953125 0.0359375
5 0.6140625 0.0296875 0.0171875 0.03203125
5 0.6046875 0.05703125 0.01875 0.03203125
5 0.61171875 0.06953125 0.01640625 0.034375
5 0.63515625 0.1265625 0.01640625 0.0328125
5 0.6140625 0.15234375 0.01875 0.03828125
5 0.53203125 0.17578125 0.021875 0.034375
5 0.53671875 0.1421875 0.02578125 0.0328125
8 0.490625 0.25390625 0.03359375 0.1328125
5 0.43828125 0.278125 0.01640625 0.034375
5 0.51015625 0.07109375 0.01796875 0.02578125
5 0.51484375 0.03359375 0.0203125 0.03046875
5 0.415625 0.190625 0.02265625 0.0359375
5 0.43359375 0.19921875 0.0203125 0.03046875
5 0.43671875 0.1734375 0.02578125 0.02578125
5 0.2359375 0.046875 0.0234375 0.0421875
8 0.23125 0.1140625 0.05625 0.09375
5 0.21328125 0.08203125 0.01484375 0.0265625
5 0.22734375 0.10625 0.02109375 0.0375
5 0.2453125 0.12890625 0.0203125 0.0359375
5 0.49296875 0.2265625 0.01875 0.0375
5 0.4921875 0.271875 0.01796875 0.03359375
5 0.6390625 0.48203125 0.02109375 0.03203125
5 0.75234375 0.43046875 0.0203125 0.03125