8 0.7078125 0.4265625 0.034375 0.14609375
5 0.63671875 0.4828125 0.04453125 0.07578125
8 0.5953125 0.484375 0.03984375 0.1015625
5 0.65625 0.29375 0.01484375 0.03046875
5 0.646875 0.315625 0.01328125 0.02734375
5 0.63828125 0.32109375 0.0125 0.0328125
5 0.61171875 0.24765625 0.015625 0.0328125
5 0.65546875 0.14375 0.01640625 0.03671875
5 0.68515625 0.1359375 0.0234375 0.03359375
5 0.67109375 0.11171875 0.0171875 0.0296875
5 0.65078125 0.0546875 0.01796875 0.034375
5 0.5734375 0.03125 0.01640625 0.03125
5 0.57109375 0.06640625 0.01875 0.03203125
5 0.5703125 0.08828125 0.0171875 0.03671875
5 0.575 0.1640625 0.01640625 0.0328125
5 0.59765625 0.140625 0.01875 0.03828125
5 0.49609375 0.15703125 0.021875 0.034375
5 0.48828125 0.196875 0.0234375 0.03046875
8 0.45234375 0.26484375 0.03359375 0.1328125
5 0.39765625 0.29140625 0.015625 0.0328125
5 0.4703125 0.090625 0.01875 0.0265625
5 0.4734375 0.0515625 0.01953125 0.02890625
5 0.375 0.21953125 0.02265625 0.0359375
5 0.39453125 0.2140625 0.01875 0.02890625
5 0.39453125 0.19609375 0.02421875 0.02421875
5 0.19140625 0.0546875 0.0234375 0.0421875
8 0.1875 0.125 0.05625 0.09375
5 0.2046875 0.0078125 0.0125 0.015625
5 0.22265625 0.0125 0.0140625 0.02421875
5 0.2390625 0.0109375 0.0140625 0.021875
5 0.17265625 0.09609375 0.0171875 0.028125
5 0.1828125 0.115625 0.0234375 0.034375
5 0.20390625 0.14375 0.015625 0.04375
5 0.4546875 0.23671875 0.02578125 0.03125
5 0.453125 0.28125 0.015625 0.0296875
5 0.59453125 0.48671875 0.0171875 0.03515625
5 0.7109375 0.42890625 0.0234375 0.034375