8 0.775 0.49921875 0.03125 0.1328125
5 0.70703125 0.47734375 0.03671875 0.0734375
8 0.67109375 0.5140625 0.03984375 0.1015625
5 0.71484375 0.31171875 0.015625 0.0296875
5 0.721875 0.3 0.0140625 0.02890625
5 0.72265625 0.271875 0.015625 0.0328125
5 0.690625 0.22578125 0.02265625 0.034375
5 0.765625 0.10546875 0.015625 0.034375
5 0.72109375 0.11640625 0.02578125 0.03671875
5 0.74375 0.08203125 0.028125 0.03125
5 0.72890625 0.04296875 0.0171875 0.03203125
5 0.6375 0.02421875 0.01796875 0.034375
5 0.628125 0.0484375 0.01875 0.03203125
5 0.64453125 0.06328125 0.0171875 0.03671875
5 0.6625 0.115625 0.01640625 0.0328125
5 0.6390625 0.146875 0.01953125 0.03984375
5 0.5546875 0.16484375 0.0234375 0.03671875
5 0.56796875 0.134375 0.028125 0.03671875
8 0.5171875 0.271875 0.03359375 0.1328125
5 0.471875 0.26484375 0.01796875 0.03828125
5 0.53203125 0.059375 0.01875 0.0265625
5 0.53984375 0.02421875 0.0203125 0.03046875
5 0.45859375 0.16640625 0.02265625 0.0359375
5 0.4609375 0.20703125 0.0203125 0.03046875
5 0.48828125 0.16796875 0.02421875 0.02421875
5 0.2765625 0.06796875 0.02265625 0.040625
8 0.271875 0.11484375 0.059375 0.078125
5 0.25 0.09375 0.0140625 0.0296875
5 0.26328125 0.1078125 0.02265625 0.03828125
5 0.2875 0.128125 0.0203125 0.034375
5 0.51640625 0.2453125 0.021875 0.03359375
5 0.515625 0.28359375 0.0171875 0.0421875
5 0.671875 0.51875 0.0203125 0.03984375
5 0.778125 0.50703125 0.02265625 0.04140625
5 0.01640625 0.8234375 0.0203125 0.03671875
8 0.025 0.8234375 0.05 0.05390625