8 0.77578125 0.47890625 0.034375 0.14609375
5 0.70546875 0.47421875 0.03515625 0.06953125
8 0.66953125 0.5 0.04140625 0.10625
5 0.7125 0.303125 0.01484375 0.028125
5 0.71875 0.29609375 0.01328125 0.02734375
5 0.72578125 0.27265625 0.015625 0.0328125
5 0.68828125 0.2234375 0.02265625 0.034375
5 0.76171875 0.10078125 0.015625 0.034375
5 0.721875 0.11640625 0.02578125 0.03671875
5 0.74375 0.08046875 0.01796875 0.03125
5 0.7265625 0.03984375 0.0171875 0.03203125
5 0.6390625 0.02578125 0.0171875 0.03203125
5 0.6296875 0.046875 0.01875 0.03203125
5 0.64609375 0.0625 0.01640625 0.034375
5 0.6640625 0.11640625 0.01640625 0.0328125
5 0.63984375 0.14609375 0.0203125 0.04140625
5 0.55546875 0.16484375 0.0234375 0.03671875
5 0.5671875 0.1359375 0.028125 0.03671875
8 0.51796875 0.2640625 0.03203125 0.1265625
5 0.47109375 0.265625 0.01875 0.040625
5 0.53359375 0.0578125 0.01875 0.0265625
5 0.54140625 0.02109375 0.0203125 0.03046875
5 0.45234375 0.1640625 0.02109375 0.034375
5 0.46328125 0.2046875 0.0203125 0.03046875
5 0.48359375 0.1640625 0.02578125 0.02578125
5 0.2734375 0.05859375 0.02265625 0.040625
8 0.265625 0.109375 0.05078125 0.08515625
5 0.246875 0.08125 0.0125 0.03515625
5 0.26171875 0.09921875 0.0203125 0.03515625
5 0.2828125 0.125 0.0171875 0.034375
5 0.51875 0.23359375 0.0203125 0.02578125
5 0.515625 0.28046875 0.0203125 0.03046875
5 0.6703125 0.50703125 0.015625 0.02578125
5 0.77890625 0.48359375 0.01953125 0.0375
8 0.0234375 0.8265625 0.046875 0.05546875
5 0.009375 0.82421875 0.01875 0.0296875