8 0.77578125 0.46953125 0.034375 0.14609375
5 0.70703125 0.47421875 0.03515625 0.06953125
8 0.66875 0.49296875 0.04140625 0.10625
5 0.7109375 0.29921875 0.01484375 0.028125
5 0.71171875 0.30078125 0.01328125 0.02734375
5 0.72734375 0.27265625 0.015625 0.0328125
5 0.68671875 0.221875 0.02265625 0.034375
5 0.759375 0.0984375 0.01640625 0.03671875
5 0.72109375 0.11640625 0.02421875 0.03515625
5 0.74296875 0.08046875 0.01796875 0.03125
5 0.7234375 0.0390625 0.01796875 0.034375
5 0.63984375 0.025 0.0171875 0.03203125
5 0.6296875 0.04609375 0.01875 0.03203125
5 0.646875 0.06171875 0.01640625 0.034375
5 0.6640625 0.11640625 0.01640625 0.0328125
5 0.63984375 0.14453125 0.0203125 0.04140625
5 0.55546875 0.16484375 0.021875 0.034375
5 0.5671875 0.1359375 0.028125 0.03671875
8 0.51796875 0.259375 0.03203125 0.1265625
5 0.46953125 0.2671875 0.01875 0.040625
5 0.53359375 0.05859375 0.01875 0.0265625
5 0.54140625 0.01953125 0.0203125 0.03046875
5 0.45078125 0.1640625 0.02109375 0.034375
5 0.4625 0.203125 0.0203125 0.03046875
5 0.48046875 0.16640625 0.02578125 0.02578125
5 0.2703125 0.05234375 0.02265625 0.040625
8 0.26484375 0.10859375 0.053125 0.0890625
5 0.24375 0.078125 0.0140625 0.03046875
5 0.2578125 0.09453125 0.02265625 0.03203125
5 0.27890625 0.1234375 0.02109375 0.0359375
5 0.51953125 0.22890625 0.0171875 0.034375
5 0.515625 0.27578125 0.02109375 0.03203125
5 0.66875 0.49765625 0.01875 0.03125
5 0.78046875 0.47421875 0.01875 0.03125
8 0.0203125 0.82578125 0.03984375 0.0515625
5 0.009375 0.8265625 0.01875 0.0375