8 0.77265625 0.44921875 0.0328125 0.1390625
5 0.70234375 0.47109375 0.03515625 0.06953125
8 0.6640625 0.48359375 0.04140625 0.10625
5 0.70390625 0.29921875 0.01484375 0.028125
5 0.70859375 0.29765625 0.01328125 0.02734375
5 0.72421875 0.2734375 0.015625 0.0328125
5 0.68125 0.22109375 0.02265625 0.034375
5 0.75546875 0.096875 0.01640625 0.03671875
5 0.71875 0.11796875 0.02421875 0.03515625
5 0.7375 0.08359375 0.0171875 0.0296875
5 0.71640625 0.03984375 0.01953125 0.0359375
5 0.6375 0.0234375 0.0171875 0.03203125
5 0.62734375 0.0484375 0.01875 0.03203125
5 0.63984375 0.06015625 0.01640625 0.034375
5 0.6609375 0.11640625 0.01640625 0.0328125
5 0.6375 0.1421875 0.01953125 0.03984375
5 0.55390625 0.1640625 0.021875 0.034375
5 0.56328125 0.1375 0.0265625 0.034375
8 0.5140625 0.25 0.03359375 0.1328125
5 0.46328125 0.27109375 0.01875 0.040625
5 0.53203125 0.059375 0.01875 0.0265625
5 0.53984375 0.01953125 0.0203125 0.03046875
5 0.4421875 0.1734375 0.02109375 0.034375
5 0.4578125 0.19765625 0.0203125 0.03046875
5 0.47109375 0.1671875 0.02578125 0.02578125
5 0.26328125 0.04375 0.0234375 0.0421875
8 0.2578125 0.10546875 0.053125 0.0890625
8 0.015625 0.82578125 0.03125 0.0453125
5 0.003125 0.82734375 0.00625 0.02734375
5 0.24140625 0.078125 0.0171875 0.028125
5 0.25078125 0.09765625 0.0234375 0.03828125
5 0.2734375 0.1234375 0.0203125 0.03671875
5 0.5171875 0.2234375 0.0203125 0.03828125
5 0.51328125 0.27109375 0.021875 0.034375
5 0.6640625 0.4859375 0.02109375 0.03203125
5 0.77578125 0.4484375 0.02109375 0.03828125