8 0.77421875 0.4609375 0.0328125 0.1390625
5 0.70625 0.47421875 0.03515625 0.06953125
8 0.6671875 0.48828125 0.04140625 0.10625
5 0.709375 0.29921875 0.01484375 0.028125
5 0.71171875 0.29921875 0.01328125 0.02734375
5 0.7265625 0.2734375 0.015625 0.0328125
5 0.68515625 0.22109375 0.02265625 0.034375
5 0.7578125 0.09765625 0.01640625 0.03671875
5 0.721875 0.11640625 0.02421875 0.03515625
5 0.7421875 0.08359375 0.0171875 0.0296875
5 0.7203125 0.03984375 0.01953125 0.0359375
5 0.63984375 0.02578125 0.0171875 0.03203125
5 0.62890625 0.0484375 0.01875 0.03203125
5 0.64453125 0.0609375 0.01640625 0.034375
5 0.66328125 0.1171875 0.01640625 0.0328125
5 0.6390625 0.14140625 0.0203125 0.04140625
5 0.55546875 0.16328125 0.021875 0.034375
5 0.56640625 0.1375 0.0265625 0.034375
8 0.5171875 0.25390625 0.03203125 0.1265625
5 0.4671875 0.26796875 0.01875 0.040625
5 0.53359375 0.05859375 0.01875 0.0265625
5 0.54140625 0.01953125 0.0203125 0.03046875
5 0.44609375 0.16640625 0.02109375 0.034375
5 0.46171875 0.2015625 0.0203125 0.03046875
5 0.47578125 0.16796875 0.02578125 0.02578125
5 0.26640625 0.0484375 0.02265625 0.040625
8 0.2609375 0.10625 0.053125 0.0890625
5 0.24453125 0.08046875 0.0140625 0.03046875
5 0.2546875 0.1 0.021875 0.034375
5 0.2765625 0.12578125 0.021875 0.03359375
5 0.51875 0.22578125 0.01875 0.03359375
5 0.51640625 0.27109375 0.02109375 0.02734375
5 0.66953125 0.49375 0.01953125 0.03828125
5 0.778125 0.46640625 0.01953125 0.0359375
8 0.02109375 0.82265625 0.040625 0.05234375
5 0.0078125 0.82890625 0.015625 0.040625