8 0.746875 0.59921875 0.046875 0.1265625
5 0.7046875 0.51328125 0.0296875 0.05703125
8 0.66484375 0.58359375 0.0375 0.096875
5 0.7015625 0.3453125 0.02421875 0.0359375
5 0.71328125 0.3 0.01328125 0.02734375
5 0.67734375 0.25703125 0.0203125 0.0421875
5 0.675 0.22734375 0.0203125 0.03125
5 0.75703125 0.11171875 0.02890625 0.034375
5 0.70234375 0.1234375 0.0265625 0.0390625
5 0.73984375 0.09296875 0.03203125 0.03125
5 0.72421875 0.06171875 0.0171875 0.03203125
5 0.61015625 0.02109375 0.01875 0.0359375
5 0.6109375 0.05625 0.0203125 0.03515625
5 0.628125 0.07109375 0.021875 0.046875
5 0.64140625 0.1265625 0.015625 0.03125
5 0.62109375 0.15390625 0.01875 0.03828125
5 0.5359375 0.16171875 0.0234375 0.03671875
5 0.5515625 0.15234375 0.0265625 0.034375
8 0.503125 0.3203125 0.03359375 0.1328125
5 0.475 0.25859375 0.01640625 0.034375
5 0.5125 0.065625 0.01796875 0.02578125
5 0.5203125 0.03046875 0.0203125 0.03046875
5 0.46328125 0.1484375 0.02109375 0.034375
5 0.4453125 0.21796875 0.01875 0.02890625
5 0.48984375 0.165625 0.02578125 0.02578125
5 0.28125 0.10625 0.02265625 0.040625
8 0.2734375 0.13046875 0.059375 0.078125
8 0.03359375 0.79921875 0.04921875 0.0625
5 0.4546875 0.028125 0.01796875 0.03046875
5 0.025 0.809375 0.01953125 0.034375
5 0.246875 0.11796875 0.01796875 0.03125
5 0.259375 0.128125 0.01640625 0.040625
5 0.2890625 0.13828125 0.015625 0.03203125
5 0.49921875 0.29140625 0.02109375 0.0375
5 0.503125 0.33671875 0.02109375 0.03046875
5 0.66796875 0.58359375 0.01875 0.0375
5 0.75234375 0.60625 0.0171875 0.03515625