8 0.76953125 0.5359375 0.0296875 0.1265625
5 0.7015625 0.48359375 0.040625 0.08046875
8 0.67109375 0.53828125 0.03984375 0.1015625
5 0.7125 0.32578125 0.02265625 0.03359375
5 0.7234375 0.3015625 0.0140625 0.02890625
5 0.70625 0.27265625 0.01796875 0.03828125
5 0.68828125 0.2265625 0.02265625 0.034375
5 0.76875 0.1078125 0.015625 0.034375
5 0.71796875 0.11875 0.0265625 0.0390625
5 0.74296875 0.0859375 0.03203125 0.03125
5 0.7328125 0.04921875 0.0171875 0.03203125
5 0.63203125 0.0234375 0.01953125 0.0375
5 0.62421875 0.05 0.01953125 0.03359375
5 0.64140625 0.0671875 0.01796875 0.03828125
5 0.65625 0.11640625 0.01640625 0.0328125
5 0.634375 0.15 0.01953125 0.03984375
5 0.5484375 0.165625 0.0234375 0.03671875
5 0.565625 0.13828125 0.028125 0.03671875
8 0.5140625 0.2890625 0.03203125 0.1265625
5 0.4703125 0.26484375 0.0171875 0.03671875
5 0.5265625 0.06171875 0.01875 0.0265625
5 0.534375 0.028125 0.0203125 0.03046875
5 0.46328125 0.1609375 0.02109375 0.034375
5 0.45546875 0.21328125 0.01875 0.02890625
5 0.49296875 0.165625 0.0265625 0.0265625
5 0.27890625 0.08359375 0.02265625 0.040625
8 0.27421875 0.11953125 0.059375 0.078125
8 0.02734375 0.8171875 0.0546875 0.06875
5 0.46171875 0.0140625 0.0171875 0.028125
5 0.021875 0.81953125 0.021875 0.0375
5 0.25 0.103125 0.01328125 0.028125
5 0.265625 0.115625 0.01796875 0.04296875
5 0.290625 0.13359375 0.02109375 0.03671875
5 0.5125 0.259375 0.02421875 0.034375
5 0.5125 0.30546875 0.021875 0.03203125
5 0.6734375 0.54375 0.01796875 0.034375
5 0.77421875 0.54375 0.01875 0.0359375