8 0.7515625 0.5890625 0.046875 0.1265625
5 0.7046875 0.5109375 0.0296875 0.05703125
8 0.6640625 0.57734375 0.0375 0.096875
5 0.703125 0.34453125 0.02421875 0.0359375
5 0.7140625 0.29921875 0.01328125 0.02734375
5 0.68359375 0.259375 0.02109375 0.04375
5 0.6765625 0.228125 0.0203125 0.03125
5 0.75703125 0.11171875 0.02890625 0.034375
5 0.70390625 0.1234375 0.0265625 0.0390625
5 0.740625 0.09375 0.03203125 0.03125
5 0.725 0.06328125 0.0171875 0.03203125
5 0.6125 0.021875 0.01953125 0.0375
5 0.6125 0.05625 0.0203125 0.03515625
5 0.6296875 0.06875 0.021875 0.046875
5 0.64296875 0.128125 0.015625 0.03125
5 0.62265625 0.15390625 0.01875 0.03828125
5 0.5375 0.1609375 0.0234375 0.03671875
5 0.55234375 0.15 0.028125 0.03671875
8 0.503125 0.31640625 0.03359375 0.1328125
5 0.4734375 0.2609375 0.0171875 0.03671875
5 0.51328125 0.06640625 0.01796875 0.02578125
5 0.521875 0.0296875 0.0203125 0.03046875
5 0.46328125 0.15078125 0.02109375 0.034375
5 0.4453125 0.2171875 0.01875 0.02890625
5 0.4890625 0.165625 0.02578125 0.02578125
5 0.28046875 0.1046875 0.02265625 0.040625
8 0.27265625 0.12890625 0.059375 0.078125
8 0.03125 0.80078125 0.0515625 0.065625
5 0.45625 0.02421875 0.01796875 0.03046875
5 0.02421875 0.81328125 0.02421875 0.03359375
5 0.24453125 0.11171875 0.015625 0.03125
5 0.259375 0.1265625 0.0171875 0.04140625
5 0.28984375 0.13828125 0.0203125 0.03125
5 0.50078125 0.28828125 0.01953125 0.034375
5 0.50234375 0.33359375 0.021875 0.03359375
5 0.6671875 0.58125 0.01875 0.034375
5 0.7546875 0.59921875 0.0203125 0.04375