8 0.74375 0.6109375 0.046875 0.1265625
5 0.7046875 0.51640625 0.0296875 0.05703125
8 0.66484375 0.59296875 0.0375 0.096875
5 0.7015625 0.34921875 0.02421875 0.0359375
5 0.7125 0.3 0.01328125 0.02734375
5 0.66875 0.25703125 0.0203125 0.0421875
5 0.67265625 0.228125 0.01953125 0.03046875
5 0.75703125 0.11328125 0.02890625 0.034375
5 0.703125 0.12578125 0.028125 0.040625
5 0.740625 0.09609375 0.03203125 0.03125
5 0.7234375 0.06171875 0.0171875 0.03203125
5 0.60859375 0.01953125 0.01875 0.0359375
5 0.60859375 0.05859375 0.0203125 0.03515625
5 0.62734375 0.071875 0.021875 0.046875
5 0.640625 0.128125 0.015625 0.03125
5 0.61953125 0.15703125 0.01875 0.03828125
5 0.5328125 0.16328125 0.021875 0.034375
5 0.5515625 0.15703125 0.0265625 0.034375
8 0.5015625 0.32734375 0.03203125 0.1265625
5 0.4765625 0.25703125 0.01640625 0.034375
5 0.5109375 0.06796875 0.01796875 0.02578125
5 0.51953125 0.03125 0.0203125 0.03046875
5 0.46484375 0.1484375 0.02109375 0.034375
5 0.446875 0.22109375 0.01875 0.02890625
5 0.49140625 0.1671875 0.0265625 0.0265625
5 0.27890625 0.11328125 0.02265625 0.040625
8 0.2734375 0.13359375 0.05625 0.07421875
8 0.03515625 0.79765625 0.04921875 0.0625
5 0.45390625 0.0328125 0.01796875 0.03046875
5 0.0265625 0.80703125 0.021875 0.02734375
5 0.24765625 0.11796875 0.0140625 0.03125
5 0.2609375 0.1296875 0.015625 0.03671875
5 0.28828125 0.1421875 0.02421875 0.03046875
5 0.49765625 0.30078125 0.02109375 0.0296875
5 0.50234375 0.34765625 0.0203125 0.03125
5 0.66796875 0.59375 0.01875 0.03359375
5 0.75 0.61953125 0.01953125 0.03125