8 0.70859375 0.80078125 0.06171875 0.10546875
5 0.69609375 0.603125 0.028125 0.0546875
8 0.671875 0.759375 0.0328125 0.109375
5 0.696875 0.4078125 0.021875 0.03203125
5 0.70234375 0.3890625 0.01328125 0.02734375
5 0.6375 0.33046875 0.02109375 0.04375
5 0.6640625 0.303125 0.01953125 0.03046875
5 0.759375 0.19765625 0.02421875 0.03828125
5 0.69453125 0.22109375 0.0328125 0.046875
5 0.74140625 0.18359375 0.02421875 0.034375
5 0.71640625 0.1609375 0.0171875 0.03203125
5 0.58984375 0.10390625 0.01796875 0.034375
5 0.5921875 0.1703125 0.0203125 0.03515625
5 0.621875 0.16015625 0.0265625 0.05625
5 0.6328125 0.221875 0.0171875 0.034375
5 0.6140625 0.25078125 0.01953125 0.03984375
5 0.53203125 0.25859375 0.021875 0.034375
5 0.5625 0.2703125 0.03671875 0.06640625
8 0.503125 0.47265625 0.02890625 0.11484375
5 0.49921875 0.3296875 0.01796875 0.03828125
5 0.503125 0.159375 0.01796875 0.02578125
5 0.5109375 0.13203125 0.0203125 0.03046875
5 0.48515625 0.2296875 0.02109375 0.034375
5 0.46875 0.31796875 0.02109375 0.03203125
5 0.509375 0.24453125 0.0234375 0.0234375
8 0.05625 0.85546875 0.0515625 0.08515625
5 0.45234375 0.14453125 0.01953125 0.03359375
8 0.2859375 0.2375 0.07265625 0.065625
5 0.54609375 0.08515625 0.01953125 0.03671875
5 0.21640625 0.10390625 0.0328125 0.03828125
8 0.25859375 0.0515625 0.0640625 0.05546875
5 0.24140625 0.05546875 0.01875 0.03125
5 0.26171875 0.03984375 0.01484375 0.0265625
5 0.28046875 0.04609375 0.0171875 0.0359375
5 0.18125 0.021875 0.025 0.03828125
5 0.24296875 0.0125 0.01875 0.025
5 0.26015625 0.23125 0.01484375 0.03046875
5 0.27421875 0.240625 0.0203125 0.0375
5 0.28984375 0.23828125 0.0140625 0.040625
5 0.30546875 0.246875 0.02265625 0.03046875
5 0.496875 0.4515625 0.01953125 0.03046875
5 0.5078125 0.49296875 0.01953125 0.03359375
5 0.671875 0.759375 0.0203125 0.03125
5 0.71640625 0.80859375 0.021875 0.0359375
5 0.05234375 0.8671875 0.0203125 0.0375