8 0.72890625 0.7140625 0.06171875 0.10546875
5 0.703125 0.5640625 0.0265625 0.0515625
8 0.66875 0.684375 0.0328125 0.109375
5 0.7 0.3765625 0.02265625 0.03359375
5 0.70625 0.34453125 0.01328125 0.02734375
5 0.6484375 0.290625 0.02109375 0.04375
5 0.66640625 0.26953125 0.01953125 0.03046875
5 0.7578125 0.153125 0.0296875 0.03671875
5 0.69765625 0.171875 0.03125 0.04453125
5 0.73828125 0.13828125 0.03359375 0.03203125
5 0.71796875 0.10703125 0.0171875 0.03203125
5 0.59609375 0.0578125 0.01875 0.0359375
5 0.59765625 0.1140625 0.021875 0.03671875
5 0.6234375 0.1140625 0.02265625 0.04921875
5 0.6359375 0.17109375 0.015625 0.03125
5 0.61640625 0.20390625 0.01953125 0.03984375
5 0.53046875 0.2109375 0.02109375 0.0328125
5 0.5609375 0.22734375 0.0296875 0.03828125
8 0.5015625 0.40390625 0.03046875 0.1203125
5 0.490625 0.29140625 0.0171875 0.03671875
5 0.50546875 0.1140625 0.01796875 0.02578125
5 0.51328125 0.07890625 0.0203125 0.03046875
5 0.47734375 0.1875 0.02109375 0.034375
5 0.46171875 0.27109375 0.0203125 0.03046875
5 0.50546875 0.2015625 0.02578125 0.02578125
8 0.046875 0.83125 0.0515625 0.07578125
5 0.45625 0.0921875 0.01875 0.03125
8 0.2828125 0.1875 0.07265625 0.065625
5 0.54375 0.03671875 0.01953125 0.03671875
5 0.20390625 0.03828125 0.0296875 0.034375
5 0.25625 0.1828125 0.01328125 0.03203125
5 0.271875 0.18203125 0.0203125 0.034375
5 0.28671875 0.18125 0.0125 0.040625
5 0.30078125 0.19453125 0.021875 0.03203125
5 0.496875 0.37890625 0.01640625 0.03203125
5 0.5046875 0.4234375 0.0203125 0.02578125
5 0.6703125 0.684375 0.025 0.0359375
5 0.7296875 0.721875 0.01953125 0.0390625
5 0.0421875 0.8390625 0.02265625 0.0375
8 0.25703125 0.0125 0.0578125 0.025