8 0.71484375 0.77890625 0.06171875 0.10546875
5 0.6984375 0.59296875 0.028125 0.0546875
8 0.67109375 0.7390625 0.0328125 0.109375
5 0.69921875 0.40078125 0.02265625 0.03359375
5 0.703125 0.378125 0.01328125 0.02734375
5 0.63984375 0.32265625 0.02109375 0.04375
5 0.66484375 0.29296875 0.01953125 0.03046875
5 0.76015625 0.1859375 0.02421875 0.03828125
5 0.6953125 0.20703125 0.0328125 0.046875
5 0.7421875 0.17109375 0.02421875 0.034375
5 0.7171875 0.14609375 0.0171875 0.03203125
5 0.590625 0.090625 0.01796875 0.034375
5 0.59296875 0.15625 0.0203125 0.03515625
5 0.62265625 0.1484375 0.025 0.05390625
5 0.63359375 0.20546875 0.0171875 0.034375
5 0.6140625 0.23828125 0.01953125 0.03984375
5 0.53203125 0.246875 0.021875 0.034375
5 0.5625 0.25546875 0.03671875 0.06640625
8 0.50234375 0.453125 0.02890625 0.11484375
5 0.4953125 0.31796875 0.0171875 0.03671875
5 0.503125 0.1484375 0.01796875 0.02578125
5 0.51015625 0.11875 0.0203125 0.03046875
5 0.48515625 0.215625 0.02109375 0.034375
5 0.4671875 0.30390625 0.02109375 0.03203125
5 0.50859375 0.23359375 0.0234375 0.0234375
8 0.05390625 0.8421875 0.0515625 0.07578125
5 0.453125 0.13046875 0.01953125 0.03359375
8 0.28515625 0.2234375 0.06953125 0.0625
5 0.54609375 0.071875 0.01953125 0.03671875
5 0.2125 0.09453125 0.0328125 0.03828125
8 0.25859375 0.03828125 0.0640625 0.05546875
5 0.05 0.8609375 0.021875 0.04296875
5 0.26015625 0.2171875 0.0125 0.02734375
5 0.2734375 0.2234375 0.01953125 0.03125
5 0.28984375 0.2234375 0.01171875 0.0390625
5 0.3046875 0.2296875 0.01875 0.03359375
5 0.49609375 0.43125 0.01953125 0.0359375
5 0.50546875 0.47421875 0.02265625 0.03125
5 0.67109375 0.740625 0.0171875 0.03359375
5 0.72109375 0.7875 0.02421875 0.03125
5 0.178125 0.01171875 0.01875 0.0234375