8 0.6921875 0.9046875 0.06640625 0.09296875
5 0.68359375 0.64375 0.028125 0.0546875
8 0.675 0.86171875 0.0296875 0.09921875
5 0.684375 0.44765625 0.01953125 0.02890625
5 0.69765625 0.440625 0.01328125 0.02734375
5 0.63515625 0.371875 0.02421875 0.05078125
5 0.66328125 0.35546875 0.0203125 0.03125
5 0.76484375 0.26015625 0.0234375 0.03671875
5 0.6953125 0.2859375 0.02421875 0.046875
5 0.7421875 0.2484375 0.02578125 0.0359375
5 0.71328125 0.2265625 0.0171875 0.03203125
5 0.584375 0.18046875 0.01875 0.0359375
5 0.58671875 0.234375 0.0203125 0.03515625
5 0.6171875 0.2265625 0.0265625 0.05625
5 0.63125 0.29453125 0.0171875 0.034375
5 0.6109375 0.3171875 0.01953125 0.03984375
5 0.5328125 0.32421875 0.02421875 0.03828125
5 0.56484375 0.34140625 0.03671875 0.06640625
8 0.50859375 0.5640625 0.03671875 0.11484375
5 0.5109375 0.39375 0.01875 0.040625
5 0.509375 0.1953125 0.01796875 0.02578125
5 0.51015625 0.19921875 0.0203125 0.03046875
5 0.49140625 0.28203125 0.02109375 0.034375
5 0.48125 0.38359375 0.0234375 0.03515625
5 0.51171875 0.30859375 0.021875 0.021875
8 0.065625 0.9 0.0515625 0.07578125
5 0.45 0.209375 0.01953125 0.03359375
8 0.29296875 0.31015625 0.06953125 0.0625
5 0.54453125 0.15078125 0.01953125 0.03671875
5 0.23359375 0.2265625 0.03125 0.03671875
8 0.2609375 0.11796875 0.07421875 0.0640625
5 0.18515625 0.09921875 0.02265625 0.0359375
5 0.2453125 0.08203125 0.02109375 0.03359375
5 0.2765625 0.06875 0.02421875 0.0375
5 0.521875 0.06640625 0.0234375 0.053125
5 0.678125 0.85625 0.01484375 0.04296875
5 0.69765625 0.91640625 0.01875 0.040625
5 0.0640625 0.91328125 0.025 0.03515625
5 0.4984375 0.546875 0.02109375 0.03359375
5 0.5125 0.58046875 0.01875 0.03359375
5 0.26640625 0.30703125 0.01640625 0.03203125
5 0.28359375 0.30703125 0.0171875 0.03125
5 0.296875 0.31015625 0.0171875 0.0375
5 0.315625 0.31328125 0.01953125 0.03203125
5 0.24296875 0.1234375 0.0125 0.0296875
5 0.253125 0.1140625 0.015625 0.034375
5 0.26171875 0.10625 0.0125 0.0375
5 0.27890625 0.11484375 0.0109375 0.04453125