5 0.65078125 0.68828125 0.03671875 0.0640625
5 0.6609375 0.5265625 0.025 0.03671875
5 0.68671875 0.52890625 0.0125 0.02578125
5 0.6234375 0.49921875 0.021875 0.04609375
5 0.65390625 0.44921875 0.01875 0.02890625
5 0.76328125 0.38046875 0.02421875 0.03828125
5 0.6953125 0.409375 0.02578125 0.04921875
5 0.7375 0.37578125 0.028125 0.03984375
5 0.7140625 0.3453125 0.01953125 0.0359375
5 0.578125 0.32734375 0.0171875 0.03203125
5 0.58125 0.38671875 0.0203125 0.03515625
5 0.6078125 0.37578125 0.0265625 0.04296875
5 0.63046875 0.4234375 0.0171875 0.034375
5 0.609375 0.43515625 0.015625 0.03125
5 0.52734375 0.45234375 0.02578125 0.040625
5 0.56796875 0.46953125 0.03671875 0.06640625
8 0.5125 0.728125 0.03671875 0.11484375
5 0.528125 0.52578125 0.01875 0.040625
5 0.50625 0.3484375 0.01796875 0.02578125
5 0.51171875 0.3234375 0.0203125 0.03046875
5 0.5078125 0.40703125 0.02109375 0.034375
5 0.5171875 0.46875 0.021875 0.03359375
5 0.5171875 0.4578125 0.0203125 0.01953125
5 0.45 0.3140625 0.01875 0.03125
8 0.3125 0.44140625 0.07265625 0.065625
5 0.54296875 0.27109375 0.021875 0.040625
5 0.271875 0.38984375 0.034375 0.040625
8 0.26953125 0.25390625 0.06484375 0.0609375
5 0.178125 0.24453125 0.02734375 0.04375
5 0.240625 0.21640625 0.021875 0.0359375
5 0.528125 0.20703125 0.021875 0.05078125
5 0.3171875 0.20625 0.01796875 0.0328125
5 0.2578125 0.2515625 0.01640625 0.034375
5 0.27109375 0.25390625 0.01640625 0.04453125
5 0.28359375 0.25 0.0203125 0.034375
5 0.28671875 0.43671875 0.015625 0.03046875
5 0.30078125 0.4390625 0.01796875 0.040625
5 0.31796875 0.44140625 0.0140625 0.0453125
5 0.32890625 0.44921875 0.01796875 0.03125
5 0.0953125 0.98515625 0.021875 0.02890625
5 0.5109375 0.7125 0.015625 0.03515625
5 0.52109375 0.75703125 0.01875 0.04296875