5 0.64453125 0.734375 0.03671875 0.0640625
5 0.64453125 0.56640625 0.028125 0.04140625
5 0.66953125 0.57890625 0.0125 0.02578125
5 0.6296875 0.56171875 0.02421875 0.05078125
5 0.64609375 0.5015625 0.0171875 0.02578125
5 0.7625 0.44140625 0.028125 0.04453125
5 0.69375 0.47109375 0.02578125 0.04921875
5 0.7359375 0.434375 0.0296875 0.04140625
5 0.71640625 0.403125 0.02109375 0.03984375
5 0.57109375 0.3984375 0.01640625 0.03046875
5 0.58046875 0.45078125 0.01953125 0.03359375
5 0.5984375 0.44609375 0.0265625 0.04296875
5 0.6234375 0.48125 0.01640625 0.0328125
5 0.61015625 0.49609375 0.01484375 0.0296875
5 0.5359375 0.5078125 0.02578125 0.040625
5 0.5703125 0.53671875 0.03515625 0.06328125
8 0.521875 0.815625 0.03671875 0.11484375
5 0.52265625 0.55234375 0.0203125 0.078125
5 0.5109375 0.40546875 0.01796875 0.02578125
5 0.515625 0.38515625 0.0203125 0.03046875
5 0.51015625 0.4875 0.01953125 0.03125
5 0.50703125 0.56953125 0.0234375 0.0359375
5 0.53828125 0.6109375 0.02109375 0.028125
5 0.4515625 0.378125 0.0171875 0.02890625
8 0.321875 0.509375 0.06953125 0.0625
5 0.54453125 0.328125 0.01875 0.034375
5 0.29375 0.45 0.0328125 0.03828125
8 0.275 0.32421875 0.06171875 0.0578125
5 0.18359375 0.32734375 0.02734375 0.04375
5 0.24140625 0.29453125 0.02421875 0.0390625
5 0.5265625 0.27421875 0.021875 0.05078125
5 0.33515625 0.2609375 0.01875 0.034375
5 0.46875 0.053125 0.02109375 0.03828125
5 0.296875 0.50625 0.0109375 0.02890625
5 0.31015625 0.503125 0.01484375 0.04453125
5 0.325 0.50703125 0.01484375 0.04140625
5 0.33984375 0.51796875 0.0203125 0.03828125
5 0.51640625 0.79765625 0.01640625 0.03671875
5 0.52578125 0.83515625 0.02109375 0.03046875
5 0.265625 0.31953125 0.01953125 0.03515625
5 0.28046875 0.33203125 0.02109375 0.040625
5 0.290625 0.334375 0.01875 0.03359375