5 0.653125 0.68203125 0.03671875 0.0640625
5 0.6625 0.5171875 0.02421875 0.0359375
5 0.6890625 0.51875 0.01328125 0.02734375
5 0.6234375 0.4875 0.0234375 0.0484375
5 0.65625 0.43828125 0.01953125 0.03046875
5 0.7640625 0.36796875 0.02421875 0.03828125
5 0.6953125 0.3984375 0.02421875 0.046875
5 0.7390625 0.3625 0.028125 0.03984375
5 0.7125 0.33359375 0.01953125 0.0359375
5 0.58359375 0.31328125 0.01796875 0.034375
5 0.5828125 0.37421875 0.0203125 0.03515625
5 0.60859375 0.3609375 0.02734375 0.04453125
5 0.63046875 0.40859375 0.0171875 0.034375
5 0.609375 0.4234375 0.015625 0.03125
5 0.52734375 0.440625 0.02578125 0.040625
5 0.5671875 0.45625 0.03671875 0.06640625
8 0.51171875 0.7109375 0.03671875 0.11484375
5 0.52734375 0.50625 0.0203125 0.0421875
5 0.50390625 0.334375 0.01796875 0.02578125
5 0.51171875 0.30703125 0.01953125 0.02890625
5 0.50546875 0.39296875 0.02109375 0.034375
5 0.5046875 0.4859375 0.021875 0.03359375
5 0.51875 0.4515625 0.0203125 0.01953125
5 0.4484375 0.3109375 0.01875 0.03125
8 0.31015625 0.42734375 0.07265625 0.065625
5 0.54296875 0.25859375 0.021875 0.040625
5 0.265625 0.371875 0.034375 0.040625
8 0.2671875 0.23984375 0.08203125 0.07109375
5 0.17890625 0.23125 0.0265625 0.04140625
5 0.24140625 0.20078125 0.021875 0.0359375
5 0.284375 0.20859375 0.0234375 0.0359375
5 0.528125 0.1921875 0.021875 0.05078125
5 0.3125 0.196875 0.01796875 0.0328125
5 0.0921875 0.98046875 0.021875 0.0390625
5 0.2546875 0.2359375 0.01640625 0.03125
5 0.27109375 0.2359375 0.0140625 0.03671875
5 0.2828125 0.234375 0.01875 0.02421875
5 0.2859375 0.42421875 0.01328125 0.03125
5 0.3 0.4234375 0.01171875 0.04296875
5 0.31484375 0.42734375 0.0140625 0.04140625
5 0.32890625 0.434375 0.01796875 0.034375
5 0.509375 0.696875 0.01484375 0.02890625
5 0.52109375 0.73671875 0.01640625 0.03359375