5 0.64375 0.7234375 0.03671875 0.0640625
5 0.65078125 0.55546875 0.028125 0.04140625
5 0.675 0.565625 0.01328125 0.02734375
5 0.62734375 0.54453125 0.02421875 0.05078125
5 0.6484375 0.4890625 0.01796875 0.02734375
5 0.7625 0.4296875 0.02734375 0.04296875
5 0.6953125 0.45859375 0.02578125 0.04921875
5 0.73515625 0.421875 0.028125 0.03984375
5 0.71640625 0.39140625 0.0203125 0.03828125
5 0.5734375 0.38203125 0.015625 0.02890625
5 0.5796875 0.43671875 0.01953125 0.03359375
5 0.6 0.43203125 0.02734375 0.04453125
5 0.62578125 0.4734375 0.01640625 0.0328125
5 0.61015625 0.48359375 0.015625 0.03125
5 0.5359375 0.50078125 0.02578125 0.040625
5 0.5703125 0.521875 0.03515625 0.06328125
8 0.5203125 0.79765625 0.03671875 0.11484375
5 0.521875 0.54140625 0.0203125 0.078125
5 0.509375 0.39453125 0.01796875 0.02578125
5 0.51484375 0.3734375 0.0203125 0.03046875
5 0.50859375 0.46796875 0.01953125 0.03125
5 0.50546875 0.55625 0.0234375 0.0359375
5 0.53828125 0.596875 0.0203125 0.0265625
5 0.45078125 0.365625 0.01640625 0.02734375
8 0.31953125 0.4953125 0.06953125 0.0625
5 0.54765625 0.32109375 0.01953125 0.03671875
5 0.290625 0.43828125 0.0328125 0.03828125
8 0.2734375 0.309375 0.06171875 0.0578125
5 0.18515625 0.30859375 0.02734375 0.04375
5 0.24140625 0.28203125 0.0234375 0.03671875
5 0.5265625 0.26171875 0.0234375 0.053125
5 0.32890625 0.2484375 0.01875 0.034375
5 0.46796875 0.03359375 0.0203125 0.0359375
5 0.5171875 0.778125 0.0171875 0.0359375
5 0.52734375 0.81640625 0.01875 0.02890625
5 0.2953125 0.4890625 0.0140625 0.02734375
5 0.31171875 0.48984375 0.01484375 0.04453125
5 0.32421875 0.49453125 0.0125 0.040625
5 0.3390625 0.50078125 0.01875 0.03828125
5 0.26484375 0.30859375 0.01953125 0.02734375
5 0.27890625 0.3140625 0.0171875 0.040625
5 0.28828125 0.31796875 0.01640625 0.03125