5 0.64921875 0.696875 0.03671875 0.0640625
5 0.65859375 0.53046875 0.025 0.03671875
5 0.68515625 0.53828125 0.0125 0.02578125
5 0.6234375 0.509375 0.0234375 0.0484375
5 0.65234375 0.46171875 0.01796875 0.02734375
5 0.76328125 0.39375 0.02421875 0.03828125
5 0.69453125 0.421875 0.02421875 0.046875
5 0.7375 0.3875 0.028125 0.03984375
5 0.715625 0.35703125 0.01953125 0.0359375
5 0.5765625 0.32578125 0.0171875 0.03203125
5 0.58046875 0.39921875 0.0203125 0.03515625
5 0.60703125 0.390625 0.0265625 0.04296875
5 0.63046875 0.43203125 0.0171875 0.034375
5 0.61015625 0.44765625 0.015625 0.03125
5 0.5296875 0.465625 0.02578125 0.040625
5 0.56875 0.484375 0.03671875 0.06640625
8 0.51484375 0.7453125 0.03671875 0.11484375
5 0.52109375 0.4984375 0.01875 0.07421875
5 0.5078125 0.36171875 0.01796875 0.02578125
5 0.5125 0.3375 0.0203125 0.03046875
5 0.50703125 0.4203125 0.0203125 0.0328125
5 0.5015625 0.515625 0.021875 0.03359375
5 0.5296875 0.55078125 0.0203125 0.0265625
5 0.45 0.33203125 0.01796875 0.03046875
8 0.31484375 0.45546875 0.07265625 0.065625
5 0.54296875 0.2796875 0.021875 0.040625
5 0.27734375 0.40390625 0.0328125 0.03828125
8 0.27109375 0.26875 0.06484375 0.0609375
5 0.1765625 0.25859375 0.02734375 0.04375
5 0.2421875 0.23203125 0.0234375 0.03671875
5 0.5265625 0.221875 0.0234375 0.053125
5 0.32109375 0.21640625 0.01875 0.034375
8 0.10234375 0.98203125 0.0515625 0.0359375
5 0.5109375 0.7265625 0.02109375 0.0375
5 0.52265625 0.771875 0.0203125 0.0265625
5 0.2890625 0.45078125 0.0140625 0.0296875
5 0.30390625 0.45078125 0.0203125 0.03671875
5 0.31796875 0.453125 0.01484375 0.04765625
5 0.3328125 0.46171875 0.021875 0.040625
5 0.26171875 0.2671875 0.01875 0.03203125
5 0.27265625 0.26796875 0.0140625 0.03828125
5 0.28515625 0.27421875 0.0171875 0.03125