5 0.62734375 0.8171875 0.03125 0.05546875
5 0.64375 0.72578125 0.0265625 0.0390625
5 0.628125 0.68203125 0.0265625 0.05625
5 0.6359375 0.63203125 0.01796875 0.03671875
5 0.75703125 0.56171875 0.025 0.03828125
5 0.69296875 0.58125 0.021875 0.04296875
5 0.734375 0.54765625 0.0234375 0.0296875
5 0.71640625 0.51640625 0.01953125 0.0359375
5 0.5609375 0.52421875 0.0171875 0.03203125
5 0.5796875 0.56171875 0.01953125 0.03359375
5 0.61796875 0.6109375 0.01796875 0.0515625
5 0.590625 0.5859375 0.01171875 0.02421875
5 0.55390625 0.60703125 0.0234375 0.03671875
5 0.58046875 0.66015625 0.03671875 0.06640625
5 0.528125 0.671875 0.0234375 0.08984375
5 0.5140625 0.50625 0.0171875 0.02421875
5 0.51171875 0.48359375 0.01953125 0.02890625
5 0.51328125 0.6359375 0.01796875 0.0453125
5 0.51953125 0.69609375 0.0265625 0.04140625
5 0.5484375 0.734375 0.021875 0.0296875
5 0.446875 0.48515625 0.01953125 0.03359375
8 0.340625 0.6328125 0.0765625 0.06875
5 0.54296875 0.4375 0.03359375 0.034375
5 0.36484375 0.52109375 0.0296875 0.034375
8 0.29140625 0.45078125 0.06484375 0.0609375
5 0.1984375 0.45859375 0.02890625 0.0453125
5 0.26015625 0.4234375 0.02421875 0.0390625
5 0.52421875 0.3859375 0.0203125 0.0453125
5 0.34375 0.390625 0.01953125 0.03671875
5 0.484375 0.18828125 0.02109375 0.03828125
5 0.64375 0.665625 0.015625 0.03828125
5 0.52890625 0.946875 0.01796875 0.03359375
5 0.53671875 0.984375 0.02265625 0.03046875
5 0.31484375 0.63046875 0.0109375 0.03359375
5 0.3296875 0.63359375 0.02109375 0.04453125
5 0.34453125 0.63671875 0.02109375 0.04375
5 0.36015625 0.6484375 0.01875 0.04296875
5 0.28671875 0.4484375 0.0359375 0.0375
5 0.31328125 0.465625 0.0203125 0.03671875