5 0.63828125 0.7828125 0.0328125 0.0578125
5 0.64921875 0.66171875 0.0265625 0.0390625
5 0.64453125 0.6234375 0.01328125 0.02734375
5 0.6359375 0.62578125 0.02578125 0.05390625
5 0.63828125 0.57890625 0.0171875 0.034375
5 0.76171875 0.5109375 0.0234375 0.03671875
5 0.69296875 0.53359375 0.0234375 0.04453125
5 0.734375 0.5 0.0234375 0.0296875
5 0.715625 0.46796875 0.0203125 0.03828125
5 0.5609375 0.471875 0.01640625 0.03046875
5 0.5796875 0.51171875 0.01953125 0.03359375
5 0.61875 0.56015625 0.01796875 0.0515625
5 0.6015625 0.53046875 0.0125 0.02578125
5 0.5359375 0.56171875 0.02421875 0.03828125
5 0.575 0.60546875 0.03671875 0.06640625
8 0.52890625 0.90078125 0.03671875 0.11484375
5 0.52578125 0.6171875 0.02109375 0.08125
5 0.5125 0.45859375 0.0171875 0.02421875
5 0.51640625 0.44375 0.0203125 0.03046875
5 0.515625 0.56796875 0.0171875 0.028125
5 0.5140625 0.63828125 0.02421875 0.03671875
5 0.54609375 0.6859375 0.0234375 0.03125
5 0.45 0.44375 0.01875 0.03125
8 0.3328125 0.58125 0.06953125 0.0625
5 0.54296875 0.390625 0.03515625 0.03671875
5 0.3265625 0.4921875 0.0296875 0.034375
8 0.28125 0.39453125 0.06796875 0.0640625
5 0.18828125 0.40625 0.02734375 0.04375
5 0.25 0.36796875 0.02421875 0.0390625
5 0.525 0.33671875 0.021875 0.05078125
5 0.3421875 0.33359375 0.01875 0.034375
5 0.4796875 0.1296875 0.02109375 0.03828125
5 0.525 0.88046875 0.021875 0.034375
5 0.534375 0.92578125 0.0203125 0.040625
5 0.30703125 0.57578125 0.0140625 0.03203125
5 0.3203125 0.578125 0.01875 0.0515625
5 0.33671875 0.58203125 0.0125 0.046875
5 0.35078125 0.5890625 0.01796875 0.03828125
5 0.27734375 0.39453125 0.0265625 0.03515625
5 0.2953125 0.4015625 0.0234375 0.0390625