5 0.6390625 0.76015625 0.0328125 0.0578125
5 0.640625 0.60078125 0.0265625 0.0390625
5 0.659375 0.625 0.01328125 0.02734375
5 0.63359375 0.59921875 0.02421875 0.05078125
5 0.64140625 0.51328125 0.0171875 0.02578125
5 0.7640625 0.48359375 0.02265625 0.034375
5 0.69375 0.50859375 0.02421875 0.046875
5 0.73515625 0.47421875 0.02421875 0.03125
5 0.7171875 0.43359375 0.02109375 0.03984375
5 0.56640625 0.44140625 0.01640625 0.03046875
5 0.58046875 0.4875 0.01953125 0.03359375
5 0.6 0.49140625 0.025 0.040625
5 0.61953125 0.53125 0.0171875 0.04921875
5 0.61015625 0.534375 0.01328125 0.0265625
5 0.53828125 0.5421875 0.02578125 0.040625
5 0.5734375 0.5765625 0.03671875 0.06640625
8 0.5265625 0.86875 0.03671875 0.11484375
5 0.525 0.58828125 0.02109375 0.08125
5 0.5125 0.434375 0.01796875 0.02578125
5 0.51484375 0.42109375 0.0203125 0.03046875
5 0.51484375 0.52421875 0.01875 0.0296875
5 0.51171875 0.60859375 0.0234375 0.0359375
5 0.54375 0.65625 0.0234375 0.03125
5 0.4515625 0.41484375 0.01875 0.03125
8 0.32890625 0.5515625 0.06640625 0.059375
5 0.54296875 0.365625 0.03515625 0.03671875
5 0.3109375 0.47421875 0.0328125 0.03828125
8 0.27890625 0.36640625 0.06796875 0.0640625
5 0.18515625 0.37578125 0.02734375 0.04375
5 0.24609375 0.3375 0.02578125 0.04140625
5 0.5265625 0.31015625 0.021875 0.05078125
5 0.33984375 0.30078125 0.01875 0.034375
5 0.47421875 0.10234375 0.02109375 0.03828125
5 0.27109375 0.35859375 0.0234375 0.034375
5 0.2859375 0.36953125 0.0265625 0.03515625
5 0.303125 0.54921875 0.01328125 0.03125
5 0.31875 0.54609375 0.01875 0.040625
5 0.3328125 0.55078125 0.01640625 0.040625
5 0.34765625 0.5578125 0.01875 0.040625
5 0.52109375 0.84609375 0.0203125 0.034375
5 0.53203125 0.88984375 0.015625 0.0421875