5 0.6265625 0.82578125 0.03125 0.05546875
5 0.64140625 0.73984375 0.0265625 0.0390625
5 0.628125 0.69609375 0.0265625 0.05625
5 0.6359375 0.64375 0.01796875 0.03671875
5 0.75625 0.57421875 0.025 0.03828125
5 0.69375 0.59296875 0.021875 0.04296875
5 0.73515625 0.56015625 0.0234375 0.0296875
5 0.715625 0.52109375 0.01953125 0.0359375
5 0.56015625 0.534375 0.0171875 0.03203125
5 0.58125 0.571875 0.01875 0.03203125
5 0.6171875 0.6234375 0.01796875 0.0515625
5 0.5921875 0.5953125 0.01171875 0.02421875
5 0.55546875 0.61796875 0.0234375 0.03671875
5 0.58046875 0.67421875 0.0390625 0.06953125
5 0.528125 0.6875 0.0234375 0.08984375
5 0.51484375 0.51796875 0.0171875 0.02421875
5 0.5125 0.49921875 0.01953125 0.02890625
5 0.51171875 0.65703125 0.01953125 0.04765625
5 0.52109375 0.71171875 0.028125 0.04296875
5 0.5484375 0.7484375 0.021875 0.0296875
5 0.44765625 0.49453125 0.01953125 0.03359375
8 0.34296875 0.6453125 0.0765625 0.06875
5 0.54296875 0.44921875 0.03359375 0.034375
5 0.37109375 0.52734375 0.028125 0.0328125
8 0.29453125 0.4640625 0.06171875 0.0578125
5 0.2015625 0.471875 0.03046875 0.04765625
5 0.2625 0.43984375 0.02421875 0.0390625
5 0.52421875 0.396875 0.0203125 0.0453125
5 0.34296875 0.40234375 0.01953125 0.03671875
5 0.48515625 0.20390625 0.02109375 0.03828125
5 0.6453125 0.678125 0.015625 0.03828125
5 0.53125 0.959375 0.015625 0.0375
5 0.31640625 0.64375 0.0125 0.03125
5 0.33125 0.64375 0.01640625 0.040625
5 0.3453125 0.6515625 0.01484375 0.03671875
5 0.359375 0.65390625 0.01953125 0.0390625
5 0.29296875 0.46796875 0.02734375 0.03359375
5 0.309375 0.471875 0.028125 0.04140625