5 0.63984375 0.77265625 0.0328125 0.0578125
5 0.653125 0.64765625 0.0265625 0.0390625
5 0.64453125 0.61171875 0.01328125 0.02734375
5 0.634375 0.6125 0.02421875 0.05078125
5 0.63828125 0.56640625 0.0171875 0.034375
5 0.76328125 0.496875 0.02265625 0.034375
5 0.69375 0.5203125 0.02421875 0.046875
5 0.73515625 0.4875 0.02421875 0.03125
5 0.71640625 0.4546875 0.0203125 0.03828125
5 0.5625 0.45625 0.01640625 0.03046875
5 0.58046875 0.50078125 0.01953125 0.03359375
5 0.59609375 0.5015625 0.02421875 0.03828125
5 0.61875 0.54453125 0.0171875 0.04921875
5 0.60390625 0.51953125 0.01328125 0.0265625
5 0.53828125 0.55859375 0.02578125 0.040625
5 0.575 0.59296875 0.03671875 0.06640625
8 0.52734375 0.88515625 0.03671875 0.11484375
5 0.52578125 0.603125 0.02109375 0.08125
5 0.51328125 0.44765625 0.0171875 0.02421875
5 0.5140625 0.42890625 0.0203125 0.03046875
5 0.515625 0.54921875 0.01875 0.0296875
5 0.51171875 0.6234375 0.0234375 0.0359375
5 0.54375 0.66875 0.0234375 0.03125
5 0.453125 0.43359375 0.01875 0.03125
8 0.33203125 0.56640625 0.06953125 0.0625
5 0.5421875 0.378125 0.03515625 0.03671875
5 0.32265625 0.48359375 0.03125 0.03671875
8 0.28046875 0.38046875 0.06796875 0.0640625
5 0.1875 0.39140625 0.02734375 0.04375
5 0.2484375 0.3515625 0.02421875 0.0390625
5 0.5265625 0.32421875 0.021875 0.05078125
5 0.340625 0.31640625 0.01875 0.034375
5 0.4765625 0.11640625 0.02109375 0.03828125
5 0.2734375 0.37890625 0.02421875 0.0359375
5 0.29140625 0.3890625 0.02421875 0.0375
5 0.3046875 0.5625 0.0125 0.03125
5 0.3203125 0.5640625 0.01953125 0.040625
5 0.334375 0.5703125 0.015625 0.04140625
5 0.34921875 0.571875 0.0203125 0.0359375
5 0.521875 0.8640625 0.02421875 0.034375
5 0.5328125 0.9046875 0.0203125 0.03828125