5 0.621875 0.88046875 0.03125 0.05546875
5 0.6375 0.8390625 0.0265625 0.0390625
5 0.634375 0.784375 0.028125 0.059375
5 0.63515625 0.73203125 0.01796875 0.03671875
5 0.75078125 0.6796875 0.025 0.03828125
5 0.6921875 0.67890625 0.021875 0.04296875
5 0.73515625 0.65078125 0.0234375 0.0296875
5 0.7125 0.61328125 0.01796875 0.034375
5 0.55703125 0.6109375 0.01875 0.0359375
5 0.58515625 0.65078125 0.01796875 0.0328125
5 0.6203125 0.71328125 0.01796875 0.0515625
5 0.59375 0.68671875 0.0125 0.02578125
5 0.56484375 0.69609375 0.021875 0.034375
5 0.5890625 0.77890625 0.03515625 0.06328125
5 0.53046875 0.79375 0.0265625 0.10390625
5 0.51484375 0.60859375 0.0171875 0.02421875
5 0.5125 0.59921875 0.01953125 0.02890625
5 0.51171875 0.79296875 0.02109375 0.05234375
5 0.53203125 0.82890625 0.0265625 0.04140625
5 0.5609375 0.84765625 0.0234375 0.03125
5 0.4515625 0.6109375 0.02109375 0.0515625
8 0.35625 0.753125 0.07265625 0.065625
5 0.54375 0.54453125 0.03203125 0.0421875
5 0.42109375 0.59296875 0.03125 0.03671875
8 0.32265625 0.57109375 0.06484375 0.0609375
5 0.21640625 0.559375 0.03359375 0.053125
5 0.28359375 0.5515625 0.0265625 0.04296875
5 0.52421875 0.48828125 0.02109375 0.04765625
5 0.34921875 0.51953125 0.01796875 0.0328125
5 0.49296875 0.3265625 0.021875 0.03984375
5 0.646875 0.7703125 0.0171875 0.04140625
5 0.16875 0.04609375 0.02734375 0.04453125
5 0.33046875 0.75078125 0.0125 0.03359375
5 0.34453125 0.74609375 0.01875 0.0375
5 0.3578125 0.7609375 0.01640625 0.03125
5 0.37265625 0.76171875 0.02109375 0.034375
5 0.3203125 0.5765625 0.0265625 0.03828125
5 0.33671875 0.58203125 0.01640625 0.03125
5 0.3484375 0.58671875 0.01328125 0.03828125