5 0.62109375 0.871875 0.0328125 0.0578125
5 0.634375 0.82734375 0.028125 0.04140625
5 0.6328125 0.77734375 0.028125 0.059375
5 0.63359375 0.72265625 0.01875 0.03828125
5 0.75 0.66875 0.025 0.03828125
5 0.6921875 0.66953125 0.021875 0.04296875
5 0.73671875 0.640625 0.021875 0.028125
5 0.71171875 0.60390625 0.01796875 0.034375
5 0.559375 0.60078125 0.01875 0.0359375
5 0.5859375 0.63203125 0.01484375 0.025
5 0.6203125 0.7015625 0.0171875 0.04921875
5 0.59375 0.67265625 0.0125 0.02578125
5 0.56328125 0.6875 0.0234375 0.03671875
5 0.58828125 0.76875 0.03515625 0.06328125
5 0.52890625 0.78203125 0.0265625 0.10390625
5 0.51484375 0.5984375 0.0171875 0.02421875
5 0.5125 0.5890625 0.01953125 0.02890625
5 0.5125 0.778125 0.02109375 0.05234375
5 0.5328125 0.81171875 0.0265625 0.04140625
5 0.55859375 0.83828125 0.0234375 0.03125
5 0.4515625 0.60234375 0.02109375 0.0515625
8 0.3546875 0.7421875 0.07265625 0.065625
5 0.54375 0.5359375 0.03203125 0.0421875
5 0.415625 0.5828125 0.0296875 0.034375
8 0.31875 0.5609375 0.06796875 0.0640625
5 0.215625 0.546875 0.03359375 0.053125
5 0.27890625 0.540625 0.02578125 0.04140625
5 0.52421875 0.4796875 0.02109375 0.04765625
5 0.3484375 0.50703125 0.01796875 0.0328125
5 0.49375 0.3140625 0.021875 0.03984375
5 0.646875 0.75859375 0.0171875 0.04140625
5 0.3171875 0.56640625 0.02265625 0.0375
5 0.33203125 0.571875 0.0171875 0.028125
5 0.34296875 0.5765625 0.0125 0.03828125
5 0.32890625 0.73984375 0.0125 0.028125
5 0.34453125 0.7390625 0.01875 0.03203125
5 0.3578125 0.74609375 0.015625 0.0359375
5 0.37265625 0.75234375 0.02109375 0.02578125
5 0.16953125 0.0328125 0.021875 0.046875