5 0.62421875 0.9171875 0.0296875 0.05234375
5 0.6390625 0.89296875 0.025 0.0375
5 0.634375 0.8390625 0.0296875 0.0625
5 0.6359375 0.7890625 0.015625 0.03125
5 0.75078125 0.73828125 0.02265625 0.034375
5 0.69296875 0.7359375 0.021875 0.04296875
5 0.7390625 0.7015625 0.0234375 0.0296875
5 0.7140625 0.66953125 0.01953125 0.0359375
5 0.55390625 0.67578125 0.02109375 0.0390625
5 0.58671875 0.703125 0.01796875 0.0328125
5 0.61640625 0.76015625 0.01796875 0.0515625
5 0.5953125 0.734375 0.01171875 0.02421875
5 0.56953125 0.74921875 0.02421875 0.04453125
5 0.59375 0.84453125 0.03203125 0.05703125
5 0.534375 0.85703125 0.02421875 0.09453125
5 0.51484375 0.66328125 0.0171875 0.02421875
5 0.5125 0.65625 0.01953125 0.02890625
5 0.509375 0.86796875 0.02265625 0.05546875
5 0.540625 0.89140625 0.0296875 0.0453125
5 0.5625 0.91171875 0.02578125 0.034375
5 0.4515625 0.66171875 0.0234375 0.05703125
8 0.3671875 0.8203125 0.07265625 0.065625
5 0.54453125 0.6 0.03203125 0.0421875
5 0.45234375 0.63359375 0.034375 0.040625
8 0.34296875 0.6390625 0.06484375 0.0609375
5 0.228125 0.621875 0.03671875 0.0578125
5 0.5234375 0.54453125 0.0203125 0.0453125
5 0.34296875 0.60234375 0.01640625 0.03125
5 0.496875 0.40546875 0.021875 0.03984375
5 0.6515625 0.83203125 0.01953125 0.04921875
5 0.16796875 0.096875 0.02734375 0.04453125
5 0.3890625 0.834375 0.01953125 0.028125
5 0.3734375 0.8296875 0.015625 0.04140625
5 0.359375 0.81796875 0.01796875 0.04375
5 0.34453125 0.821875 0.0171875 0.0421875
5 0.33359375 0.64296875 0.0171875 0.0296875
5 0.346875 0.64375 0.015625 0.03984375
5 0.3640625 0.6546875 0.01875 0.03359375
5 0.3125 0.628125 0.0171875 0.0265625