5 0.6203125 0.93984375 0.03125 0.05546875
5 0.64453125 0.93125 0.0265625 0.0390625
5 0.63671875 0.878125 0.0296875 0.0625
5 0.6375 0.82578125 0.015625 0.03125
5 0.759375 0.771875 0.02265625 0.034375
5 0.69375 0.77109375 0.021875 0.04296875
5 0.746875 0.72578125 0.034375 0.04921875
5 0.721875 0.69375 0.02109375 0.03984375
5 0.55234375 0.71640625 0.021875 0.04140625
5 0.5875 0.740625 0.01796875 0.0328125
5 0.6203125 0.790625 0.01796875 0.0515625
5 0.59296875 0.76875 0.01171875 0.02421875
5 0.57109375 0.78984375 0.02421875 0.04453125
5 0.59609375 0.88359375 0.03359375 0.0609375
5 0.53828125 0.89609375 0.0234375 0.08984375
5 0.515625 0.696875 0.0171875 0.02421875
5 0.51328125 0.69140625 0.01796875 0.028125
5 0.51015625 0.9125 0.02265625 0.05546875
5 0.54453125 0.94765625 0.0203125 0.04765625
5 0.565625 0.95234375 0.02578125 0.034375
5 0.453125 0.69765625 0.021875 0.0546875
8 0.3734375 0.8609375 0.084375 0.07578125
5 0.54375 0.6359375 0.03359375 0.04453125
5 0.4578125 0.66796875 0.0328125 0.03828125
8 0.35703125 0.684375 0.06171875 0.0578125
5 0.234375 0.6609375 0.0390625 0.0609375
5 0.5234375 0.58046875 0.0203125 0.0453125
5 0.34453125 0.64296875 0.01640625 0.03125
5 0.496875 0.45546875 0.0234375 0.04140625
5 0.653125 0.86875 0.01875 0.046875
5 0.1671875 0.13125 0.02734375 0.04453125
5 0.34921875 0.865625 0.0171875 0.0359375
5 0.3640625 0.83828125 0.01875 0.0296875
5 0.37734375 0.865625 0.0125 0.0390625
5 0.39375 0.871875 0.021875 0.0328125
5 0.3828125 0.70390625 0.0171875 0.040625
5 0.371875 0.69609375 0.0125 0.03046875
5 0.3640625 0.6875 0.01875 0.03125
5 0.35 0.68125 0.0171875 0.02890625
5 0.33984375 0.67734375 0.0171875 0.02890625