5 0.61875 0.95078125 0.03125 0.05546875
5 0.64296875 0.95 0.0265625 0.0390625
5 0.63828125 0.9 0.028125 0.059375
5 0.6375 0.84609375 0.01640625 0.0328125
5 0.76171875 0.78828125 0.0359375 0.034375
5 0.69453125 0.79375 0.021875 0.04296875
5 0.7484375 0.7390625 0.034375 0.04921875
5 0.72734375 0.70703125 0.0328125 0.053125
5 0.55078125 0.740625 0.021875 0.04140625
5 0.5890625 0.76328125 0.0171875 0.03125
5 0.6234375 0.8109375 0.0171875 0.04921875
5 0.59296875 0.790625 0.01171875 0.02421875
5 0.57265625 0.8078125 0.02421875 0.04453125
5 0.59765625 0.9078125 0.03359375 0.0609375
5 0.5390625 0.92109375 0.02421875 0.09453125
5 0.515625 0.71796875 0.0171875 0.02421875
5 0.51328125 0.71171875 0.01796875 0.028125
5 0.51015625 0.934375 0.0234375 0.0578125
5 0.54921875 0.97421875 0.0203125 0.04765625
5 0.56640625 0.97578125 0.02578125 0.034375
5 0.45234375 0.71875 0.0203125 0.04921875
8 0.37578125 0.884375 0.0890625 0.0796875
5 0.54375 0.65703125 0.03359375 0.04453125
5 0.45625 0.69765625 0.0328125 0.03828125
8 0.3671875 0.7109375 0.06171875 0.0578125
5 0.2453125 0.6984375 0.02734375 0.03828125
5 0.525 0.60546875 0.02109375 0.04765625
5 0.34765625 0.67421875 0.01640625 0.03125
5 0.4953125 0.48203125 0.0234375 0.04140625
5 0.65234375 0.89140625 0.01875 0.046875
5 0.165625 0.15 0.02734375 0.04453125
5 0.35234375 0.8890625 0.015625 0.0265625
5 0.3703125 0.859375 0.02890625 0.0359375
5 0.3796875 0.88671875 0.0171875 0.0453125
5 0.396875 0.9 0.01875 0.0390625
5 0.39140625 0.728125 0.01640625 0.028125
5 0.37890625 0.7234375 0.009375 0.0375
5 0.36328125 0.7140625 0.01875 0.034375
5 0.3515625 0.696875 0.01875 0.02890625