5 0.6453125 0.946875 0.0265625 0.05625
5 0.63828125 0.890625 0.0171875 0.034375
5 0.76796875 0.83125 0.0359375 0.034375
5 0.69453125 0.8390625 0.02421875 0.046875
5 0.734375 0.75390625 0.034375 0.04921875
5 0.7546875 0.77578125 0.034375 0.05546875
5 0.55 0.8015625 0.021875 0.04140625
5 0.58671875 0.80859375 0.01796875 0.0328125
5 0.628125 0.853125 0.01640625 0.046875
5 0.5921875 0.83359375 0.0125 0.02578125
5 0.58046875 0.8484375 0.02265625 0.0421875
5 0.6 0.9578125 0.03515625 0.06328125
5 0.51640625 0.76171875 0.01875 0.0265625
5 0.51484375 0.75703125 0.01796875 0.028125
5 0.453125 0.765625 0.021875 0.0546875
8 0.38125 0.93203125 0.084375 0.07578125
5 0.54375 0.69921875 0.03359375 0.04453125
5 0.4546875 0.7515625 0.03125 0.03671875
8 0.37578125 0.759375 0.06171875 0.0578125
5 0.25703125 0.74921875 0.03046875 0.04140625
5 0.525 0.659375 0.02109375 0.04765625
5 0.3578125 0.725 0.01796875 0.0328125
5 0.49609375 0.5515625 0.02578125 0.04609375
5 0.653125 0.93046875 0.0203125 0.0515625
5 0.16484375 0.19453125 0.02890625 0.046875
5 0.609375 0.86015625 0.01484375 0.0390625
5 0.3609375 0.94140625 0.01796875 0.02890625
5 0.37734375 0.90703125 0.025 0.03046875
5 0.38984375 0.9484375 0.01171875 0.03203125
5 0.40390625 0.95078125 0.01875 0.040625
5 0.403125 0.78046875 0.0125 0.028125
5 0.39609375 0.78046875 0.01171875 0.0203125
5 0.38125 0.76796875 0.01796875 0.04375
5 0.36796875 0.765625 0.01484375 0.03046875
5 0.3578125 0.74609375 0.0171875 0.0203125