5 0.646875 0.96953125 0.0265625 0.05625
5 0.63828125 0.91015625 0.0171875 0.034375
5 0.77109375 0.853125 0.03359375 0.0328125
5 0.69375 0.859375 0.02421875 0.046875
5 0.73125 0.76796875 0.034375 0.04921875
5 0.75234375 0.79296875 0.0328125 0.053125
5 0.55078125 0.82578125 0.021875 0.04140625
5 0.5828125 0.83203125 0.01796875 0.0328125
5 0.62890625 0.86796875 0.01796875 0.0515625
5 0.5921875 0.85390625 0.01328125 0.0265625
5 0.5828125 0.86640625 0.02265625 0.0421875
5 0.51640625 0.78203125 0.01796875 0.02578125
5 0.5140625 0.778125 0.01796875 0.028125
5 0.453125 0.78515625 0.021875 0.0546875
8 0.384375 0.953125 0.084375 0.07578125
5 0.54453125 0.71796875 0.03203125 0.0421875
5 0.4546875 0.7734375 0.034375 0.040625
8 0.38515625 0.78984375 0.06171875 0.0578125
5 0.2640625 0.77734375 0.03046875 0.04140625
5 0.52265625 0.68203125 0.02109375 0.04765625
5 0.3625 0.7484375 0.01796875 0.0328125
5 0.49453125 0.578125 0.02578125 0.04609375
5 0.6484375 0.94453125 0.021875 0.05390625
5 0.165625 0.2140625 0.02890625 0.046875
5 0.61015625 0.8796875 0.015625 0.04140625
5 0.41015625 0.97265625 0.01953125 0.034375
5 0.390625 0.96953125 0.0140625 0.03203125
5 0.36015625 0.96484375 0.015625 0.034375
5 0.38125 0.92109375 0.0234375 0.0375
5 0.3671875 0.78046875 0.0140625 0.04609375
5 0.38359375 0.79296875 0.0125 0.0359375
5 0.39453125 0.8015625 0.0109375 0.0265625
5 0.40390625 0.79921875 0.01171875 0.03359375