5 0.63828125 0.953125 0.0171875 0.034375
5 0.7734375 0.89609375 0.0359375 0.034375
5 0.69453125 0.90078125 0.02421875 0.046875
5 0.73125 0.80390625 0.0359375 0.0515625
5 0.75625 0.83359375 0.0328125 0.053125
5 0.55 0.875 0.021875 0.04140625
5 0.57734375 0.88125 0.01875 0.034375
5 0.6328125 0.91171875 0.01796875 0.0515625
5 0.590625 0.88828125 0.01171875 0.02421875
5 0.58515625 0.90625 0.02265625 0.0421875
5 0.51640625 0.82265625 0.01796875 0.02578125
5 0.5140625 0.81875 0.01953125 0.02890625
5 0.4546875 0.82421875 0.021875 0.0546875
5 0.54453125 0.753125 0.03203125 0.0421875
5 0.4546875 0.8171875 0.0375 0.04453125
8 0.38359375 0.82578125 0.06171875 0.0578125
5 0.275 0.8234375 0.03046875 0.04140625
5 0.521875 0.728125 0.021875 0.05078125
5 0.36875 0.790625 0.01875 0.034375
5 0.4921875 0.63203125 0.02421875 0.04375
5 0.16640625 0.253125 0.02890625 0.046875
5 0.609375 0.921875 0.0171875 0.0453125
5 0.3890625 0.97109375 0.021875 0.03046875
8 0.39453125 0.99140625 0.065625 0.0171875
5 0.4078125 0.84765625 0.0140625 0.0265625
5 0.3921875 0.8359375 0.01953125 0.0265625
5 0.37109375 0.828125 0.0265625 0.034375