5 0.7828125 0.93671875 0.0375 0.03671875
5 0.69453125 0.94375 0.0234375 0.04453125
5 0.7421875 0.8609375 0.0359375 0.0515625
5 0.75703125 0.8703125 0.0296875 0.0484375
5 0.54921875 0.91953125 0.021875 0.04140625
5 0.571875 0.925 0.021875 0.03984375
5 0.63125 0.94921875 0.01796875 0.0515625
5 0.590625 0.9328125 0.01328125 0.0265625
5 0.58359375 0.94453125 0.021875 0.040625
5 0.51640625 0.86171875 0.01875 0.0265625
5 0.5140625 0.85859375 0.01953125 0.02890625
5 0.45546875 0.8609375 0.0234375 0.05703125
5 0.54296875 0.79296875 0.03359375 0.04453125
5 0.45390625 0.85703125 0.0375 0.04453125
8 0.3921875 0.87109375 0.06953125 0.07265625
5 0.284375 0.8765625 0.03046875 0.04140625
5 0.52421875 0.7703125 0.021875 0.05078125
5 0.375 0.84375 0.01640625 0.03125
5 0.49375 0.68515625 0.02421875 0.04375
5 0.1671875 0.2921875 0.02890625 0.046875
5 0.609375 0.9609375 0.0171875 0.0453125
5 0.41796875 0.903125 0.0171875 0.02265625
5 0.3984375 0.88125 0.0234375 0.03984375
5 0.38203125 0.87578125 0.01328125 0.02421875
5 0.3703125 0.875 0.0171875 0.03046875