5 0.63828125 0.94453125 0.0171875 0.034375
5 0.771875 0.884375 0.0359375 0.034375
5 0.69453125 0.89140625 0.02421875 0.046875
5 0.7328125 0.7984375 0.034375 0.04921875
5 0.75546875 0.82578125 0.0328125 0.053125
5 0.55078125 0.865625 0.02109375 0.0390625
5 0.57890625 0.87109375 0.01875 0.034375
5 0.63203125 0.90390625 0.01875 0.05390625
5 0.58984375 0.8796875 0.0125 0.02578125
5 0.5859375 0.90078125 0.02265625 0.0421875
5 0.51640625 0.81484375 0.01796875 0.02578125
5 0.5140625 0.81015625 0.01796875 0.028125
5 0.4546875 0.815625 0.021875 0.0546875
5 0.54375 0.74609375 0.03203125 0.0421875
5 0.4546875 0.80859375 0.0359375 0.0421875
8 0.38359375 0.81640625 0.06171875 0.0578125
5 0.27265625 0.8140625 0.03046875 0.04140625
5 0.521875 0.71953125 0.021875 0.05078125
5 0.36796875 0.7796875 0.01875 0.034375
5 0.49296875 0.62109375 0.02578125 0.04609375
5 0.16640625 0.24453125 0.02890625 0.046875
5 0.60859375 0.9140625 0.0171875 0.0453125
5 0.38515625 0.9625 0.021875 0.0296875
5 0.36640625 0.99140625 0.01171875 0.0171875
5 0.38984375 0.82421875 0.01328125 0.0296875
5 0.409375 0.83828125 0.01640625 0.02734375
5 0.375 0.82578125 0.01328125 0.03125
5 0.3625 0.81328125 0.0171875 0.0265625