5 0.75546875 0.95859375 0.03125 0.04453125
5 0.77265625 0.965625 0.02734375 0.04375
5 0.51484375 0.94765625 0.01796875 0.02578125
5 0.51328125 0.94375 0.01796875 0.028125
5 0.45703125 0.9359375 0.0234375 0.0359375
5 0.54296875 0.884375 0.0375 0.04921875
8 0.4015625 0.9640625 0.065625 0.06953125
5 0.3078125 0.978125 0.03046875 0.04140625
5 0.5234375 0.86015625 0.02578125 0.05859375
5 0.4046875 0.93125 0.01484375 0.02890625
5 0.49921875 0.80234375 0.02421875 0.04375
5 0.16875 0.38046875 0.02890625 0.046875
5 0.4484375 0.95625 0.01796875 0.034375
5 0.3859375 0.95625 0.0140625 0.02578125
5 0.40390625 0.9734375 0.01953125 0.03125
5 0.42265625 0.98828125 0.02421875 0.0234375