5 0.7859375 0.95546875 0.0375 0.03671875
5 0.6953125 0.9640625 0.0234375 0.04453125
5 0.753125 0.88828125 0.034375 0.04921875
5 0.75625 0.88984375 0.028125 0.04609375
5 0.54765625 0.946875 0.0203125 0.03671875
5 0.5671875 0.946875 0.021875 0.03984375
5 0.6328125 0.96796875 0.0171875 0.04921875
5 0.590625 0.95703125 0.01328125 0.0265625
5 0.5890625 0.9703125 0.021875 0.040625
5 0.515625 0.88359375 0.01875 0.0265625
5 0.5140625 0.8796875 0.01953125 0.02890625
5 0.4546875 0.88203125 0.0234375 0.05703125
5 0.54375 0.81640625 0.03515625 0.046875
5 0.453125 0.88046875 0.034375 0.040625
8 0.39375 0.8921875 0.06953125 0.07265625
5 0.28984375 0.8984375 0.03046875 0.04140625
5 0.5234375 0.79296875 0.0234375 0.053125
5 0.38046875 0.86640625 0.01640625 0.03125
5 0.49765625 0.7109375 0.02578125 0.04609375
5 0.16796875 0.3140625 0.02890625 0.046875
5 0.415625 0.915625 0.015625 0.034375
5 0.4015625 0.903125 0.0234375 0.02734375
5 0.38359375 0.890625 0.025 0.0234375