5 0.75546875 0.93828125 0.0328125 0.046875
5 0.7734375 0.9484375 0.028125 0.04609375
5 0.515625 0.93125 0.01796875 0.02578125
5 0.5140625 0.92578125 0.01796875 0.028125
5 0.45703125 0.91484375 0.0234375 0.0359375
5 0.54296875 0.865625 0.03515625 0.046875
8 0.40078125 0.946875 0.0625 0.065625
5 0.3015625 0.9515625 0.03046875 0.04140625
5 0.52265625 0.84140625 0.02578125 0.05859375
5 0.4 0.90625 0.01484375 0.02890625
5 0.4984375 0.775 0.0234375 0.04140625
5 0.16796875 0.3609375 0.02890625 0.046875
5 0.4484375 0.9375 0.01796875 0.034375
5 0.38515625 0.93046875 0.0125 0.028125
5 0.39609375 0.94375 0.009375 0.03203125
5 0.41328125 0.96328125 0.028125 0.04140625