5 0.7859375 0.94921875 0.0375 0.03671875
5 0.69453125 0.95390625 0.0234375 0.04453125
5 0.74375 0.871875 0.0359375 0.0515625
5 0.75703125 0.87890625 0.028125 0.04609375
5 0.54921875 0.93359375 0.02109375 0.0390625
5 0.56875 0.93515625 0.021875 0.03984375
5 0.63203125 0.959375 0.0171875 0.04921875
5 0.58828125 0.94140625 0.01328125 0.0265625
5 0.58671875 0.95625 0.021875 0.040625
5 0.515625 0.8734375 0.01875 0.0265625
5 0.51328125 0.86953125 0.01953125 0.02890625
5 0.45546875 0.87265625 0.02421875 0.06015625
5 0.54453125 0.80546875 0.03359375 0.04453125
5 0.45390625 0.86796875 0.0359375 0.0421875
8 0.39375 0.88203125 0.06953125 0.07265625
5 0.2875 0.8875 0.03046875 0.04140625
5 0.52421875 0.7828125 0.021875 0.05078125
5 0.37734375 0.8546875 0.01640625 0.03125
5 0.49453125 0.69765625 0.02421875 0.04375
5 0.16796875 0.30390625 0.02890625 0.046875
5 0.609375 0.97109375 0.0171875 0.0453125
5 0.4140625 0.903125 0.0203125 0.04140625
5 0.39921875 0.89453125 0.0265625 0.03359375
5 0.37890625 0.8828125 0.02421875 0.02265625