5 0.75 0.90625 0.034375 0.04921875
5 0.77109375 0.91640625 0.028125 0.04609375
5 0.54453125 0.971875 0.01875 0.0359375
5 0.56328125 0.971875 0.021875 0.03984375
5 0.515625 0.903125 0.01875 0.0265625
5 0.51328125 0.89921875 0.01796875 0.028125
5 0.459375 0.88671875 0.0234375 0.0359375
5 0.54375 0.8390625 0.03515625 0.046875
8 0.39609375 0.91640625 0.065625 0.06953125
5 0.29453125 0.91953125 0.03046875 0.04140625
5 0.52265625 0.8140625 0.02421875 0.05546875
5 0.38515625 0.88671875 0.01484375 0.02890625
5 0.4984375 0.73671875 0.02578125 0.04609375
5 0.1671875 0.33359375 0.02890625 0.046875
5 0.4484375 0.91015625 0.01796875 0.034375
5 0.37578125 0.90703125 0.0171875 0.02109375
5 0.38984375 0.915625 0.01796875 0.02734375
5 0.403125 0.92734375 0.0109375 0.0359375
5 0.41953125 0.9359375 0.01640625 0.03046875