5 0.75546875 0.97890625 0.028125 0.040625
5 0.5140625 0.97734375 0.01953125 0.028125
5 0.5125 0.9734375 0.01953125 0.02890625
5 0.45625 0.9609375 0.021875 0.034375
5 0.54375 0.91171875 0.03515625 0.046875
5 0.5234375 0.8859375 0.02578125 0.05859375
5 0.41484375 0.959375 0.01484375 0.02734375
5 0.50234375 0.840625 0.02578125 0.04609375
5 0.16953125 0.40703125 0.02890625 0.046875
5 0.4484375 0.98203125 0.01796875 0.034375
5 0.3921875 0.98359375 0.0171875 0.021875
8 0.40390625 0.97890625 0.05234375 0.0421875