5 0.34140625 0.50390625 0.0140625 0.02421875
5 0.378125 0.35546875 0.0203125 0.01953125
5 0.41640625 0.3984375 0.015625 0.02890625
5 0.47421875 0.28203125 0.0203125 0.02734375
5 0.45625 0.471875 0.0171875 0.04296875
5 0.49375 0.5046875 0.02109375 0.0265625
5 0.5046875 0.55703125 0.03203125 0.04609375
5 0.44453125 0.6671875 0.01640625 0.034375
5 0.5484375 0.52890625 0.021875 0.0265625
5 0.584375 0.5015625 0.02421875 0.0625
5 0.63046875 0.4609375 0.0265625 0.03359375
5 0.56171875 0.35703125 0.01875 0.0265625
5 0.58984375 0.29140625 0.021875 0.03203125
5 0.65078125 0.26484375 0.015625 0.02109375
5 0.653125 0.2890625 0.01875 0.028125
5 0.678125 0.37734375 0.0203125 0.0375
5 0.571875 0.89375 0.01796875 0.03515625
5 0.58046875 0.65390625 0.0140625 0.0375
5 0.60703125 0.1109375 0.0203125 0.03125
8 0.52734375 0.20859375 0.0703125 0.07734375
8 0.6671875 0.25703125 0.0390625 0.11875
8 0.696875 0.36328125 0.0453125 0.08359375
8 0.77578125 0.3109375 0.0578125 0.05234375
8 0.71796875 0.665625 0.0640625 0.06953125
5 0.70859375 0.63515625 0.01171875 0.01875
8 0.57578125 0.69765625 0.06875 0.05078125
5 0.56328125 0.69609375 0.01875 0.03125
5 0.59296875 0.6890625 0.01875 0.03125
5 0.7015625 0.65859375 0.01640625 0.034375
5 0.7171875 0.665625 0.015625 0.03671875
5 0.73203125 0.675 0.01640625 0.03671875
5 0.74140625 0.68203125 0.015625 0.0359375
5 0.778125 0.31328125 0.02109375 0.03671875
5 0.5375 0.215625 0.01484375 0.028125
5 0.51796875 0.2015625 0.02265625 0.0328125
5 0.5046875 0.18359375 0.015625 0.03671875