5 0.0578125 0.846875 0.02265625 0.03359375
5 0.153125 0.91171875 0.01875 0.03515625
5 0.1890625 0.8421875 0.02265625 0.04453125
5 0.209375 0.88671875 0.025 0.034375
5 0.33515625 0.5609375 0.0125 0.02109375
5 0.34609375 0.55625 0.01640625 0.02890625
5 0.5203125 0.7109375 0.01015625 0.015625
5 0.52734375 0.721875 0.0203125 0.02578125
5 0.80390625 0.22890625 0.021875 0.03671875
5 0.83671875 0.26875 0.028125 0.02890625
5 0.22578125 0.67109375 0.01796875 0.03046875
8 0.1796875 0.76875 0.0453125 0.09609375
8 0.1765625 0.64375 0.0328125 0.1109375
5 0.17421875 0.7390625 0.0140625 0.03203125
5 0.165625 0.75546875 0.0109375 0.02109375
5 0.16640625 0.59765625 0.0171875 0.0265625
5 0.17265625 0.6265625 0.01796875 0.0296875
5 0.1796875 0.6734375 0.01953125 0.03671875
5 0.1734375 0.77265625 0.01328125 0.028125
5 0.16796875 0.79609375 0.0125 0.02421875
5 0.16015625 0.803125 0.015625 0.02578125
5 0.19296875 0.78046875 0.01484375 0.0265625