5 0.946875 0.6828125 0.02734375 0.0484375
5 0.96171875 0.69296875 0.02109375 0.02734375
8 0.94453125 0.68046875 0.08359375 0.0828125
5 0.1046875 0.8390625 0.0265625 0.03046875
5 0.17421875 0.69453125 0.02578125 0.04609375
8 0.67890625 0.3390625 0.05703125 0.04765625
5 0.01640625 0.48828125 0.0234375 0.03046875
8 0.75234375 0.25390625 0.0546875 0.07421875
5 0.19375 0.6203125 0.025 0.046875
8 0.1203125 0.59375 0.03515625 0.14375
5 0.2515625 0.69296875 0.028125 0.04296875
5 0.6703125 0.5234375 0.0234375 0.05078125
5 0.7703125 0.3125 0.02421875 0.04296875
8 0.80390625 0.1859375 0.0609375 0.09296875
5 0.58671875 0.4859375 0.02578125 0.04375
5 0.2375 0.76875 0.03203125 0.03671875
5 0.9296875 0.246875 0.0359375 0.04453125
5 0.115625 0.5390625 0.0265625 0.034375
5 0.13046875 0.57578125 0.01875 0.025
5 0.1234375 0.60546875 0.015625 0.03046875
5 0.121875 0.6359375 0.01015625 0.02421875
5 0.13359375 0.659375 0.01796875 0.03046875
5 0.28828125 0.4984375 0.01640625 0.0375
5 0.31015625 0.51171875 0.034375 0.034375
5 0.6828125 0.3421875 0.0234375 0.0453125
5 0.7765625 0.23671875 0.01484375 0.02890625