5 0.54765625 0.28671875 0.02265625 0.05546875
5 0.5859375 0.28828125 0.02421875 0.0484375
5 0.65390625 0.31796875 0.02265625 0.05390625
5 0.6875 0.09921875 0.025 0.0671875
5 0.54609375 0.50703125 0.03359375 0.05703125
5 0.48828125 0.340625 0.03515625 0.046875
5 0.65546875 0.06875 0.02734375 0.04921875
5 0.45078125 0.14453125 0.02578125 0.046875
5 0.521875 0.33125 0.0203125 0.05390625
5 0.62734375 0.27421875 0.02421875 0.04609375
5 0.3875 0.08359375 0.02890625 0.0390625
8 0.54296875 0.340625 0.03203125 0.14296875
5 0.6140625 0.4078125 0.02421875 0.04375
5 0.55546875 0.25390625 0.01875 0.03671875