8 0.50859375 0.74140625 0.05 0.11953125
5 0.60234375 0.35703125 0.01875 0.0375
5 0.42265625 0.6421875 0.028125 0.059375
5 0.4734375 0.64609375 0.02265625 0.02890625
5 0.58984375 0.7296875 0.01875 0.03203125
5 0.9609375 0.51796875 0.03203125 0.05390625
5 0.32734375 0.39140625 0.03359375 0.0640625
5 0.59765625 0.60625 0.02734375 0.04453125
5 0.57578125 0.59296875 0.0296875 0.04453125
5 0.653125 0.38359375 0.0140625 0.0375
5 0.4546875 0.64296875 0.02109375 0.034375
5 0.4921875 0.88828125 0.0328125 0.05078125
5 0.509375 0.6546875 0.01796875 0.046875
5 0.540625 0.66953125 0.0140625 0.03359375
5 0.67265625 0.684375 0.03125 0.05546875
5 0.865625 0.45390625 0.0234375 0.05
5 0.41328125 0.3640625 0.0234375 0.04296875
5 0.48203125 0.7921875 0.015625 0.0265625