8 0.44609375 0.76875 0.0609375 0.10859375
5 0.39453125 0.6859375 0.028125 0.03828125
5 0.35703125 0.6984375 0.0234375 0.04375
5 0.7703125 0.4890625 0.0328125 0.06015625
5 0.5828125 0.38671875 0.02578125 0.04609375
5 0.61875 0.70859375 0.03359375 0.04609375
5 0.84921875 0.52734375 0.02265625 0.04453125
5 0.53828125 0.35546875 0.0296875 0.04453125
5 0.50234375 0.65546875 0.03125 0.04609375
5 0.43203125 0.6875 0.03359375 0.0421875
5 0.39375 0.628125 0.0375 0.04921875
5 0.53203125 0.615625 0.03125 0.04921875
5 0.43515625 0.95546875 0.03125 0.05703125
5 0.53203125 0.7453125 0.02734375 0.040625
5 0.35625 0.39921875 0.02265625 0.040625
5 0.2609375 0.434375 0.02421875 0.0375
5 0.484375 0.74140625 0.0234375 0.03046875
5 0.41640625 0.81015625 0.01484375 0.03359375