8 0.5796875 0.85625 0.07734375 0.0515625
5 0.50703125 0.47890625 0.025 0.0515625
5 0.46875 0.828125 0.01796875 0.03359375
5 0.478125 0.88515625 0.01640625 0.0359375
5 0.56796875 0.77421875 0.015625 0.03515625
5 0.5609375 0.81484375 0.01953125 0.03046875
5 0.61953125 0.95078125 0.0234375 0.04453125
5 0.3859375 0.84765625 0.02265625 0.0390625
5 0.515625 0.8 0.015625 0.03125
5 0.53125 0.65859375 0.01953125 0.02734375
5 0.3265625 0.98671875 0.01640625 0.021875
5 0.5828125 0.296875 0.025 0.04375
5 0.525 0.91875 0.03671875 0.06875
5 0.5125 0.84921875 0.01640625 0.03046875
5 0.546875 0.62421875 0.01875 0.03203125
5 0.365625 0.53984375 0.02734375 0.06171875
5 0.55078125 0.8328125 0.02265625 0.03359375