5 0.2671875 0.2640625 0.0265625 0.03671875
5 0.16953125 0.14296875 0.03515625 0.04140625
5 0.44375 0.25625 0.0296875 0.03359375
5 0.34609375 0.39921875 0.046875 0.0515625
5 0.296875 0.24609375 0.0375 0.03828125
5 0.49765625 0.340625 0.034375 0.0421875
5 0.1375 0.2859375 0.03125 0.04375
5 0.90390625 0.0828125 0.0375 0.04375
5 0.4859375 0.209375 0.0265625 0.03828125
5 0.29765625 0.21171875 0.03828125 0.04453125
5 0.46484375 0.1703125 0.04921875 0.04140625
5 0.2859375 0.1765625 0.04375 0.04296875
5 0.43828125 0.38828125 0.0359375 0.0390625
5 0.41484375 0.34375 0.03046875 0.03671875
8 0.2296875 0.23984375 0.065625 0.09609375
5 0.80703125 0.08515625 0.03125 0.04296875
5 0.2390625 0.1984375 0.03125 0.03359375
5 0.9890625 0.0390625 0.0171875 0.0265625