8 0.3828125 0.83203125 0.0859375 0.0390625
5 0.45859375 0.665625 0.028125 0.0453125
5 0.39140625 0.728125 0.025 0.04296875
5 0.7484375 0.57109375 0.028125 0.05546875
5 0.3578125 0.68203125 0.034375 0.03984375
5 0.65546875 0.53359375 0.03046875 0.0609375
5 0.43046875 0.7703125 0.0328125 0.0484375
5 0.2171875 0.4625 0.025 0.03125
5 0.2984375 0.4890625 0.028125 0.03828125
5 0.5109375 0.7078125 0.02578125 0.04609375
5 0.44609375 0.77578125 0.03671875 0.03984375
5 0.3484375 0.96328125 0.03515625 0.03515625
5 0.2765625 0.6859375 0.02734375 0.053125
5 0.4796875 0.3859375 0.015625 0.03828125
5 0.49140625 0.38203125 0.015625 0.040625
5 0.34140625 0.8359375 0.0171875 0.03125