5 0.5390625 0.68125 0.01484375 0.034375
5 0.62109375 0.74609375 0.01796875 0.0359375
5 0.58125 0.66484375 0.01875 0.04765625
5 0.6515625 0.671875 0.021875 0.046875
5 0.6640625 0.428125 0.021875 0.0515625
5 0.4984375 0.6828125 0.025 0.04453125
5 0.52578125 0.66796875 0.01484375 0.04296875
5 0.38515625 0.4328125 0.03046875 0.0359375
5 0.99140625 0.490625 0.01640625 0.059375
5 0.4609375 0.4890625 0.01640625 0.0390625
5 0.5640625 0.57734375 0.01953125 0.04765625
5 0.9953125 0.44765625 0.00859375 0.04140625
5 0.628125 0.62265625 0.015625 0.0390625
8 0.54296875 0.65703125 0.0296875 0.13203125
5 0.6921875 0.44609375 0.02265625 0.0515625
5 0.55078125 0.8609375 0.0453125 0.0421875