8 0.43203125 0.84765625 0.075 0.071875
5 0.28828125 0.6109375 0.02421875 0.04140625
5 0.3796875 0.74296875 0.01796875 0.03671875
5 0.3328125 0.7546875 0.02265625 0.040625
5 0.19296875 0.621875 0.02109375 0.0359375
5 0.496875 0.63828125 0.02421875 0.04375
5 0.42421875 0.96328125 0.0390625 0.059375
5 0.54296875 0.4609375 0.03125 0.05
5 0.39296875 0.3265625 0.03203125 0.0484375
5 0.415625 0.76875 0.025 0.046875
5 0.35703125 0.69609375 0.0265625 0.04296875
5 0.46328125 0.6375 0.02578125 0.0390625
5 0.43984375 0.809375 0.0203125 0.0421875
5 0.659375 0.4140625 0.025 0.046875
5 0.39296875 0.7265625 0.0234375 0.0484375
5 0.45859375 0.76015625 0.01953125 0.03203125
5 0.39140625 0.82578125 0.01875 0.03125