5 0.9921875 0.21171875 0.015625 0.03046875
5 0.41875 0.415625 0.03359375 0.0421875
5 0.44375 0.31875 0.05546875 0.04609375
5 0.27578125 0.39140625 0.0375 0.046875
5 0.4 0.490625 0.034375 0.046875
5 0.3171875 0.5640625 0.053125 0.0515625
5 0.47890625 0.4875 0.040625 0.05390625
5 0.41953125 0.5484375 0.03046875 0.04609375
5 0.11015625 0.43125 0.03359375 0.04453125
5 0.2765625 0.328125 0.034375 0.053125
8 0.98828125 0.21015625 0.0234375 0.0484375
8 0.2125 0.37734375 0.04609375 0.12578125
5 0.78203125 0.2515625 0.0265625 0.053125
5 0.9046875 0.23828125 0.02734375 0.06875
5 0.12578125 0.284375 0.0578125 0.03203125
5 0.21171875 0.33203125 0.046875 0.0453125
5 0.25390625 0.44375 0.03828125 0.03984375
5 0.25 0.41875 0.03515625 0.02734375
5 0.46953125 0.36328125 0.0125 0.028125
5 0.70625 0.0265625 0.0296875 0.03046875
8 0.7078125 0.04453125 0.02265625 0.0890625
8 0.98359375 0.43359375 0.0328125 0.06640625
5 0.98515625 0.41875 0.02265625 0.0390625