8 0.61328125 0.55625 0.0546875 0.1046875
5 0.528125 0.62421875 0.0171875 0.02890625
5 0.45859375 0.68828125 0.01640625 0.0390625
5 0.46328125 0.42265625 0.01640625 0.03359375
5 0.41953125 0.56796875 0.0171875 0.0390625
5 0.5375 0.50625 0.015625 0.03046875
5 0.47578125 0.6203125 0.015625 0.03046875
5 0.56640625 0.73828125 0.01640625 0.0296875
5 0.515625 0.73984375 0.015625 0.03125
5 0.371875 0.68046875 0.01484375 0.040625
5 0.47890625 0.534375 0.01640625 0.02578125
5 0.459375 0.9640625 0.01953125 0.03359375
5 0.65703125 0.65234375 0.01484375 0.0359375
5 0.43046875 0.74765625 0.0171875 0.025
5 0.51953125 0.565625 0.01328125 0.025
5 0.6015625 0.57578125 0.0203125 0.0484375
5 0.41640625 0.28046875 0.01796875 0.0328125