5 0.4203125 0.62109375 0.02265625 0.02890625
5 0.37265625 0.48671875 0.02109375 0.0296875
5 0.44609375 0.39140625 0.02734375 0.04375
5 0.446875 0.31875 0.02890625 0.04765625
5 0.25859375 0.42890625 0.028125 0.05
5 0.365625 0.8 0.04453125 0.04609375
5 0.31484375 0.575 0.02265625 0.04140625
5 0.41875 0.43671875 0.02578125 0.04375
5 0.359375 0.465625 0.0234375 0.04140625
5 0.35078125 0.41796875 0.01875 0.03828125
5 0.21328125 0.66875 0.0203125 0.03359375
5 0.4015625 0.42890625 0.02578125 0.03828125
5 0.4140625 0.27265625 0.02421875 0.0515625
5 0.26953125 0.521875 0.0203125 0.0359375
5 0.31953125 0.63984375 0.02421875 0.0671875
8 0.44765625 0.62578125 0.06953125 0.0453125
5 0.34296875 0.55078125 0.01875 0.0265625