8 0.38359375 0.81953125 0.0765625 0.04609375
5 0.5171875 0.70234375 0.0375 0.05546875
5 0.75703125 0.565625 0.0296875 0.0484375
5 0.6671875 0.51015625 0.03125 0.04921875
5 0.43203125 0.7578125 0.03046875 0.0484375
5 0.39921875 0.73046875 0.02890625 0.0375
5 0.3484375 0.6796875 0.0296875 0.040625
5 0.22421875 0.4484375 0.0296875 0.04609375
5 0.28125 0.671875 0.0296875 0.04921875
5 0.29765625 0.471875 0.02109375 0.040625
5 0.35 0.96328125 0.0328125 0.0375
5 0.4515625 0.76875 0.03125 0.0390625
5 0.4640625 0.653125 0.0265625 0.04921875
5 0.48671875 0.38828125 0.01640625 0.03671875
5 0.5 0.38515625 0.0171875 0.0390625
5 0.3703125 0.72109375 0.0234375 0.03671875
5 0.34609375 0.82890625 0.0140625 0.03125