5 0.66953125 0.58046875 0.01484375 0.040625
5 0.565625 0.5109375 0.01796875 0.03359375
5 0.61484375 0.63671875 0.01484375 0.0375
5 0.615625 0.56640625 0.01328125 0.034375
5 0.55078125 0.421875 0.01875 0.03515625
5 0.56796875 0.69375 0.01953125 0.0515625
5 0.5125 0.75625 0.01875 0.03359375
5 0.5953125 0.74453125 0.015625 0.0375
5 0.4390625 0.6515625 0.01953125 0.034375
5 0.73828125 0.62421875 0.0171875 0.03359375
5 0.5046875 0.49453125 0.015625 0.03828125
5 0.534375 0.959375 0.01640625 0.0390625
5 0.6515625 0.74453125 0.025 0.05
5 0.48984375 0.225 0.02734375 0.0515625
5 0.62734375 0.5015625 0.01484375 0.03671875
5 0.58203125 0.59375 0.0171875 0.03125
8 0.68515625 0.54921875 0.05546875 0.10546875