5 0.3921875 0.58046875 0.0171875 0.028125
5 0.3765625 0.7734375 0.02265625 0.04609375
5 0.42890625 0.52265625 0.01796875 0.03046875
5 0.3734375 0.6640625 0.01875 0.03125
5 0.37734375 0.45859375 0.01953125 0.028125
5 0.4078125 0.6578125 0.01640625 0.034375
5 0.3453125 0.6265625 0.01953125 0.034375
5 0.46796875 0.78984375 0.02265625 0.0484375
5 0.4171875 0.76796875 0.015625 0.03203125
5 0.54453125 0.79921875 0.02734375 0.084375
5 0.2953125 0.73828125 0.02578125 0.04921875
5 0.33515625 0.4 0.025 0.03828125
8 0.534375 0.6015625 0.05859375 0.10703125
5 0.415625 0.58203125 0.01328125 0.028125
5 0.51953125 0.62578125 0.02578125 0.0515625