5 0.59765625 0.35625 0.01875 0.02890625
5 0.625 0.35703125 0.021875 0.028125
5 0.31171875 0.8703125 0.01953125 0.03203125
5 0.28828125 0.84453125 0.0171875 0.034375
5 0.609375 0.34921875 0.01640625 0.028125
5 0.5984375 0.62890625 0.04140625 0.0578125
5 0.725 0.109375 0.02578125 0.0515625
5 0.51953125 0.578125 0.0234375 0.04375
5 0.56875 0.87734375 0.028125 0.0796875
5 0.55703125 0.75390625 0.0265625 0.0484375
5 0.515625 0.29140625 0.025 0.03203125
5 0.40078125 0.8734375 0.03046875 0.040625
5 0.76015625 0.2078125 0.02734375 0.040625
5 0.83046875 0.36953125 0.028125 0.040625
8 0.30546875 0.85546875 0.05546875 0.084375
8 0.46796875 0.25390625 0.059375 0.04140625
5 0.478125 0.60703125 0.025 0.04453125
8 0.61328125 0.3546875 0.0671875 0.0578125
5 0.553125 0.70078125 0.028125 0.04296875
8 0.6984375 0.2578125 0.065625 0.07890625
8 0.4703125 0.3109375 0.05234375 0.08046875
5 0.52578125 0.84375 0.028125 0.05234375
5 0.5078125 0.88828125 0.02109375 0.053125
5 0.4953125 0.565625 0.02421875 0.0453125
5 0.41953125 0.65234375 0.02734375 0.05859375
8 0.2859375 0.52421875 0.0375 0.11484375
5 0.5609375 0.4609375 0.02734375 0.0359375
5 0.2890625 0.78359375 0.025 0.040625
5 0.8265625 0.453125 0.02734375 0.040625
5 0.29375 0.5234375 0.01796875 0.040625
5 0.5015625 0.5265625 0.0203125 0.0359375
5 0.67890625 0.2765625 0.0203125 0.040625
5 0.69296875 0.25390625 0.02421875 0.02890625
5 0.715625 0.23984375 0.0171875 0.034375
5 0.6375 0.359375 0.0140625 0.03125
5 0.4734375 0.27109375 0.0171875 0.034375
5 0.49765625 0.24765625 0.01953125 0.028125