5 0.6125 0.56875 0.0171875 0.034375
8 0.44921875 0.7515625 0.01328125 0.0265625
5 0.5453125 0.57109375 0.015625 0.02890625
5 0.49609375 0.521875 0.0171875 0.0265625
5 0.48828125 0.6859375 0.0203125 0.0390625
5 0.534375 0.74296875 0.01640625 0.034375
5 0.434375 0.5203125 0.01953125 0.0359375
5 0.38515625 0.66484375 0.01796875 0.03515625
5 0.475 0.96015625 0.01640625 0.034375
5 0.4828125 0.42109375 0.01796875 0.03359375
5 0.67890625 0.63046875 0.0171875 0.03671875
5 0.55546875 0.49609375 0.01484375 0.0359375
5 0.378125 0.65703125 0.0171875 0.03203125
5 0.5484375 0.62578125 0.01640625 0.03515625
8 0.625 0.553125 0.0546875 0.10703125
5 0.5859375 0.74296875 0.0171875 0.03515625
5 0.50546875 0.60625 0.01640625 0.028125
5 0.42890625 0.2515625 0.015625 0.02890625