5 0.29765625 0.69296875 0.025 0.04296875
5 0.159375 0.840625 0.034375 0.02890625
5 0.225 0.703125 0.0296875 0.04765625
5 0.71640625 0.53671875 0.0234375 0.04765625
5 0.98828125 0.25859375 0.0234375 0.0453125
5 0.03125 0.696875 0.03203125 0.04375
5 0.24140625 0.6265625 0.01875 0.034375
8 0.81484375 0.26953125 0.0578125 0.08515625
8 0.171875 0.59453125 0.03203125 0.12578125
8 0.72890625 0.34375 0.05703125 0.05234375
8 0.86015625 0.19140625 0.06328125 0.09375
5 0.6375 0.49609375 0.02421875 0.0421875
5 0.2828125 0.771875 0.03046875 0.03203125
5 0.06875 0.48828125 0.01953125 0.03203125
5 0.16953125 0.54375 0.0265625 0.03203125
5 0.17734375 0.5921875 0.0171875 0.02890625
5 0.17421875 0.61328125 0.0109375 0.01796875
5 0.1671875 0.640625 0.0109375 0.02890625
5 0.17734375 0.6765625 0.02421875 0.034375
5 0.33125 0.496875 0.01484375 0.03515625
5 0.346875 0.50859375 0.028125 0.03984375
5 0.73515625 0.35 0.021875 0.053125
5 0.840625 0.309375 0.02265625 0.04296875
5 0.83359375 0.25234375 0.0203125 0.034375
8 0.98125 0.69140625 0.0375 0.06015625