8 0.9625 0.54609375 0.0578125 0.08046875
8 0.82890625 0.56640625 0.0671875 0.0640625
8 0.84375 0.69296875 0.05703125 0.04921875
5 0.34453125 0.90625 0.0296875 0.0296875
5 0.85078125 0.559375 0.0203125 0.03203125
5 0.9875 0.5515625 0.02265625 0.03046875
5 0.1421875 0.86484375 0.04609375 0.0375
5 0.97578125 0.871875 0.0265625 0.04296875
5 0.87734375 0.86015625 0.034375 0.04375
5 0.24296875 0.9 0.034375 0.0375
5 0.5109375 0.90625 0.0484375 0.034375
5 0.55859375 0.96171875 0.01953125 0.04375
5 0.92265625 0.60703125 0.0265625 0.03671875
5 0.84765625 0.68125 0.02890625 0.04296875
5 0.46484375 0.99140625 0.02109375 0.01640625
8 0.31171875 0.95703125 0.04296875 0.0859375
5 0.3328125 0.98828125 0.021875 0.0234375
5 0.33828125 0.95390625 0.03203125 0.01953125