8 0.51328125 0.728125 0.0515625 0.11328125
5 0.5921875 0.73046875 0.021875 0.03125
5 0.45859375 0.628125 0.02578125 0.03671875
5 0.4234375 0.62421875 0.0265625 0.053125
5 0.60703125 0.35625 0.021875 0.04140625
5 0.32578125 0.37578125 0.025 0.06953125
5 0.48828125 0.87109375 0.02734375 0.04375
5 0.8796875 0.43515625 0.0296875 0.05546875
5 0.971875 0.50078125 0.02734375 0.04375
5 0.6671875 0.66953125 0.028125 0.0515625
5 0.47890625 0.65078125 0.0265625 0.03046875
5 0.578125 0.584375 0.02734375 0.04609375
5 0.65859375 0.37734375 0.01484375 0.03671875
5 0.4171875 0.3765625 0.02109375 0.05
5 0.603125 0.60390625 0.0171875 0.03203125
5 0.54765625 0.66015625 0.01640625 0.0390625
5 0.51171875 0.64921875 0.0171875 0.01953125
5 0.48515625 0.77890625 0.0171875 0.028125