5 0.44609375 0.6703125 0.01796875 0.0375
5 0.35625 0.4890625 0.0203125 0.0359375
5 0.44921875 0.86015625 0.034375 0.05703125
5 0.35 0.73828125 0.02421875 0.03203125
5 0.55625 0.79609375 0.02578125 0.0375
5 0.52421875 0.65625 0.02421875 0.04375
5 0.91015625 0.50859375 0.0296875 0.0515625
5 0.25390625 0.49765625 0.046875 0.06015625
5 0.4828125 0.6140625 0.01953125 0.03515625
5 0.99140625 0.55390625 0.015625 0.05390625
5 0.43828125 0.725 0.01875 0.03203125
5 0.575 0.73671875 0.0265625 0.04609375
5 0.50234375 0.73203125 0.0234375 0.04921875
8 0.44765625 0.65 0.0328125 0.13359375
5 0.60078125 0.4859375 0.01875 0.0296875
5 0.60859375 0.5046875 0.01484375 0.02578125
5 0.45859375 0.59140625 0.03046875 0.02578125
5 0.434375 0.6828125 0.01015625 0.02421875