5 0.40859375 0.61953125 0.02109375 0.028125
5 0.35703125 0.55625 0.02109375 0.025
5 0.415625 0.421875 0.0265625 0.040625
5 0.265625 0.4453125 0.02109375 0.028125
5 0.4171875 0.30078125 0.0265625 0.0421875
5 0.45703125 0.39921875 0.02578125 0.04296875
5 0.38984375 0.4765625 0.02109375 0.03359375
5 0.33671875 0.6046875 0.0203125 0.028125
5 0.365625 0.4 0.021875 0.03359375
5 0.378125 0.80546875 0.04140625 0.05078125
5 0.4640625 0.3265625 0.0265625 0.04375
5 0.33125 0.634375 0.02109375 0.03046875
5 0.23125 0.678125 0.0203125 0.034375
8 0.4359375 0.63046875 0.078125 0.0640625
5 0.28125 0.5265625 0.0234375 0.03203125
5 0.2765625 0.425 0.0203125 0.02890625
5 0.43515625 0.4296875 0.015625 0.0390625