5 0.01015625 0.4890625 0.01640625 0.03125
5 0.2328125 0.7671875 0.0328125 0.03359375
8 0.7375 0.25234375 0.05625 0.0640625
5 0.171875 0.68515625 0.025 0.04765625
5 0.74765625 0.30703125 0.02421875 0.0484375
5 0.66796875 0.509375 0.02109375 0.05
8 0.11484375 0.5953125 0.0359375 0.15859375
8 0.934375 0.68125 0.078125 0.0734375
5 0.91484375 0.24296875 0.0375 0.04609375
8 0.6703125 0.340625 0.05625 0.04765625
5 0.18671875 0.6125 0.02421875 0.05078125
5 0.0953125 0.84375 0.02890625 0.03359375
8 0.79609375 0.1828125 0.0625 0.090625
5 0.58203125 0.47734375 0.02421875 0.05390625
5 0.24765625 0.68203125 0.02578125 0.04609375
5 0.11015625 0.53203125 0.02734375 0.03359375
5 0.1234375 0.57421875 0.02265625 0.03125
5 0.115625 0.59765625 0.0140625 0.021875
5 0.1125 0.62421875 0.01875 0.02890625
5 0.1265625 0.6578125 0.01875 0.03671875
5 0.29375 0.50625 0.025 0.03125
5 0.31796875 0.51875 0.03515625 0.0375
5 0.990625 0.440625 0.01796875 0.0484375
5 0.9234375 0.6765625 0.0234375 0.02578125
5 0.93828125 0.66796875 0.01875 0.04140625
5 0.94765625 0.690625 0.01640625 0.0328125
5 0.75703125 0.23359375 0.0171875 0.03671875
5 0.6734375 0.3390625 0.02265625 0.05390625