5 0.43671875 0.490625 0.01953125 0.028125
5 0.378125 0.72890625 0.015625 0.0375
5 0.42265625 0.5453125 0.01171875 0.0265625
5 0.3734375 0.97734375 0.0171875 0.03359375
5 0.42578125 0.7375 0.01328125 0.03203125
5 0.4828125 0.74296875 0.01875 0.03671875
5 0.3796875 0.428125 0.01875 0.0328125
5 0.55625 0.73203125 0.0265625 0.053125
5 0.4140625 0.63828125 0.01875 0.0359375
5 0.3953125 0.54609375 0.0171875 0.03046875
5 0.296875 0.70234375 0.02109375 0.05078125
5 0.3359375 0.35546875 0.02109375 0.0484375
5 0.35078125 0.5921875 0.01796875 0.03046875
8 0.5390625 0.5546875 0.0609375 0.10234375
5 0.37578125 0.6265625 0.01953125 0.0328125
5 0.5234375 0.58359375 0.03046875 0.04609375
5 0.35078125 0.76015625 0.01484375 0.03203125