8 0.3171875 0.94921875 0.04453125 0.09296875
5 0.884375 0.859375 0.02890625 0.0484375
5 0.559375 0.9609375 0.02265625 0.04765625
8 0.8203125 0.56484375 0.059375 0.0625
5 0.51640625 0.9015625 0.0234375 0.046875
5 0.15546875 0.85625 0.03359375 0.028125
8 0.9546875 0.5421875 0.05625 0.08671875
5 0.25 0.89765625 0.02578125 0.03046875
5 0.98359375 0.87265625 0.03046875 0.04765625
5 0.91796875 0.615625 0.02578125 0.0359375
5 0.33515625 0.9859375 0.02578125 0.02421875
5 0.3484375 0.9484375 0.03671875 0.02109375
5 0.3515625 0.91015625 0.03671875 0.02421875
8 0.84140625 0.684375 0.04921875 0.0703125
5 0.8453125 0.6796875 0.02421875 0.0484375
5 0.83984375 0.55078125 0.0171875 0.02890625
5 0.9796875 0.5375 0.0203125 0.04140625