5 0.5515625 0.69921875 0.01796875 0.03515625
5 0.4890625 0.74375 0.01796875 0.0359375
5 0.66015625 0.80546875 0.02109375 0.03671875
5 0.47265625 0.49453125 0.01796875 0.0359375
5 0.55703125 0.90390625 0.03515625 0.0484375
5 0.7140625 0.509375 0.021875 0.04765625
5 0.37421875 0.5109375 0.028125 0.0375
5 0.63515625 0.671875 0.01640625 0.03359375
5 0.6046875 0.74375 0.01796875 0.03984375
5 0.55546875 0.6390625 0.02109375 0.04609375
5 0.70859375 0.49375 0.02578125 0.06484375
5 0.53828125 0.7109375 0.0140625 0.02578125
5 0.59375 0.68671875 0.028125 0.053125
8 0.54921875 0.69609375 0.02890625 0.1265625
5 0.59609375 0.621875 0.0203125 0.04921875
5 0.68515625 0.75703125 0.0234375 0.04609375