5 0.21796875 0.7859375 0.01640625 0.03046875
5 0.83046875 0.278125 0.01796875 0.0421875
5 0.25703125 0.72578125 0.0359375 0.03125
5 0.39375 0.90625 0.02890625 0.04453125
5 0.9609375 0.57890625 0.0359375 0.04609375
5 0.37109375 0.85625 0.0296875 0.04140625
5 0.2421875 0.75625 0.02890625 0.03359375
5 0.4484375 0.8484375 0.0390625 0.05390625
5 0.89375 0.6203125 0.0375 0.03515625
5 0.17109375 0.671875 0.04453125 0.03984375
5 0.2359375 0.8015625 0.02890625 0.03515625
8 0.98984375 0.59453125 0.01953125 0.05859375
5 0.0828125 0.77421875 0.03203125 0.040625
8 0.9765625 0.80625 0.046875 0.08125
5 0.390625 0.78203125 0.03359375 0.0375
8 0.7046875 0.42109375 0.02421875 0.09921875
5 0.0953125 0.63671875 0.05 0.04140625
5 0.41875 0.67890625 0.05234375 0.05703125
8 0.81953125 0.278125 0.0453125 0.10390625
5 0.78828125 0.365625 0.025 0.040625
5 0.7625 0.62578125 0.02734375 0.0484375
5 0.45703125 0.7375 0.0171875 0.02734375
5 0.2828125 0.94296875 0.04140625 0.0265625
8 0.1953125 0.73984375 0.0578125 0.1265625
5 0.2578125 0.6890625 0.0359375 0.03828125
5 0.69609375 0.309375 0.01640625 0.03671875
8 0.67421875 0.33984375 0.06171875 0.040625
5 0.7046875 0.4125 0.03359375 0.0265625
5 0.98359375 0.8046875 0.03046875 0.02734375