8 0.41015625 0.77578125 0.07421875 0.09765625
5 0.46484375 0.68203125 0.02890625 0.0390625
5 0.49609375 0.62578125 0.028125 0.046875
5 0.571875 0.71484375 0.021875 0.04921875
5 0.325 0.41640625 0.03125 0.04765625
5 0.3609375 0.6421875 0.03671875 0.0515625
5 0.4953125 0.75625 0.021875 0.028125
5 0.50390625 0.3734375 0.02578125 0.0390625
5 0.3609375 0.66953125 0.02734375 0.04453125
5 0.325 0.6734375 0.0265625 0.03828125
5 0.40546875 0.96796875 0.04453125 0.04296875
5 0.5453125 0.39296875 0.0203125 0.04375
5 0.80078125 0.53671875 0.03984375 0.04453125
5 0.39609375 0.69453125 0.02578125 0.04296875
5 0.38125 0.809375 0.02109375 0.034375
5 0.24140625 0.44375 0.0328125 0.04921875
5 0.728125 0.49375 0.03203125 0.053125
5 0.45390625 0.73125 0.02109375 0.034375