5 0.4609375 0.946875 0.02109375 0.03671875
5 0.7609375 0.85625 0.0296875 0.04921875
5 0.1296875 0.8984375 0.03203125 0.03125
5 0.41796875 0.8890625 0.02421875 0.04296875
8 0.8828125 0.54765625 0.05859375 0.08203125
5 0.35234375 0.98984375 0.025 0.0203125
5 0.2453125 0.89609375 0.0265625 0.03828125
8 0.76875 0.6984375 0.05625 0.05078125
5 0.94375 0.55625 0.03828125 0.04375
5 0.8609375 0.89296875 0.02890625 0.059375
5 0.790625 0.565625 0.02421875 0.03125
5 0.85078125 0.61875 0.02734375 0.03828125
8 0.77421875 0.58203125 0.05859375 0.05078125
5 0.02265625 0.85625 0.04375 0.03203125
8 0.2375 0.95390625 0.0296875 0.09140625
5 0.25234375 0.953125 0.0125 0.03046875
5 0.77421875 0.69609375 0.02421875 0.05