8 0.54296875 0.3078125 0.034375 0.1328125
5 0.65078125 0.27578125 0.02109375 0.06171875
5 0.60703125 0.36875 0.01796875 0.03828125
5 0.6828125 0.0546875 0.02890625 0.06796875
5 0.58671875 0.2390625 0.02421875 0.0515625
5 0.5109375 0.28671875 0.02421875 0.0484375
5 0.47890625 0.29140625 0.03046875 0.04375
5 0.6484375 0.025 0.02578125 0.05
5 0.5203125 0.31015625 0.0203125 0.03046875
5 0.44453125 0.1 0.021875 0.0515625
5 0.6234375 0.2390625 0.0203125 0.04765625
5 0.5515625 0.21796875 0.021875 0.034375
5 0.98203125 0.07734375 0.02734375 0.05078125
5 0.53671875 0.465625 0.03359375 0.05
5 0.38671875 0.02890625 0.03203125 0.05
5 0.54296875 0.259375 0.0203125 0.0328125
5 0.52578125 0.365625 0.0265625 0.04765625