5 0.31328125 0.75625 0.01875 0.03359375
8 0.60859375 0.23828125 0.065625 0.05625
5 0.48359375 0.56796875 0.025 0.040625
5 0.4765625 0.61328125 0.025 0.0390625
5 0.56484375 0.68359375 0.01875 0.03515625
5 0.5453125 0.2546875 0.02265625 0.03125
5 0.57734375 0.74296875 0.02734375 0.05234375
5 0.53359375 0.75859375 0.02265625 0.03515625
5 0.5171875 0.44453125 0.0296875 0.03828125
5 0.6265625 0.20234375 0.02421875 0.04296875
5 0.61875 0.54375 0.03203125 0.040625
8 0.26328125 0.51171875 0.04296875 0.11015625
5 0.5421875 0.5859375 0.02578125 0.0390625
5 0.83515625 0.4078125 0.015625 0.040625
5 0.8359375 0.31796875 0.02734375 0.03828125
5 0.5484375 0.49296875 0.025 0.04296875
5 0.4953125 0.8140625 0.02421875 0.034375
5 0.48359375 0.49609375 0.0265625 0.040625
8 0.68671875 0.18984375 0.075 0.0859375
5 0.5609375 0.38515625 0.02421875 0.03125
8 0.3078125 0.74375 0.0734375 0.07890625
5 0.7421875 0.171875 0.0265625 0.04296875
5 0.615625 0.5671875 0.015625 0.02421875
5 0.7 0.16953125 0.01875 0.02421875
5 0.68671875 0.19609375 0.01171875 0.04296875
5 0.66328125 0.2390625 0.01875 0.05234375
5 0.59140625 0.23125 0.01640625 0.034375
5 0.603125 0.23671875 0.01015625 0.0359375
5 0.621875 0.240625 0.021875 0.02890625
8 0.459375 0.234375 0.053125 0.059375
8 0.4515625 0.18203125 0.05703125 0.03359375
5 0.4671875 0.20859375 0.01640625 0.03359375
5 0.47109375 0.14765625 0.02109375 0.05390625
5 0.27109375 0.52890625 0.01171875 0.02421875
5 0.2734375 0.7390625 0.01484375 0.0296875
5 0.2890625 0.73359375 0.01328125 0.03125
5 0.44921875 0.74296875 0.0140625 0.06015625
5 0.46796875 0.74921875 0.02265625 0.06015625