5 0.53828125 0.815625 0.01875 0.03046875
5 0.76171875 0.66796875 0.01640625 0.03125
5 0.57578125 0.475 0.01796875 0.03671875
5 0.58984375 0.55078125 0.01875 0.03359375
5 0.61875 0.6484375 0.01640625 0.03515625
5 0.60625 0.73203125 0.015625 0.0328125
5 0.6390625 0.6890625 0.01484375 0.040625
5 0.6453125 0.62109375 0.015625 0.04453125
5 0.52421875 0.50234375 0.01875 0.03515625
5 0.65234375 0.56015625 0.0171875 0.0390625
5 0.684375 0.62578125 0.015625 0.0375
5 0.6125 0.78671875 0.0203125 0.05078125
5 0.44921875 0.68203125 0.02421875 0.05
8 0.6984375 0.60625 0.059375 0.1109375
5 0.67109375 0.7765625 0.02265625 0.03828125
5 0.50390625 0.25078125 0.01640625 0.03515625