8 0.49375 0.7390625 0.06015625 0.11171875
5 0.58125 0.73828125 0.03125 0.02890625
5 0.6390625 0.37890625 0.01953125 0.03671875
5 0.55625 0.61328125 0.0296875 0.0484375
5 0.675 0.69140625 0.01796875 0.0359375
5 0.82734375 0.45234375 0.0296875 0.04609375
5 0.41484375 0.66640625 0.02109375 0.04140625
5 0.58515625 0.34453125 0.02265625 0.04921875
5 0.4796875 0.91640625 0.028125 0.05703125
5 0.58515625 0.61328125 0.0296875 0.04375
5 0.9296875 0.51171875 0.02578125 0.06953125
5 0.309375 0.4046875 0.0296875 0.0640625
5 0.53046875 0.69296875 0.0125 0.0375
5 0.403125 0.365625 0.021875 0.05625
5 0.49140625 0.68515625 0.02265625 0.03125
5 0.465625 0.78671875 0.0171875 0.0265625
5 0.44140625 0.6609375 0.0171875 0.02890625
5 0.45546875 0.634375 0.021875 0.03046875