5 0.62265625 0.325 0.025 0.04375
5 0.50078125 0.62421875 0.01875 0.0359375
5 0.453125 0.58046875 0.0265625 0.04609375
5 0.5859375 0.6828125 0.021875 0.03046875
5 0.4265625 0.38671875 0.0265625 0.046875
5 0.5875 0.5375 0.021875 0.04296875
5 0.35546875 0.32578125 0.03984375 0.04375
5 0.66640625 0.34140625 0.0265625 0.0515625
5 0.55625 0.5546875 0.028125 0.04375
5 0.653125 0.59609375 0.028125 0.04453125
5 0.6078125 0.54765625 0.02421875 0.0515625
5 0.4921875 0.58359375 0.0234375 0.034375
8 0.53359375 0.628125 0.03984375 0.121875
5 0.51015625 0.77265625 0.03359375 0.05078125
5 0.9234375 0.3734375 0.02734375 0.04921875
5 0.5078125 0.69453125 0.02265625 0.04140625