5 0.62421875 0.34609375 0.02265625 0.028125
5 0.59609375 0.34453125 0.01953125 0.0265625
5 0.61015625 0.3453125 0.01796875 0.028125
5 0.31171875 0.86328125 0.02265625 0.03203125
5 0.6875 0.2609375 0.025 0.0390625
5 0.284375 0.53671875 0.01796875 0.03125
5 0.28828125 0.8453125 0.01875 0.0359375
5 0.5609375 0.75546875 0.0234375 0.04453125
5 0.5046875 0.8875 0.02109375 0.0453125
5 0.47734375 0.6140625 0.02734375 0.03671875
5 0.5703125 0.86953125 0.03203125 0.08203125
5 0.428125 0.68671875 0.0328125 0.04921875
5 0.4953125 0.56796875 0.025 0.04453125
5 0.44609375 0.76953125 0.03203125 0.04296875
5 0.41640625 0.87265625 0.03046875 0.0421875
5 0.5234375 0.57734375 0.0234375 0.04375
5 0.53203125 0.83984375 0.02109375 0.04765625
5 0.5609375 0.4609375 0.02734375 0.03671875
5 0.728125 0.0953125 0.0296875 0.04765625
5 0.2828125 0.7890625 0.0265625 0.04375
5 0.55234375 0.69375 0.02890625 0.0515625
5 0.50390625 0.52578125 0.0296875 0.046875
8 0.2765625 0.53203125 0.0359375 0.11484375
5 0.51796875 0.290625 0.02265625 0.03359375
5 0.7625 0.22578125 0.03125 0.0421875
8 0.29921875 0.8390625 0.0625 0.09375
8 0.61171875 0.346875 0.065625 0.05859375
5 0.82890625 0.375 0.02734375 0.05390625
8 0.696875 0.25703125 0.06484375 0.0828125
5 0.828125 0.46171875 0.028125 0.040625
5 0.60390625 0.62421875 0.02109375 0.0359375
5 0.60546875 0.65546875 0.0140625 0.028125
5 0.503125 0.59765625 0.02578125 0.0265625
5 0.67890625 0.29375 0.0140625 0.04453125
5 0.7125 0.234375 0.0171875 0.0453125
8 0.46875 0.31171875 0.0546875 0.07421875
8 0.465625 0.25703125 0.0546875 0.04296875
5 0.49296875 0.23984375 0.01484375 0.02734375
5 0.47578125 0.27421875 0.01171875 0.0421875