8 0.38046875 0.834375 0.06875 0.06953125
5 0.28125 0.696875 0.02578125 0.0421875
5 0.2109375 0.46640625 0.0234375 0.0421875
5 0.61640625 0.53671875 0.0359375 0.059375
5 0.37578125 0.68828125 0.028125 0.040625
5 0.365625 0.71640625 0.02109375 0.03203125
5 0.28515625 0.49609375 0.02421875 0.04296875
5 0.45234375 0.65703125 0.025 0.03984375
5 0.43671875 0.74765625 0.028125 0.0375
5 0.71484375 0.56171875 0.028125 0.05
5 0.34296875 0.9375 0.03359375 0.034375
5 0.4984375 0.6765625 0.02109375 0.03359375
5 0.40625 0.784375 0.0296875 0.053125
5 0.34921875 0.65546875 0.021875 0.03046875
5 0.3375 0.8109375 0.0140625 0.02890625
5 0.4578125 0.3375 0.015625 0.04375
5 0.4671875 0.33671875 0.01015625 0.04296875