5 0.6140625 0.56640625 0.0125 0.03828125
5 0.52109375 0.59765625 0.01796875 0.02890625
5 0.4921875 0.41953125 0.0171875 0.03046875
5 0.53984375 0.7421875 0.01484375 0.03203125
5 0.50546875 0.684375 0.0140625 0.04140625
5 0.56796875 0.49453125 0.01640625 0.034375
5 0.44609375 0.50390625 0.0171875 0.03203125
5 0.38671875 0.65625 0.02265625 0.04375
5 0.5078125 0.5125 0.01640625 0.028125
5 0.5546875 0.56484375 0.01328125 0.034375
5 0.4578125 0.746875 0.01484375 0.02890625
5 0.48046875 0.953125 0.01640625 0.03359375
5 0.55703125 0.6375 0.01875 0.046875
5 0.68515625 0.6265625 0.01484375 0.0328125
8 0.63046875 0.5515625 0.05390625 0.11484375
5 0.43359375 0.2359375 0.02109375 0.04609375
5 0.5953125 0.74296875 0.02109375 0.04453125