5 0.73828125 0.37421875 0.02109375 0.02890625
5 0.93359375 0.83125 0.02578125 0.04375
5 0.98984375 0.62734375 0.015625 0.03203125
5 0.11484375 0.75859375 0.02109375 0.034375
5 0.68125 0.503125 0.01796875 0.025
8 0.98203125 0.6390625 0.0359375 0.053125
5 0.68984375 0.67734375 0.02578125 0.046875
5 0.00703125 0.65546875 0.0140625 0.03671875
5 0.1859375 0.8359375 0.021875 0.04140625
8 0.72421875 0.390625 0.05 0.078125
5 0.73359375 0.45078125 0.025 0.04296875
5 0.196875 0.76796875 0.03203125 0.04140625
5 0.596875 0.6359375 0.02578125 0.04296875
8 0.78828125 0.3421875 0.06015625 0.08671875
8 0.67109375 0.49140625 0.05234375 0.05703125
5 0.259375 0.84140625 0.01953125 0.03671875
5 0.24375 0.9234375 0.021875 0.03671875
8 0.93671875 0.83203125 0.0875 0.07265625
8 0.12109375 0.74375 0.03203125 0.159375
5 0.9 0.39140625 0.03671875 0.04296875
5 0.3078125 0.6765625 0.02109375 0.034375
5 0.325 0.69453125 0.01640625 0.034375
5 0.121875 0.6890625 0.02734375 0.03203125
5 0.12578125 0.7359375 0.02109375 0.028125
5 0.11484375 0.78515625 0.02109375 0.0234375
5 0.1265625 0.81875 0.01875 0.034375