5 0.9921875 0.815625 0.0140625 0.03125
5 0.734375 0.6 0.01640625 0.03828125
8 0.9890625 0.815625 0.021875 0.05703125
8 0.9390625 0.9765625 0.06953125 0.04609375
5 0.70390625 0.84453125 0.02734375 0.03828125
5 0.3140625 0.83515625 0.02265625 0.040625
5 0.1984375 0.98125 0.03359375 0.03671875
5 0.203125 0.92109375 0.03046875 0.04609375
8 0.7875 0.4953125 0.059375 0.08515625
8 0.671875 0.64921875 0.05390625 0.04921875
5 0.60625 0.79609375 0.02109375 0.040625
5 0.890625 0.5484375 0.02109375 0.04140625
8 0.7171875 0.54375 0.059375 0.06796875
5 0.33125 0.85625 0.0125 0.03515625
5 0.12890625 0.9734375 0.0140625 0.02421875
5 0.11796875 0.9453125 0.01640625 0.0234375
5 0.1125 0.91640625 0.02265625 0.02421875
5 0.1296875 0.89296875 0.0234375 0.02421875
5 0.12109375 0.84921875 0.028125 0.0296875
5 0.1203125 0.9046875 0.028125 0.1421875
5 0.00625 0.82109375 0.0125 0.02890625
5 0.94375 0.97578125 0.01640625 0.03671875
5 0.73828125 0.52890625 0.01796875 0.0265625
5 0.678125 0.65234375 0.03125 0.04609375