8 0.53984375 0.34296875 0.03359375 0.13125
5 0.64140625 0.04921875 0.0265625 0.05078125
5 0.65078125 0.31484375 0.02734375 0.06015625
5 0.59921875 0.40078125 0.01875 0.03828125
5 0.58828125 0.25546875 0.02421875 0.0515625
5 0.50390625 0.3046875 0.02265625 0.04921875
5 0.528125 0.4890625 0.0328125 0.046875
5 0.51015625 0.340625 0.02109375 0.0515625
5 0.61953125 0.259375 0.02109375 0.053125
5 0.55390625 0.25546875 0.021875 0.04921875
5 0.678125 0.071875 0.02109375 0.04296875
5 0.47265625 0.3109375 0.03125 0.04609375
5 0.37734375 0.04609375 0.04453125 0.04609375
5 0.43828125 0.1265625 0.025 0.0578125
5 0.52265625 0.38828125 0.01953125 0.040625
5 0.53515625 0.284375 0.01875 0.028125
5 0.96015625 0.10234375 0.03671875 0.04921875