5 0.7171875 0.859375 0.0328125 0.04765625
8 0.846875 0.55234375 0.0609375 0.08515625
5 0.76171875 0.56640625 0.0203125 0.0359375
5 0.809375 0.6296875 0.021875 0.0390625
5 0.30390625 0.9875 0.0328125 0.025
5 0.203125 0.90625 0.02890625 0.04453125
5 0.0796875 0.9015625 0.0390625 0.03984375
8 0.73203125 0.69921875 0.05 0.053125
8 0.74296875 0.58125 0.0625 0.0578125
5 0.81328125 0.90390625 0.025 0.03671875
5 0.38046875 0.8875 0.0328125 0.0421875
5 0.9171875 0.5640625 0.03125 0.04921875
8 0.19921875 0.9515625 0.0265625 0.096875
5 0.2140625 0.9484375 0.01796875 0.03515625
5 0.41953125 0.934375 0.0171875 0.03203125
5 0.73828125 0.6984375 0.01953125 0.0484375