5 0.4796875 0.6203125 0.0203125 0.0515625
5 0.28203125 0.478125 0.01796875 0.028125
5 0.5625 0.490625 0.02890625 0.046875
5 0.33515625 0.609375 0.02109375 0.03203125
5 0.34765625 0.88671875 0.03203125 0.03671875
5 0.1921875 0.4359375 0.0203125 0.0359375
5 0.375 0.6859375 0.01796875 0.03515625
5 0.30078125 0.64375 0.01953125 0.0359375
5 0.4453125 0.60546875 0.0171875 0.034375
5 0.34453125 0.65390625 0.01796875 0.03515625
5 0.365625 0.65078125 0.01796875 0.0359375
5 0.6796875 0.49609375 0.021875 0.0453125
8 0.378125 0.78984375 0.059375 0.1140625
5 0.421875 0.71484375 0.02578125 0.04296875
5 0.4296875 0.2640625 0.0125 0.034375
5 0.4421875 0.26796875 0.01875 0.0296875
5 0.34296875 0.74296875 0.01640625 0.02890625
5 0.3921875 0.759375 0.01796875 0.0453125