8 0.70859375 0.5578125 0.059375 0.10703125
5 0.6 0.69921875 0.01875 0.0328125
5 0.6453125 0.5765625 0.01328125 0.04296875
5 0.7625 0.6265625 0.0171875 0.03515625
5 0.615625 0.60546875 0.0171875 0.0390625
5 0.59375 0.515625 0.01875 0.0328125
5 0.653125 0.5125 0.0140625 0.03828125
5 0.459375 0.65078125 0.02421875 0.04921875
5 0.53828125 0.76875 0.01796875 0.03203125
5 0.62109375 0.753125 0.015625 0.034375
5 0.578125 0.43046875 0.01640625 0.0390625
5 0.67265625 0.740625 0.01875 0.034375
5 0.55625 0.96640625 0.01875 0.03203125
5 0.6890625 0.57734375 0.01640625 0.03828125
5 0.640625 0.64140625 0.01484375 0.0390625
5 0.5296875 0.49609375 0.02265625 0.03828125