8 0.51875 0.71953125 0.05234375 0.1109375
5 0.46484375 0.625 0.0296875 0.04296875
5 0.659375 0.37578125 0.0203125 0.03359375
5 0.89296875 0.42578125 0.03984375 0.0484375
5 0.4171875 0.3859375 0.01875 0.04140625
5 0.428125 0.61640625 0.02421875 0.05078125
5 0.49453125 0.84609375 0.02890625 0.04609375
5 0.98046875 0.48828125 0.03203125 0.04375
5 0.58203125 0.5796875 0.01953125 0.03125
5 0.33671875 0.36875 0.0375 0.04140625
5 0.5515625 0.653125 0.021875 0.040625
5 0.590625 0.72734375 0.0203125 0.0328125
5 0.66015625 0.6578125 0.0390625 0.0515625
5 0.5140625 0.63828125 0.028125 0.03671875
5 0.48828125 0.65078125 0.02734375 0.04375
5 0.490625 0.765625 0.0171875 0.03671875
5 0.60078125 0.59453125 0.025 0.0375
5 0.61328125 0.359375 0.028125 0.0515625