5 0.44921875 0.61796875 0.03359375 0.04296875
5 0.21015625 0.65703125 0.0234375 0.03125
5 0.39453125 0.77734375 0.0515625 0.040625
5 0.44453125 0.403125 0.028125 0.0390625
5 0.34453125 0.4484375 0.01875 0.0359375
5 0.38359375 0.48828125 0.021875 0.03046875
5 0.34296875 0.4015625 0.01875 0.03671875
5 0.39609375 0.4234375 0.01796875 0.03203125
5 0.265625 0.415625 0.028125 0.04609375
5 0.44296875 0.31796875 0.025 0.040625
5 0.41328125 0.44375 0.021875 0.03046875
5 0.3109375 0.553125 0.01875 0.028125
5 0.4296875 0.24453125 0.0265625 0.04453125
5 0.27421875 0.50546875 0.01875 0.03515625
5 0.33359375 0.65703125 0.03203125 0.0359375
8 0.47109375 0.62109375 0.0734375 0.04296875
5 0.33984375 0.5609375 0.01875 0.02578125