5 0.53515625 0.71015625 0.0140625 0.03515625
5 0.3640625 0.509375 0.0140625 0.0265625
5 0.459375 0.50546875 0.01484375 0.03828125
5 0.66328125 0.75546875 0.0234375 0.04453125
5 0.68671875 0.48046875 0.02421875 0.04140625
5 0.70390625 0.51796875 0.02265625 0.04296875
5 0.58125 0.62421875 0.02109375 0.0484375
5 0.49375 0.728125 0.0234375 0.05078125
5 0.58203125 0.75078125 0.01953125 0.0484375
5 0.62109375 0.6859375 0.015625 0.03828125
5 0.54609375 0.9234375 0.04765625 0.04453125
5 0.540625 0.64140625 0.01796875 0.03203125
5 0.9953125 0.5390625 0.00859375 0.03828125
5 0.5484375 0.63828125 0.01640625 0.0328125
5 0.64140625 0.8109375 0.0203125 0.0328125
8 0.5375 0.69921875 0.02890625 0.13671875