5 0.525 0.7265625 0.0125 0.03359375
5 0.53203125 0.72421875 0.01328125 0.03515625
5 0.69765625 0.521875 0.0234375 0.0484375
5 0.65 0.7609375 0.025 0.04296875
5 0.62890625 0.8140625 0.0265625 0.03828125
5 0.67578125 0.48984375 0.021875 0.0453125
5 0.571875 0.7625 0.01953125 0.0515625
5 0.4546875 0.5265625 0.021875 0.04375
5 0.49609375 0.7453125 0.02421875 0.04609375
5 0.5234375 0.76875 0.015625 0.0328125
5 0.99296875 0.54921875 0.0140625 0.06484375
5 0.53671875 0.65390625 0.015625 0.03828125
5 0.534375 0.66640625 0.015625 0.03984375
5 0.99453125 0.53828125 0.0109375 0.03828125
5 0.621875 0.69453125 0.0140625 0.0359375
8 0.5328125 0.71171875 0.0296875 0.12578125
5 0.56953125 0.6265625 0.015625 0.04296875