8 0.43671875 0.63203125 0.04375 0.11953125
8 0.121875 0.975 0.0640625 0.04375
5 0.44765625 0.7734375 0.02734375 0.053125
5 0.4140625 0.39453125 0.01875 0.0359375
5 0.34921875 0.559375 0.01640625 0.02578125
5 0.25078125 0.70390625 0.0265625 0.04453125
5 0.43671875 0.44375 0.0171875 0.03203125
5 0.31015625 0.40546875 0.0265625 0.0375
5 0.2875 0.56328125 0.02421875 0.04140625
5 0.615625 0.53515625 0.0171875 0.05546875
5 0.27578125 0.67890625 0.01953125 0.0515625
5 0.5078125 0.6234375 0.02421875 0.046875
5 0.33671875 0.7109375 0.021875 0.053125
5 0.31796875 0.37265625 0.021875 0.03046875
5 0.33671875 0.52421875 0.01640625 0.03046875
5 0.42734375 0.53828125 0.01875 0.028125
5 0.29296875 0.38046875 0.025 0.03203125
5 0.446875 0.66171875 0.0234375 0.05234375
5 0.10859375 0.98359375 0.03125 0.0296875