8 0.39375 0.503125 0.05546875 0.10859375
5 0.54765625 0.50625 0.02109375 0.03984375
5 0.52421875 0.38828125 0.0296875 0.03828125
5 0.4625 0.90390625 0.0234375 0.03828125
5 0.51640625 0.43203125 0.02265625 0.03984375
5 0.303125 0.28515625 0.02109375 0.03359375
5 0.2953125 0.7328125 0.02890625 0.05078125
5 0.5390625 0.34296875 0.02734375 0.0515625
5 0.346875 0.51953125 0.02265625 0.046875
5 0.39296875 0.67421875 0.0296875 0.04296875
5 0.49609375 0.590625 0.02421875 0.03671875
5 0.315625 0.35078125 0.01640625 0.034375
5 0.3796875 0.3859375 0.02109375 0.04921875
5 0.39296875 0.81171875 0.02578125 0.03671875
5 0.3125 0.4515625 0.01875 0.0328125
5 0.37890625 0.540625 0.028125 0.065625
5 0.40234375 0.43125 0.03359375 0.046875