8 0.3390625 0.4765625 0.04296875 0.1265625
5 0.521875 0.37265625 0.0296875 0.0578125
5 0.3140625 0.37109375 0.015625 0.0375
5 0.39921875 0.85859375 0.02578125 0.0375
5 0.2046875 0.71640625 0.0203125 0.0484375
5 0.47578125 0.503125 0.025 0.0515625
5 0.33203125 0.64921875 0.02890625 0.0390625
5 0.4578125 0.42265625 0.02109375 0.0515625
5 0.25234375 0.41875 0.0265625 0.046875
5 0.465625 0.33984375 0.025 0.04453125
5 0.2828125 0.3015625 0.025 0.046875
5 0.3078125 0.446875 0.0203125 0.0484375
5 0.44296875 0.584375 0.0203125 0.03359375
5 0.3265625 0.76953125 0.03125 0.0421875
5 0.2546875 0.228125 0.02421875 0.053125
5 0.27734375 0.51796875 0.0265625 0.03671875
5 0.3375 0.47109375 0.015625 0.04140625
5 0.2234375 0.7234375 0.0203125 0.0421875