8 0.35078125 0.46328125 0.07890625 0.04296875
5 0.565625 0.284375 0.02890625 0.05234375
5 0.496875 0.6703125 0.01640625 0.03359375
5 0.62265625 0.45859375 0.02578125 0.04296875
5 0.60078125 0.77578125 0.02421875 0.028125
5 0.51171875 0.7078125 0.02421875 0.0390625
5 0.34296875 0.30234375 0.02421875 0.0453125
5 0.25546875 0.3890625 0.04765625 0.04609375
5 0.42890625 0.40703125 0.03828125 0.0484375
5 0.60703125 0.534375 0.0265625 0.0421875
5 0.50625 0.34765625 0.03046875 0.05390625
5 0.54921875 0.59765625 0.0265625 0.05390625
5 0.57109375 0.503125 0.02734375 0.04296875
5 0.58046875 0.1640625 0.040625 0.046875
5 0.503125 0.3859375 0.02109375 0.03515625
5 0.3515625 0.79765625 0.0140625 0.04296875
5 0.625 0.56796875 0.02734375 0.04375
5 0.38203125 0.46875 0.025 0.028125
5 0.25078125 0.35625 0.01640625 0.0265625