5 0.4921875 0.4796875 0.02421875 0.04140625
5 0.56640625 0.56484375 0.03125 0.0484375
5 0.65859375 0.490625 0.02265625 0.05078125
5 0.28125 0.32890625 0.021875 0.04609375
5 0.62890625 0.13515625 0.03125 0.04453125
5 0.42890625 0.359375 0.02890625 0.040625
5 0.51640625 0.65078125 0.02265625 0.046875
5 0.62421875 0.47578125 0.01875 0.03671875
5 0.37578125 0.76328125 0.028125 0.04375
5 0.55546875 0.31640625 0.01484375 0.0390625
5 0.63046875 0.540625 0.02109375 0.04921875
5 0.61171875 0.21640625 0.0265625 0.0375
5 0.50703125 0.44296875 0.0265625 0.034375
5 0.49609375 0.590625 0.015625 0.03828125
8 0.47109375 0.453125 0.0703125 0.0859375
5 0.54140625 0.359375 0.01484375 0.0375
5 0.5984375 0.68359375 0.01953125 0.0296875