5 0.48515625 0.5140625 0.01953125 0.04453125
5 0.33203125 0.7234375 0.021875 0.04609375
5 0.41796875 0.35546875 0.0171875 0.0265625
5 0.3859375 0.64140625 0.02265625 0.04453125
5 0.365625 0.44609375 0.0203125 0.028125
5 0.42734375 0.42421875 0.01484375 0.028125
5 0.31640625 0.65078125 0.02421875 0.04375
5 0.32734375 0.4140625 0.01796875 0.02421875
5 0.4828125 0.64921875 0.02890625 0.046875
5 0.31171875 0.4078125 0.0203125 0.02578125
5 0.30234375 0.4765625 0.02265625 0.03046875
5 0.63671875 0.33359375 0.01484375 0.03984375
5 0.4140625 0.378125 0.01640625 0.02578125
5 0.51953125 0.45859375 0.01953125 0.0328125
8 0.50546875 0.5515625 0.04375 0.10859375
5 0.31875 0.5359375 0.025 0.0375
5 0.4609375 0.35703125 0.015625 0.0265625
5 0.3765625 0.475 0.02265625 0.0296875
8 0.41328125 0.90234375 0.0546875 0.09375
5 0.396875 0.92890625 0.015625 0.0421875
5 0.4140625 0.90390625 0.0234375 0.04765625