5 0.4609375 0.35546875 0.0234375 0.0359375
5 0.49609375 0.49296875 0.01484375 0.0359375
5 0.5671875 0.44765625 0.02890625 0.0453125
5 0.6 0.58515625 0.021875 0.02734375
5 0.62734375 0.0234375 0.0328125 0.04609375
5 0.5390625 0.2515625 0.0171875 0.0359375
5 0.48984375 0.3359375 0.03046875 0.0421875
5 0.65703125 0.3734375 0.02890625 0.04609375
5 0.6390625 0.43125 0.02109375 0.03359375
5 0.27578125 0.22421875 0.021875 0.03984375
5 0.60546875 0.1109375 0.025 0.04375
5 0.3953125 0.25703125 0.02421875 0.03984375
5 0.55078125 0.22890625 0.01640625 0.03671875
5 0.62109375 0.36328125 0.025 0.040625
5 0.365625 0.65234375 0.015625 0.0390625
8 0.4359375 0.31953125 0.0625 0.0859375
5 0.51015625 0.55 0.01796875 0.03671875