5 0.35859375 0.68359375 0.021875 0.028125
5 0.465625 0.51953125 0.03125 0.053125
5 0.60546875 0.64296875 0.02421875 0.05546875
5 0.571875 0.77109375 0.025 0.0484375
5 0.51171875 0.74609375 0.03125 0.05078125
5 0.33671875 0.41875 0.0203125 0.05546875
5 0.53984375 0.6859375 0.02578125 0.040625
5 0.540625 0.38671875 0.02890625 0.04921875
5 0.234375 0.6015625 0.028125 0.04375
5 0.49765625 0.884375 0.02421875 0.04609375
5 0.47578125 0.57578125 0.0234375 0.04296875
5 0.5203125 0.96875 0.02421875 0.04140625
5 0.340625 0.98828125 0.015625 0.01875
5 0.58125 0.98984375 0.0328125 0.01328125
5 0.5953125 0.98984375 0.02734375 0.0171875
8 0.34375 0.690625 0.08671875 0.0609375
5 0.59296875 0.8734375 0.0234375 0.040625
5 0.534375 0.4765625 0.03359375 0.04140625
5 0.39921875 0.578125 0.0140625 0.02734375