8 0.5390625 0.82421875 0.0609375 0.096875
8 0.16875 0.64140625 0.0515625 0.06953125
8 0.11484375 0.67890625 0.02734375 0.1078125
5 0.4296875 0.6015625 0.0390625 0.07421875
5 0.296875 0.41171875 0.0234375 0.07578125
5 0.08359375 0.26953125 0.02890625 0.04765625
8 0.2234375 0.77578125 0.05390625 0.09609375
5 0.2546875 0.628125 0.02734375 0.0515625
5 0.421875 0.43515625 0.0234375 0.0484375
5 0.51171875 0.77265625 0.01640625 0.034375
8 0.090625 0.29296875 0.04921875 0.11328125
5 0.3328125 0.4375 0.03984375 0.07890625
5 0.50703125 0.49609375 0.01328125 0.04765625
5 0.1984375 0.7828125 0.01640625 0.03203125
5 0.4828125 0.36640625 0.02109375 0.034375
5 0.46640625 0.3359375 0.0203125 0.0359375
5 0.3921875 0.68046875 0.02265625 0.040625
5 0.22265625 0.41875 0.0265625 0.0578125
5 0.34453125 0.728125 0.03828125 0.04296875
8 0.1828125 0.3984375 0.0390625 0.13046875
5 0.11328125 0.015625 0.01953125 0.03125
5 0.09296875 0.32578125 0.02734375 0.0359375
5 0.065625 0.28671875 0.0203125 0.03046875
5 0.1703125 0.41953125 0.01015625 0.03359375
5 0.1828125 0.42734375 0.025 0.04296875
5 0.18515625 0.3890625 0.02578125 0.03203125
5 0.18515625 0.35078125 0.015625 0.03359375
5 0.35703125 0.440625 0.01796875 0.02890625
5 0.52890625 0.84296875 0.0203125 0.02890625
5 0.5421875 0.81953125 0.0140625 0.0296875
5 0.13671875 0.61171875 0.01875 0.034375
5 0.13203125 0.65078125 0.015625 0.02890625