8 0.4625 0.51328125 0.046875 0.1203125
5 0.46171875 0.64375 0.02265625 0.04609375
5 0.33046875 0.7765625 0.028125 0.04921875
5 0.50703125 0.88984375 0.02734375 0.03984375
5 0.4765625 0.80546875 0.03046875 0.0453125
5 0.66328125 0.40546875 0.0265625 0.05546875
5 0.3921875 0.41953125 0.03125 0.06171875
5 0.4765625 0.47421875 0.01875 0.03828125
5 0.534375 0.65 0.021875 0.04453125
5 0.40234375 0.31953125 0.0296875 0.0515625
5 0.57578125 0.35625 0.02421875 0.04453125
5 0.43359375 0.47890625 0.02890625 0.05703125
5 0.57109375 0.57578125 0.02734375 0.0546875
5 0.5625 0.43828125 0.02265625 0.04921875
5 0.37421875 0.24453125 0.04296875 0.075
5 0.41484375 0.39140625 0.02265625 0.06328125
5 0.31484375 0.72421875 0.021875 0.04296875
5 0.4234375 0.55390625 0.02421875 0.05078125