8 0.35390625 0.64921875 0.078125 0.06796875
5 0.38984375 0.60078125 0.02734375 0.04140625
5 0.42421875 0.81328125 0.03203125 0.046875
5 0.4328125 0.5328125 0.02421875 0.04765625
5 0.446875 0.596875 0.02578125 0.0484375
5 0.421875 0.45234375 0.028125 0.0515625
5 0.3640625 0.540625 0.03359375 0.04453125
5 0.47421875 0.31875 0.03671875 0.034375
5 0.275 0.7703125 0.03125 0.04921875
5 0.43671875 0.75625 0.03203125 0.04375
5 0.2578125 0.50703125 0.03359375 0.05
5 0.39453125 0.75625 0.025 0.04609375
5 0.37890625 0.39453125 0.0328125 0.04296875
5 0.3828125 0.28125 0.03515625 0.04921875
5 0.284375 0.4984375 0.03828125 0.053125
5 0.4359375 0.38828125 0.02578125 0.04375
5 0.4578125 0.3921875 0.02421875 0.04609375
5 0.4765625 0.54140625 0.02890625 0.053125