5 0.50234375 0.3328125 0.0265625 0.0296875
5 0.29140625 0.16953125 0.0234375 0.0359375
5 0.3171875 0.11171875 0.02421875 0.04140625
5 0.28125 0.03203125 0.034375 0.0640625
5 0.40703125 0.009375 0.0234375 0.01796875
5 0.3734375 0.0640625 0.01953125 0.03046875
5 0.35078125 0.01640625 0.0203125 0.028125
5 0.33359375 0.29609375 0.0203125 0.02578125
5 0.36953125 0.19921875 0.021875 0.03984375
5 0.4515625 0.19921875 0.03125 0.040625
8 0.4796875 0.08125 0.06484375 0.10546875
8 0.496875 0.3390625 0.06484375 0.08046875
5 0.4609375 0.06328125 0.02109375 0.05625
5 0.4859375 0.36015625 0.0203125 0.03125