5 0.578125 0.24296875 0.01875 0.03203125
5 0.26875 0.9140625 0.02109375 0.02890625
5 0.32890625 0.1640625 0.02578125 0.03984375
5 0.2578125 0.23125 0.03515625 0.040625
5 0.48671875 0.03515625 0.04140625 0.06171875
5 0.28828125 0.23828125 0.0296875 0.04140625
5 0.2765625 0.125 0.03125 0.03984375
5 0.41796875 0.24140625 0.02890625 0.04921875
5 0.40859375 0.096875 0.03203125 0.0484375
5 0.35859375 0.303125 0.0296875 0.05
5 0.265625 0.04765625 0.03515625 0.053125
5 0.33984375 0.09296875 0.0203125 0.046875
8 0.584375 0.21875 0.0375 0.121875
5 0.24375 0.12578125 0.03046875 0.04453125
5 0.2984375 0.428125 0.03359375 0.07109375
8 0.48359375 0.1390625 0.0359375 0.13203125
8 0.26875 0.91328125 0.046875 0.08671875
5 0.590625 0.2140625 0.0140625 0.03203125