8 0.54609375 0.5203125 0.04453125 0.12109375
5 0.58125 0.90078125 0.03125 0.0328125
5 0.61015625 0.66484375 0.0265625 0.0515625
5 0.465625 0.43515625 0.02578125 0.046875
5 0.5453125 0.64296875 0.02578125 0.05234375
5 0.6375 0.60546875 0.02421875 0.04609375
5 0.47890625 0.334375 0.028125 0.0609375
5 0.40625 0.7953125 0.025 0.04453125
5 0.7375 0.41328125 0.02734375 0.05859375
5 0.390625 0.73125 0.021875 0.04921875
5 0.46015625 0.24375 0.04140625 0.06171875
5 0.64453125 0.36328125 0.03125 0.05
5 0.52109375 0.478125 0.021875 0.04765625
5 0.56328125 0.8171875 0.028125 0.0390625
5 0.50078125 0.5375 0.02578125 0.05859375
5 0.6359375 0.4515625 0.0234375 0.04765625
5 0.5625 0.48359375 0.02734375 0.03203125