8 0.55703125 0.653125 0.0671875 0.08125
5 0.6203125 0.3921875 0.03515625 0.04609375
5 0.48828125 0.5390625 0.0375 0.04921875
5 0.63515625 0.625 0.02734375 0.04609375
5 0.67421875 0.63046875 0.02109375 0.04921875
5 0.5828125 0.84765625 0.02421875 0.04765625
5 0.6375 0.2703125 0.02890625 0.04140625
5 0.3171875 0.48046875 0.0390625 0.059375
5 0.54296875 0.4609375 0.03671875 0.0484375
5 0.50859375 0.7015625 0.02890625 0.05625
5 0.58046875 0.41328125 0.02734375 0.03125
5 0.325 0.4234375 0.03046875 0.06953125
5 0.36796875 0.878125 0.02578125 0.0421875
5 0.47890625 0.81484375 0.02734375 0.03984375
5 0.54140625 0.77265625 0.01953125 0.04375
5 0.59140625 0.6734375 0.01640625 0.034375
5 0.55625 0.5890625 0.02265625 0.04921875
5 0.6640625 0.78671875 0.01953125 0.034375