8 0.3515625 0.6390625 0.071875 0.071875
5 0.2921875 0.490625 0.03828125 0.05625
5 0.43203125 0.58359375 0.03515625 0.04296875
5 0.45 0.3984375 0.03046875 0.03671875
5 0.37734375 0.590625 0.0203125 0.03359375
5 0.3859375 0.7390625 0.02578125 0.04453125
5 0.42109375 0.75234375 0.0265625 0.0484375
5 0.43046875 0.51953125 0.03046875 0.05078125
5 0.4609375 0.52578125 0.02890625 0.05546875
5 0.38984375 0.2859375 0.03671875 0.0609375
5 0.2609375 0.49140625 0.0296875 0.05703125
5 0.375 0.38671875 0.03125 0.0640625
5 0.47421875 0.3171875 0.0359375 0.0515625
5 0.3484375 0.54140625 0.02890625 0.0453125
5 0.42265625 0.43671875 0.0328125 0.06171875
5 0.2671875 0.73671875 0.03203125 0.071875
5 0.4203125 0.8109375 0.03125 0.0390625
5 0.44375 0.38046875 0.02109375 0.034375