5 0.475 0.31875 0.0265625 0.0484375
5 0.4046875 0.30234375 0.02890625 0.05234375
5 0.29140625 0.46640625 0.02578125 0.0453125
5 0.4453125 0.50546875 0.025 0.04609375
5 0.415625 0.4890625 0.025 0.046875
5 0.37109375 0.38671875 0.02265625 0.04609375
5 0.321875 0.5453125 0.04453125 0.0390625
5 0.446875 0.37890625 0.03046875 0.0484375
5 0.41875 0.56796875 0.0265625 0.04296875
5 0.25234375 0.71015625 0.03671875 0.07109375
5 0.365625 0.69375 0.02421875 0.040625
5 0.26484375 0.459375 0.0328125 0.0734375
5 0.40546875 0.7390625 0.03125 0.0390625
8 0.36328125 0.615625 0.06640625 0.08046875
5 0.4296875 0.43359375 0.0171875 0.03671875
5 0.40703125 0.81171875 0.02890625 0.03671875
5 0.365625 0.5921875 0.02578125 0.0265625
5 0.44375 0.40703125 0.02109375 0.03046875