5 0.346875 0.46796875 0.0171875 0.03203125
5 0.26171875 0.521875 0.015625 0.03984375
5 0.29765625 0.4234375 0.0140625 0.02890625
5 0.228125 0.52578125 0.025 0.03828125
5 0.30703125 0.59375 0.01953125 0.053125
5 0.4578125 0.4140625 0.01328125 0.02421875
5 0.49140625 0.6359375 0.02265625 0.04140625
5 0.34296875 0.4234375 0.015625 0.03203125
5 0.4296875 0.50703125 0.015625 0.0328125
5 0.60078125 0.62109375 0.021875 0.04609375
5 0.35 0.28203125 0.021875 0.03359375
5 0.30546875 0.609375 0.0125 0.04375
5 0.40234375 0.73046875 0.03125 0.05234375
5 0.3640625 0.27421875 0.02109375 0.034375
8 0.41484375 0.58203125 0.0359375 0.125
5 0.44609375 0.346875 0.01484375 0.02890625
5 0.33828125 0.2484375 0.02578125 0.03359375
5 0.41796875 0.615625 0.0140625 0.0578125
5 0.01953125 0.67421875 0.02578125 0.03828125
8 0.025 0.6734375 0.05 0.05703125