5 0.40703125 0.4765625 0.0234375 0.03125
5 0.50234375 0.69375 0.02109375 0.03515625
5 0.60078125 0.75703125 0.01953125 0.03125
5 0.5828125 0.27265625 0.02734375 0.05703125
5 0.61015625 0.15546875 0.03671875 0.0578125
5 0.26640625 0.390625 0.0328125 0.03671875
5 0.640625 0.58203125 0.02578125 0.04140625
5 0.4578125 0.4640625 0.034375 0.04296875
5 0.59375 0.496875 0.0265625 0.04375
5 0.3578125 0.35625 0.02421875 0.04609375
5 0.49140625 0.65859375 0.01796875 0.0296875
5 0.3546875 0.8015625 0.01875 0.0359375
5 0.55703125 0.60625 0.028125 0.040625
5 0.26328125 0.35703125 0.0234375 0.0296875
5 0.528125 0.378125 0.0296875 0.046875
8 0.38125 0.459375 0.08125 0.06953125
5 0.63671875 0.46328125 0.03359375 0.05625
5 0.51953125 0.39296875 0.0234375 0.04140625