5 0.3328125 0.9765625 0.02265625 0.034375
5 0.465625 0.5265625 0.0265625 0.0515625
5 0.4046875 0.43046875 0.01953125 0.02734375
5 0.35625 0.47578125 0.01953125 0.03125
5 0.29921875 0.40625 0.02109375 0.028125
5 0.34140625 0.4484375 0.0171875 0.03125
5 0.29765625 0.53125 0.02265625 0.03203125
5 0.28984375 0.66484375 0.01875 0.034375
5 0.2890625 0.38828125 0.0203125 0.02890625
5 0.3640625 0.64140625 0.02109375 0.04609375
5 0.43125 0.34453125 0.01875 0.02421875
8 0.34453125 0.95390625 0.05625 0.090625
5 0.4671875 0.65234375 0.02890625 0.04375
5 0.609375 0.33515625 0.01796875 0.0359375
5 0.38984375 0.34453125 0.01640625 0.0234375
5 0.30390625 0.71328125 0.025 0.04453125
5 0.503125 0.46484375 0.01640625 0.03046875
5 0.275 0.459375 0.02109375 0.0296875
8 0.47890625 0.55 0.05234375 0.10859375
5 0.34453125 0.95 0.01953125 0.04765625