8 0.55703125 0.665625 0.08046875 0.04921875
5 0.62578125 0.70546875 0.0203125 0.0390625
5 0.49921875 0.72109375 0.01953125 0.04296875
5 0.44921875 0.84765625 0.03203125 0.04921875
5 0.6046875 0.42890625 0.02578125 0.03828125
5 0.61484375 0.315625 0.021875 0.0328125
5 0.52734375 0.8515625 0.021875 0.040625
5 0.671875 0.64921875 0.01875 0.04140625
5 0.55234375 0.6296875 0.0265625 0.02578125
5 0.4984375 0.5984375 0.04609375 0.0484375
5 0.56484375 0.85703125 0.01796875 0.03515625
5 0.5578125 0.45 0.02265625 0.0390625
5 0.3390625 0.53125 0.0296875 0.046875
5 0.321875 0.58046875 0.034375 0.0359375
5 0.5265625 0.4765625 0.01953125 0.03203125
5 0.5859375 0.67578125 0.015625 0.028125
5 0.3859375 0.9140625 0.0203125 0.0359375
5 0.69609375 0.80390625 0.01875 0.04765625