5 0.415625 0.37734375 0.02265625 0.0296875
5 0.490625 0.54921875 0.01484375 0.0359375
5 0.5859375 0.16875 0.028125 0.05078125
5 0.50234375 0.590625 0.01953125 0.0390625
5 0.3546875 0.69609375 0.01484375 0.04140625
5 0.365625 0.2625 0.02578125 0.04140625
5 0.46015625 0.365625 0.0296875 0.0390625
5 0.63984375 0.37890625 0.02734375 0.08359375
5 0.64296875 0.47578125 0.02890625 0.04140625
5 0.61328125 0.0546875 0.0359375 0.05859375
5 0.5609375 0.503125 0.03125 0.03671875
5 0.60078125 0.38828125 0.028125 0.04140625
5 0.534375 0.28125 0.01953125 0.03515625
5 0.2671875 0.2828125 0.028125 0.04375
5 0.60078125 0.64375 0.01953125 0.03125
8 0.3953125 0.35546875 0.07265625 0.07265625
5 0.5234375 0.2859375 0.0203125 0.03828125
5 0.26328125 0.2578125 0.01640625 0.03203125