8 0.30625 0.66796875 0.0703125 0.06171875
5 0.421875 0.8625 0.0390625 0.0609375
5 0.40078125 0.8140625 0.028125 0.05
5 0.328125 0.4625 0.02734375 0.053125
5 0.3171875 0.28828125 0.0296875 0.04453125
5 0.3890625 0.50625 0.02890625 0.0515625
5 0.1984375 0.55234375 0.02890625 0.06328125
5 0.4359375 0.39140625 0.02734375 0.0390625
5 0.38515625 0.42109375 0.02890625 0.04765625
5 0.34609375 0.62890625 0.02578125 0.0453125
5 0.3765625 0.565625 0.02890625 0.04453125
5 0.43046875 0.5765625 0.025 0.04453125
5 0.4375 0.803125 0.03515625 0.0546875
5 0.2578125 0.86171875 0.0390625 0.0578125
5 0.45625 0.6375 0.0328125 0.04765625
5 0.44453125 0.3296875 0.0328125 0.0484375
5 0.478125 0.59296875 0.0328125 0.05390625
5 0.22109375 0.54375 0.02109375 0.034375