5 0.44921875 0.8015625 0.02265625 0.05546875
5 0.68515625 0.6265625 0.0265625 0.05859375
5 0.7828125 0.41796875 0.02421875 0.0578125
5 0.53203125 0.39296875 0.0234375 0.05625
5 0.5984375 0.63984375 0.0296875 0.05546875
5 0.68359375 0.453125 0.02421875 0.0515625
5 0.43828125 0.740625 0.02265625 0.046875
5 0.66328125 0.6703125 0.0234375 0.06171875
5 0.69609375 0.3640625 0.028125 0.04921875
5 0.634375 0.90625 0.02734375 0.04375
5 0.52578125 0.3359375 0.03359375 0.05390625
5 0.57734375 0.4765625 0.0234375 0.05390625
5 0.51171875 0.44296875 0.02890625 0.04375
5 0.50859375 0.25390625 0.04375 0.05703125
5 0.61328125 0.81171875 0.0234375 0.0484375
5 0.546875 0.559375 0.01875 0.040625
8 0.60390625 0.5234375 0.04140625 0.13203125
5 0.61796875 0.484375 0.01875 0.03125