8 0.359375 0.62421875 0.06640625 0.08125
5 0.3734375 0.71640625 0.02421875 0.04609375
5 0.29140625 0.48203125 0.0265625 0.04140625
5 0.375 0.37890625 0.028125 0.04140625
5 0.43828125 0.378125 0.03046875 0.04453125
5 0.43359375 0.578125 0.02578125 0.04375
5 0.42890625 0.4359375 0.02421875 0.04453125
5 0.265625 0.47578125 0.0359375 0.07734375
5 0.41796875 0.74453125 0.0265625 0.046875
5 0.334375 0.54140625 0.02890625 0.04609375
5 0.44921875 0.51171875 0.0265625 0.0453125
5 0.475 0.32890625 0.034375 0.053125
5 0.42265625 0.5046875 0.02578125 0.040625
5 0.41328125 0.8109375 0.03125 0.0390625
5 0.44921875 0.4078125 0.02109375 0.03515625
5 0.39765625 0.303125 0.03359375 0.04453125
5 0.25625 0.721875 0.03046875 0.0640625
5 0.3703125 0.58203125 0.02265625 0.04140625