5 0.6375 0.290625 0.025 0.03125
5 0.33125 0.40546875 0.0203125 0.03359375
5 0.625 0.28359375 0.02265625 0.03203125
5 0.68203125 0.18046875 0.02109375 0.0359375
8 0.48203125 0.2109375 0.0640625 0.046875
8 0.3140625 0.78046875 0.07421875 0.0828125
5 0.821875 0.33046875 0.028125 0.0390625
5 0.4171875 0.50859375 0.03828125 0.05078125
5 0.3546875 0.37421875 0.0265625 0.0390625
5 0.75703125 0.04921875 0.03125 0.05625
5 0.54609375 0.43046875 0.02265625 0.04453125
5 0.5359375 0.63046875 0.03359375 0.0390625
8 0.62421875 0.28515625 0.06640625 0.05625
5 0.5296875 0.20078125 0.01953125 0.02578125
5 0.55390625 0.36875 0.02734375 0.0453125
5 0.534375 0.79140625 0.028125 0.046875
5 0.55 0.67109375 0.03515625 0.0421875
5 0.5015625 0.17890625 0.0234375 0.028125
5 0.58671875 0.55078125 0.04140625 0.0765625
5 0.578125 0.80546875 0.0359375 0.0796875
8 0.34375 0.4046875 0.07578125 0.0640625
5 0.503125 0.8453125 0.03046875 0.04609375
8 0.6984375 0.16875 0.06640625 0.07578125
8 0.48984375 0.15078125 0.06796875 0.0390625
5 0.5078125 0.47421875 0.02421875 0.0515625
5 0.48203125 0.4734375 0.02265625 0.04921875
5 0.3140625 0.665625 0.03203125 0.040625
5 0.72265625 0.084375 0.0328125 0.0453125
5 0.503125 0.37421875 0.028125 0.04375
5 0.85078125 0.253125 0.02890625 0.04140625
5 0.3515625 0.796875 0.02109375 0.03359375
5 0.315625 0.79296875 0.01796875 0.02890625
5 0.2984375 0.7828125 0.01484375 0.0328125
5 0.59296875 0.565625 0.01484375 0.03203125
5 0.70078125 0.1609375 0.0171875 0.03515625
5 0.7171875 0.15546875 0.0203125 0.046875
5 0.60546875 0.27421875 0.0171875 0.03515625
5 0.5203125 0.16640625 0.02265625 0.0484375