5 0.65234375 0.08046875 0.02578125 0.03203125
8 0.3234375 0.58046875 0.0625 0.11171875
5 0.5046875 0.4375 0.0296875 0.05234375
5 0.56171875 0.475 0.02734375 0.04921875
5 0.42734375 0.3265625 0.025 0.040625
5 0.38828125 0.07890625 0.0296875 0.03984375
5 0.5921875 0.19453125 0.021875 0.04453125
8 0.6359375 0.065625 0.0546875 0.08046875
5 0.509375 0.6234375 0.02265625 0.05390625
5 0.8703125 0.0203125 0.025 0.040625
5 0.50546875 0.23125 0.021875 0.0328125
5 0.3625 0.371875 0.0296875 0.04921875
5 0.5265625 0.1390625 0.0234375 0.03515625
8 0.39140625 0.1125 0.06171875 0.0984375
5 0.84375 0.0765625 0.03046875 0.04296875
5 0.353125 0.59375 0.0140625 0.0296875
5 0.31796875 0.56328125 0.01328125 0.025
5 0.32421875 0.578125 0.0109375 0.0296875
5 0.63125 0.065625 0.02109375 0.05078125
5 0.61484375 0.04375 0.01796875 0.03359375
5 0.5484375 0.26640625 0.01484375 0.028125
5 0.5609375 0.271875 0.0203125 0.0375
5 0.58671875 0.33203125 0.04375 0.0734375
5 0.58671875 0.35078125 0.015625 0.03203125
5 0.56796875 0.58046875 0.02421875 0.04140625
5 0.58984375 0.59140625 0.02109375 0.03515625