5 0.37265625 0.47265625 0.03203125 0.02734375
5 0.56875 0.50703125 0.0296875 0.04296875
5 0.6046875 0.78984375 0.02421875 0.028125
5 0.5765625 0.16953125 0.0390625 0.053125
5 0.5546875 0.27890625 0.03515625 0.06171875
5 0.496875 0.38984375 0.02265625 0.03125
5 0.41796875 0.4078125 0.02734375 0.03828125
5 0.34765625 0.796875 0.0140625 0.040625
5 0.49765625 0.67890625 0.0171875 0.03125
5 0.5171875 0.7234375 0.02421875 0.040625
5 0.546875 0.59921875 0.0265625 0.046875
5 0.61953125 0.45859375 0.02890625 0.046875
5 0.496875 0.346875 0.03046875 0.046875
5 0.253125 0.3921875 0.04765625 0.03828125
5 0.3421875 0.290625 0.0234375 0.0484375
8 0.3453125 0.47265625 0.08203125 0.0390625
5 0.6125 0.56796875 0.02890625 0.046875