8 0.36015625 0.45546875 0.07265625 0.05703125
5 0.62734375 0.56484375 0.02734375 0.04375
5 0.3453125 0.3140625 0.021875 0.03359375
5 0.6 0.7609375 0.025 0.028125
5 0.496875 0.6640625 0.01796875 0.03203125
5 0.628125 0.45078125 0.02578125 0.04296875
5 0.509375 0.68828125 0.021875 0.0359375
5 0.57890625 0.49609375 0.02421875 0.046875
5 0.43984375 0.4265625 0.0171875 0.06796875
5 0.59296875 0.15078125 0.0421875 0.05859375
5 0.56875 0.27421875 0.02890625 0.0515625
5 0.26171875 0.39296875 0.034375 0.0609375
5 0.3546875 0.7890625 0.02109375 0.04765625
5 0.51484375 0.3484375 0.0328125 0.05859375
5 0.55234375 0.59375 0.03125 0.05078125
5 0.38828125 0.4640625 0.02578125 0.0265625
5 0.25625 0.3484375 0.01875 0.02890625
5 0.51171875 0.38359375 0.0234375 0.0421875