5 0.40390625 0.8625 0.02265625 0.04921875
5 0.4234375 0.4390625 0.03671875 0.04375
5 0.43046875 0.9484375 0.02578125 0.05390625
5 0.37265625 0.54609375 0.0328125 0.04375
5 0.29609375 0.5203125 0.03203125 0.03515625
5 0.359375 0.46640625 0.03828125 0.046875
5 0.25390625 0.3140625 0.025 0.04921875
5 0.4234375 0.63515625 0.02578125 0.04140625
5 0.15078125 0.59296875 0.028125 0.03828125
5 0.2515625 0.9765625 0.028125 0.0390625
5 0.40078125 0.6671875 0.02734375 0.04375
5 0.43125 0.3640625 0.03671875 0.0453125
5 0.4671875 0.89296875 0.02421875 0.0484375
5 0.4640625 0.69921875 0.03125 0.05625
5 0.490625 0.62578125 0.03046875 0.05703125
8 0.25546875 0.67890625 0.07265625 0.04375
5 0.28125 0.6609375 0.0171875 0.04609375