5 0.35859375 0.60703125 0.028125 0.02421875
5 0.23828125 0.5265625 0.02578125 0.04609375
5 0.3421875 0.91953125 0.02109375 0.04765625
5 0.53828125 0.40625 0.03515625 0.046875
5 0.52421875 0.7 0.02890625 0.05625
5 0.58203125 0.7171875 0.02421875 0.04609375
5 0.47578125 0.45859375 0.0296875 0.04609375
5 0.50234375 0.8109375 0.025 0.04296875
5 0.59609375 0.91875 0.0265625 0.04921875
5 0.5359375 0.30390625 0.05859375 0.0765625
5 0.61015625 0.57734375 0.0265625 0.05703125
5 0.40703125 0.509375 0.02421875 0.0390625
5 0.3390625 0.3640625 0.021875 0.05390625
5 0.52265625 0.89140625 0.0265625 0.040625
5 0.55 0.62421875 0.028125 0.05078125
5 0.48125 0.50625 0.02421875 0.04140625
8 0.34375 0.61328125 0.07109375 0.04140625