5 0.44921875 0.7234375 0.01953125 0.03671875
5 0.465625 0.70234375 0.021875 0.03203125
5 0.4609375 0.51640625 0.02734375 0.04453125
5 0.2984375 0.49453125 0.01875 0.05234375
5 0.315625 0.4234375 0.02421875 0.03671875
5 0.3265625 0.3 0.0140625 0.0265625
5 0.4140625 0.30703125 0.01484375 0.028125
5 0.45234375 0.25625 0.015625 0.03125
5 0.35546875 0.31796875 0.01953125 0.02734375
8 0.4640625 0.70078125 0.05546875 0.090625
5 0.2875 0.359375 0.0234375 0.04140625
5 0.30859375 0.29140625 0.01796875 0.0265625
5 0.371875 0.51171875 0.01875 0.040625
5 0.415625 0.2375 0.0171875 0.02890625
5 0.5046875 0.31015625 0.01796875 0.03203125
5 0.33125 0.6078125 0.021875 0.03125
5 0.3703125 0.3703125 0.0171875 0.03125
8 0.48671875 0.40625 0.0546875 0.109375
5 0.465625 0.3859375 0.01875 0.0515625
5 0.6296875 0.209375 0.01640625 0.034375