8 0.32890625 0.946875 0.04375 0.1015625
8 0.60625 0.29921875 0.0359375 0.12421875
8 0.4828125 0.28359375 0.0578125 0.11171875
5 0.28046875 0.6234375 0.0390625 0.06328125
5 0.48203125 0.18359375 0.03984375 0.06640625
5 0.3046875 0.334375 0.021875 0.04140625
5 0.640625 0.125 0.0390625 0.07578125
5 0.3921875 0.384375 0.0265625 0.04609375
5 0.328125 0.23671875 0.01875 0.0515625
5 0.34375 0.46484375 0.028125 0.04375
5 0.23828125 0.3890625 0.03203125 0.04453125
5 0.40234375 0.3796875 0.028125 0.059375
5 0.409375 0.11015625 0.03984375 0.078125
5 0.240625 0.20859375 0.0296875 0.03984375
5 0.20234375 0.271875 0.034375 0.0484375
5 0.38828125 0.240625 0.0296875 0.03359375
5 0.2703125 0.40390625 0.03359375 0.0421875
5 0.40859375 0.2484375 0.025 0.0375
5 0.25703125 0.28671875 0.0328125 0.0421875
5 0.596875 0.3265625 0.01953125 0.03671875
5 0.60703125 0.2796875 0.021875 0.05546875
5 0.45078125 0.115625 0.0234375 0.07109375
5 0.32578125 0.95703125 0.0296875 0.04453125