5 0.37421875 0.70859375 0.02109375 0.02421875
5 0.35859375 0.7 0.01875 0.028125
8 0.265625 0.05546875 0.04453125 0.1046875
5 0.41875 0.040625 0.028125 0.05078125
5 0.428125 0.41875 0.03828125 0.05
5 0.56015625 0.39375 0.03125 0.04453125
5 0.2171875 0.19609375 0.02265625 0.040625
5 0.43671875 0.1515625 0.0296875 0.0453125
5 0.359375 0.40546875 0.021875 0.03125
5 0.390625 0.66640625 0.021875 0.02890625
5 0.503125 0.34453125 0.03125 0.0484375
5 0.4546875 0.1984375 0.03203125 0.078125
5 0.31953125 0.40078125 0.01875 0.03359375
5 0.334375 0.1859375 0.02421875 0.05625
5 0.56875 0.3578125 0.0296875 0.053125
5 0.521875 0.50859375 0.028125 0.04453125
8 0.23359375 0.2203125 0.03359375 0.13359375
8 0.37265625 0.7109375 0.08359375 0.05390625
5 0.3015625 0.1640625 0.0203125 0.0390625
5 0.32265625 0.146875 0.0234375 0.04296875
5 0.471875 0.2234375 0.02265625 0.03515625