8 0.56875 0.66328125 0.07734375 0.05703125
5 0.5125 0.72421875 0.0359375 0.04296875
5 0.57578125 0.44921875 0.03359375 0.0390625
5 0.6203125 0.4375 0.02109375 0.06171875
5 0.5375 0.46953125 0.03046875 0.0390625
5 0.6734375 0.66640625 0.0328125 0.0453125
5 0.5671875 0.86171875 0.03359375 0.04296875
5 0.5625 0.64296875 0.028125 0.02578125
5 0.63515625 0.7015625 0.02890625 0.04140625
5 0.53125 0.84921875 0.0203125 0.0390625
5 0.33203125 0.5484375 0.0359375 0.04921875
5 0.45859375 0.84296875 0.034375 0.040625
5 0.5109375 0.58046875 0.034375 0.04453125
5 0.6328125 0.31953125 0.0296875 0.03671875
5 0.34921875 0.50078125 0.02109375 0.0390625
5 0.38203125 0.89296875 0.0203125 0.0390625
5 0.59296875 0.67890625 0.01953125 0.0375
5 0.6953125 0.8203125 0.01796875 0.03125