5 0.5609375 0.8140625 0.015625 0.03671875
8 0.1234375 0.734375 0.0375 0.10078125
8 0.16953125 0.6765625 0.06328125 0.046875
5 0.4171875 0.67890625 0.01875 0.03359375
5 0.35859375 0.4734375 0.01875 0.0359375
5 0.07109375 0.065625 0.02734375 0.046875
5 0.45703125 0.640625 0.0390625 0.0640625
5 0.29921875 0.3609375 0.021875 0.0484375
8 0.20703125 0.78125 0.05390625 0.09296875
5 0.42109375 0.44140625 0.0265625 0.03828125
5 0.446875 0.3453125 0.02109375 0.046875
5 0.246875 0.6796875 0.03515625 0.046875
5 0.20703125 0.4859375 0.0203125 0.03984375
8 0.56015625 0.83046875 0.0546875 0.1109375
5 0.334375 0.465625 0.03203125 0.0640625
5 0.13671875 0.64140625 0.0265625 0.0484375
5 0.18671875 0.7828125 0.0171875 0.03125
8 0.18828125 0.4359375 0.0453125 0.12421875
5 0.49453125 0.50546875 0.0265625 0.04296875
5 0.0421875 0.046875 0.028125 0.0453125
5 0.33515625 0.70234375 0.02421875 0.04765625
5 0.4953125 0.75390625 0.025 0.04921875
8 0.084375 0.371875 0.05 0.115625
5 0.07890625 0.334375 0.02265625 0.03828125
5 0.06953125 0.3578125 0.015625 0.03125
5 0.08046875 0.38828125 0.025 0.0296875
5 0.1859375 0.39453125 0.0171875 0.02421875
5 0.18671875 0.43203125 0.02421875 0.05859375
5 0.17734375 0.465625 0.01875 0.03984375
5 0.465625 0.36328125 0.01953125 0.03359375
5 0.2640625 0.72109375 0.0171875 0.03203125
5 0.146875 0.70078125 0.01796875 0.034375
5 0.4890625 0.76640625 0.01796875 0.03515625