5 0.11328125 0.36640625 0.0234375 0.034375
5 0.29296875 0.41953125 0.02890625 0.053125
5 0.43828125 0.45859375 0.0265625 0.05703125
5 0.29921875 0.74296875 0.02109375 0.02890625
5 0.14921875 0.60703125 0.0296875 0.04921875
5 0.26796875 0.7390625 0.0203125 0.03125
5 0.0625 0.046875 0.03125 0.04765625
5 0.03359375 0.02109375 0.0296875 0.0421875
5 0.303125 0.3125 0.025 0.040625
5 0.49765625 0.65703125 0.021875 0.04609375
5 0.565625 0.81640625 0.028125 0.046875
8 0.5984375 0.8390625 0.0515625 0.11328125
5 0.48125 0.49296875 0.03203125 0.06796875
5 0.30703125 0.64375 0.03046875 0.040625
5 0.1140625 0.33203125 0.01875 0.03671875
5 0.23828125 0.496875 0.02109375 0.0609375
5 0.58125 0.78671875 0.02265625 0.0515625
8 0.22265625 0.428125 0.04296875 0.115625
5 0.17421875 0.46796875 0.03046875 0.05078125
5 0.4359375 0.63984375 0.0203125 0.02578125
8 0.1125 0.36953125 0.04375 0.12265625
5 0.2890625 0.75703125 0.02890625 0.0421875
5 0.365625 0.48046875 0.02265625 0.03984375
5 0.46875 0.39453125 0.02265625 0.03515625
5 0.4625 0.365625 0.021875 0.03515625
5 0.38515625 0.47890625 0.0203125 0.04296875
5 0.21171875 0.4484375 0.0125 0.02421875
5 0.22421875 0.4328125 0.01796875 0.04609375
5 0.21796875 0.3890625 0.01796875 0.040625
5 0.0984375 0.38125 0.01015625 0.028125
8 0.1984375 0.66953125 0.053125 0.05546875
8 0.16328125 0.70546875 0.05703125 0.07890625
5 0.16484375 0.67578125 0.02890625 0.03984375
5 0.13984375 0.70859375 0.02734375 0.03125
8 0.13359375 0.73359375 0.0359375 0.09609375