5 0.2328125 0.61796875 0.021875 0.040625
5 0.13046875 0.046875 0.0234375 0.046875
5 0.59765625 0.66171875 0.0203125 0.0390625
5 0.51640625 0.48203125 0.0234375 0.040625
5 0.09296875 0.01953125 0.02734375 0.0390625
5 0.628125 0.73046875 0.025 0.04609375
8 0.2078125 0.3609375 0.040625 0.1171875
5 0.540625 0.37890625 0.02890625 0.03984375
5 0.56875 0.50859375 0.0171875 0.02890625
8 0.31875 0.39921875 0.04453125 0.1328125
5 0.19921875 0.61953125 0.03125 0.04453125
5 0.64765625 0.75234375 0.02109375 0.0375
5 0.36328125 0.6109375 0.034375 0.040625
5 0.51171875 0.62421875 0.01640625 0.03125
8 0.715625 0.83671875 0.05078125 0.109375
5 0.2203125 0.39765625 0.0203125 0.03515625
5 0.19765625 0.38125 0.02421875 0.03203125
5 0.20859375 0.36015625 0.0203125 0.0296875
5 0.20390625 0.3390625 0.02890625 0.0234375
5 0.21640625 0.321875 0.015625 0.02421875
5 0.334375 0.45234375 0.021875 0.034375
5 0.31796875 0.38125 0.01953125 0.0296875
5 0.3078125 0.35625 0.02109375 0.03046875
5 0.3046875 0.4265625 0.0171875 0.034375
5 0.2828125 0.4390625 0.0171875 0.0296875
5 0.3671875 0.41875 0.0203125 0.06015625
5 0.3421875 0.50078125 0.01484375 0.034375
5 0.453125 0.490625 0.01640625 0.0296875
5 0.4609375 0.48046875 0.015625 0.0296875
5 0.5609375 0.4046875 0.01953125 0.05546875
5 0.70625 0.853125 0.028125 0.03828125
5 0.36953125 0.76328125 0.01875 0.02890625
5 0.38359375 0.75859375 0.01796875 0.034375
8 0.22890625 0.67421875 0.0609375 0.08046875
8 0.203125 0.7390625 0.05234375 0.06015625
8 0.28515625 0.65625 0.06171875 0.04375
5 0.27734375 0.68046875 0.0203125 0.02890625