8 0.3359375 0.64921875 0.05703125 0.08125
8 0.80078125 0.825 0.0484375 0.11796875
8 0.26640625 0.63671875 0.059375 0.0828125
5 0.6453125 0.50390625 0.03671875 0.04453125
5 0.3859375 0.42890625 0.0234375 0.0484375
5 0.61640625 0.4140625 0.025 0.053125
5 0.37265625 0.565625 0.01953125 0.0390625
5 0.275 0.50390625 0.02421875 0.0578125
5 0.26328125 0.40234375 0.01875 0.040625
5 0.184375 0.0390625 0.028125 0.04609375
5 0.42421875 0.7703125 0.02109375 0.03125
5 0.428125 0.73046875 0.03125 0.03828125
5 0.3875 0.5359375 0.01875 0.04375
5 0.28125 0.346875 0.02265625 0.04765625
5 0.31484375 0.5109375 0.02578125 0.04140625
5 0.2828125 0.5859375 0.02578125 0.046875
5 0.5640625 0.6234375 0.01640625 0.03515625
5 0.578125 0.49765625 0.0234375 0.03046875
8 0.24609375 0.73828125 0.06171875 0.03984375
5 0.66015625 0.65859375 0.01796875 0.03359375
5 0.50859375 0.5015625 0.0234375 0.05078125
5 0.403125 0.3265625 0.0203125 0.04609375
5 0.39765625 0.5 0.0203125 0.04375
5 0.4 0.421875 0.0203125 0.05625
5 0.646875 0.69453125 0.0140625 0.03828125
5 0.01953125 0.43828125 0.034375 0.05859375
8 0.28671875 0.3234375 0.065625 0.06796875
5 0.58984375 0.37890625 0.02421875 0.0453125
8 0.375 0.36015625 0.04609375 0.1078125
5 0.2984375 0.28671875 0.025 0.04296875
5 0.28125 0.271875 0.021875 0.03359375
5 0.25234375 0.26171875 0.021875 0.03671875
5 0.33671875 0.68046875 0.0203125 0.0296875
5 0.37734375 0.32421875 0.02578125 0.03359375
5 0.66640625 0.6859375 0.015625 0.02421875
5 0.79609375 0.85 0.02265625 0.0359375