5 0.83203125 0.7984375 0.02265625 0.02421875
5 0.28984375 0.33203125 0.02265625 0.03125
5 0.24609375 0.58125 0.02578125 0.05703125
5 0.37109375 0.49453125 0.02421875 0.053125
5 0.20390625 0.0796875 0.02890625 0.04453125
5 0.334375 0.39375 0.0234375 0.04453125
5 0.41015625 0.77109375 0.021875 0.04375
5 0.484375 0.515625 0.03515625 0.06875
5 0.590625 0.6390625 0.02578125 0.04296875
5 0.39921875 0.72421875 0.03046875 0.04375
8 0.8328125 0.79453125 0.08125 0.05078125
5 0.528125 0.61015625 0.0234375 0.040625
5 0.65390625 0.48828125 0.03828125 0.0328125
5 0.41484375 0.71171875 0.01953125 0.028125
5 0.4171875 0.47421875 0.02109375 0.03203125
5 0.21796875 0.54921875 0.03359375 0.05546875
8 0.23125 0.73203125 0.0484375 0.0640625
8 0.2796875 0.3265625 0.05390625 0.0921875
8 0.34765625 0.35 0.06171875 0.0734375
5 0.5828125 0.48828125 0.025 0.046875
5 0.38359375 0.55 0.02421875 0.03671875
5 0.28359375 0.41953125 0.025 0.04765625
5 0.33984375 0.50546875 0.02734375 0.04140625
5 0.39453125 0.40078125 0.02890625 0.0515625
5 0.65703125 0.671875 0.01484375 0.028125
5 0.6546875 0.640625 0.015625 0.034375
8 0.26171875 0.63046875 0.0609375 0.06796875
5 0.49296875 0.490625 0.0140625 0.0328125
5 0.571875 0.40078125 0.01953125 0.0390625
5 0.5859375 0.3921875 0.01796875 0.0265625
5 0.3671875 0.34765625 0.01875 0.0296875
5 0.334375 0.33203125 0.021875 0.03203125
5 0.26875 0.328125 0.0203125 0.03359375
5 0.271875 0.28984375 0.02890625 0.05546875
5 0.26171875 0.2875 0.0203125 0.059375
5 0.3234375 0.671875 0.01796875 0.03984375
5 0.3171875 0.65703125 0.0484375 0.0703125