8 0.79375 0.82421875 0.05 0.12265625
8 0.25234375 0.74140625 0.05703125 0.040625
5 0.5953125 0.3890625 0.02890625 0.05
5 0.3875 0.33125 0.02890625 0.0484375
5 0.17890625 0.03203125 0.028125 0.0484375
5 0.38671875 0.5171875 0.02578125 0.0484375
5 0.2875 0.609375 0.02734375 0.05625
5 0.303125 0.4640625 0.0296875 0.04609375
8 0.37890625 0.37734375 0.05078125 0.1171875
5 0.2671875 0.43203125 0.0265625 0.04296875
5 0.340625 0.68125 0.0203125 0.02890625
5 0.6203125 0.40859375 0.02578125 0.0546875
5 0.40859375 0.4796875 0.02578125 0.04921875
5 0.63125 0.51171875 0.025 0.05234375
5 0.3921875 0.43671875 0.02109375 0.05390625
5 0.296875 0.540625 0.028125 0.046875
5 0.6578125 0.66875 0.01640625 0.03515625
5 0.58203125 0.49453125 0.021875 0.03515625
8 0.3421875 0.65546875 0.0671875 0.06015625
5 0.03359375 0.4484375 0.040625 0.04453125
5 0.57109375 0.6203125 0.01484375 0.0375
5 0.396875 0.58125 0.021875 0.0359375
8 0.2734375 0.65859375 0.065625 0.090625
8 0.2703125 0.3078125 0.06640625 0.06875
5 0.26328125 0.303125 0.015625 0.0390625
5 0.27421875 0.30078125 0.01640625 0.0296875
5 0.290625 0.29296875 0.02109375 0.03125
5 0.26328125 0.35234375 0.0265625 0.05
5 0.42578125 0.759375 0.01328125 0.03515625
5 0.43515625 0.74296875 0.01796875 0.02734375
5 0.4328125 0.75390625 0.01875 0.04375
5 0.371875 0.40390625 0.01953125 0.03125
5 0.409375 0.328125 0.021875 0.04296875
5 0.51015625 0.51171875 0.0203125 0.03359375
5 0.5171875 0.484375 0.01796875 0.03359375
5 0.66796875 0.71953125 0.01953125 0.046875
5 0.78515625 0.8546875 0.02109375 0.046875