5 0.37734375 0.36015625 0.02578125 0.0484375
5 0.38828125 0.5484375 0.0234375 0.04140625
5 0.42421875 0.77578125 0.01796875 0.03125
5 0.26875 0.51640625 0.0265625 0.059375
5 0.2734375 0.58359375 0.0265625 0.04453125
5 0.6625 0.653125 0.01484375 0.04140625
5 0.5625 0.61953125 0.01484375 0.03203125
5 0.29140625 0.3484375 0.01953125 0.04375
5 0.18828125 0.0484375 0.02890625 0.04609375
5 0.58515625 0.4984375 0.01875 0.040625
8 0.803125 0.82578125 0.04921875 0.12421875
5 0.36328125 0.55625 0.02421875 0.05
8 0.24375 0.73828125 0.06171875 0.03984375
5 0.38984375 0.49453125 0.02265625 0.0546875
5 0.41875 0.72421875 0.0328125 0.03359375
5 0.265625 0.37578125 0.01953125 0.04921875
5 0.4390625 0.7359375 0.01953125 0.02578125
5 0.3359375 0.68203125 0.01953125 0.028125
8 0.3296875 0.64921875 0.05546875 0.08203125
5 0.65078125 0.4984375 0.0375 0.04375
5 0.6671875 0.6828125 0.01484375 0.0359375
5 0.38984375 0.4375 0.02421875 0.040625
5 0.615625 0.4140625 0.0234375 0.0453125
5 0.58984375 0.384375 0.021875 0.04453125
5 0.6375 0.69375 0.0203125 0.0515625
8 0.26171875 0.6359375 0.059375 0.08828125
8 0.28984375 0.3125 0.05859375 0.08359375
5 0.01640625 0.43359375 0.03203125 0.0484375
5 0.50546875 0.50625 0.0234375 0.0484375
8 0.37265625 0.36015625 0.05 0.10546875
5 0.2765625 0.2921875 0.01953125 0.04296875
5 0.29609375 0.3 0.021875 0.046875
5 0.315625 0.49921875 0.02265625 0.03828125
5 0.803125 0.8421875 0.0265625 0.03203125