5 0.88828125 0.81640625 0.02109375 0.05
5 0.35859375 0.43515625 0.02109375 0.03203125
5 0.3609375 0.6375 0.02265625 0.0296875
5 0.2953125 0.34453125 0.0203125 0.03359375
5 0.35390625 0.54609375 0.02109375 0.034375
5 0.52578125 0.315625 0.0203125 0.03515625
5 0.3984375 0.53828125 0.0234375 0.0421875
5 0.5625 0.525 0.04375 0.059375
5 0.221875 0.3015625 0.0234375 0.04140625
5 0.1671875 0.07109375 0.028125 0.04765625
5 0.34453125 0.67421875 0.01953125 0.02890625
5 0.57890625 0.44375 0.01796875 0.0328125
5 0.55546875 0.5828125 0.03125 0.053125
5 0.33984375 0.321875 0.028125 0.04375
5 0.2484375 0.32265625 0.01953125 0.04765625
5 0.24296875 0.6359375 0.0234375 0.0453125
8 0.88125 0.8140625 0.03828125 0.14140625
5 0.51640625 0.41640625 0.01484375 0.03125
5 0.32421875 0.41484375 0.0234375 0.04140625
5 0.18359375 0.53828125 0.02109375 0.04140625
5 0.16171875 0.609375 0.021875 0.06328125
5 0.44609375 0.5515625 0.0296875 0.04140625
5 0.5046875 0.5484375 0.03125 0.046875
5 0.4390625 0.4984375 0.01171875 0.0234375
5 0.4484375 0.48671875 0.02578125 0.03203125
8 0.26015625 0.59375 0.0546875 0.0625
8 0.209375 0.56640625 0.06953125 0.05078125
8 0.1703125 0.671875 0.0421875 0.08671875
5 0.2640625 0.296875 0.0140625 0.028125
5 0.30390625 0.28671875 0.02734375 0.034375
5 0.2796875 0.27890625 0.015625 0.03125
8 0.29296875 0.3 0.05859375 0.07578125
8 0.2359375 0.25625 0.0515625 0.08203125
5 0.22421875 0.2140625 0.01484375 0.0265625
5 0.2125 0.240625 0.01796875 0.03515625
5 0.2234375 0.26171875 0.02265625 0.0390625