5 0.19375 0.33515625 0.02421875 0.04375
5 0.48359375 0.72734375 0.01796875 0.03125
5 0.3609375 0.915625 0.02109375 0.0328125
5 0.50234375 0.77109375 0.02421875 0.04140625
5 0.31171875 0.80078125 0.021875 0.03203125
5 0.34140625 0.68515625 0.01796875 0.0390625
5 0.4890625 0.65546875 0.0265625 0.05078125
5 0.3265625 0.60859375 0.0265625 0.0515625
5 0.4171875 0.84140625 0.03203125 0.0359375
5 0.20390625 0.5828125 0.03203125 0.0484375
5 0.5078125 0.89375 0.028125 0.03828125
5 0.41328125 0.86953125 0.02890625 0.03515625
5 0.303125 0.9 0.021875 0.028125
5 0.49375 0.82578125 0.02578125 0.03671875
5 0.3328125 0.809375 0.01953125 0.02734375
5 0.3859375 0.73828125 0.025 0.046875
8 0.23671875 0.46796875 0.03828125 0.10859375
5 0.22578125 0.4265625 0.015625 0.028125
5 0.22421875 0.4609375 0.01875 0.0328125
5 0.24296875 0.44453125 0.01953125 0.0265625
5 0.2390625 0.5109375 0.01328125 0.03125
5 0.24765625 0.48125 0.01796875 0.03046875
5 0.27265625 0.5078125 0.01796875 0.04921875
8 0.2828125 0.5265625 0.05 0.090625
5 0.296875 0.52421875 0.02109375 0.02890625
5 0.27578125 0.55625 0.0140625 0.03125
5 0.15234375 0.73671875 0.021875 0.04296875
5 0.184375 0.82890625 0.01640625 0.02890625
8 0.215625 0.81875 0.0609375 0.04375
8 0.1609375 0.78359375 0.06953125 0.046875
8 0.13359375 0.871875 0.03984375 0.09609375
5 0.128125 0.853125 0.0265625 0.0359375
5 0.40078125 0.79140625 0.01640625 0.0265625
5 0.41328125 0.7765625 0.0109375 0.03046875