5 0.84375 0.6 0.02421875 0.04296875
5 0.5890625 0.47265625 0.0140625 0.03203125
5 0.2875 0.23203125 0.02421875 0.04921875
5 0.34609375 0.54921875 0.0234375 0.040625
5 0.3625 0.453125 0.021875 0.0328125
5 0.34296875 0.1890625 0.0296875 0.040625
5 0.5796875 0.4171875 0.0421875 0.06015625
5 0.6078125 0.29765625 0.01640625 0.0359375
5 0.440625 0.34375 0.03203125 0.06328125
5 0.37578125 0.3265625 0.01953125 0.03203125
8 0.175 0.534375 0.0421875 0.07421875
8 0.21953125 0.12109375 0.046875 0.10234375
5 0.52109375 0.409375 0.02421875 0.04296875
5 0.371875 0.5484375 0.02109375 0.03125
5 0.44765625 0.321875 0.021875 0.034375
5 0.45703125 0.4171875 0.02734375 0.03515625
5 0.5234375 0.20234375 0.02421875 0.0484375
5 0.51953125 0.2859375 0.01875 0.03671875
8 0.29921875 0.1703125 0.0640625 0.08984375
8 0.8359375 0.61015625 0.0609375 0.10625
8 0.26875 0.45859375 0.0515625 0.06796875
5 0.265625 0.49375 0.02421875 0.03828125
8 0.2140625 0.44296875 0.0671875 0.0453125
5 0.1953125 0.3984375 0.01953125 0.0546875
5 0.16015625 0.4234375 0.02421875 0.0796875
5 0.203125 0.09609375 0.01484375 0.03046875
5 0.21171875 0.1296875 0.01796875 0.034375
5 0.225 0.1625 0.01796875 0.03125
5 0.284375 0.1375 0.01953125 0.02734375
5 0.3078125 0.16328125 0.025 0.05859375
5 0.28671875 0.17890625 0.01484375 0.03046875
5 0.31015625 0.2765625 0.01171875 0.06640625
5 0.3015625 0.28828125 0.0125 0.040625
5 0.3234375 0.253125 0.01796875 0.0375