5 0.38515625 0.615625 0.0203125 0.0359375
5 0.4 0.75859375 0.02421875 0.0484375
5 0.21484375 0.4890625 0.02265625 0.04296875
5 0.51015625 0.584375 0.0203125 0.03671875
5 0.34140625 0.590625 0.01875 0.03828125
5 0.34765625 0.83671875 0.02421875 0.02734375
5 0.5171875 0.49609375 0.02734375 0.05078125
5 0.3453125 0.76640625 0.02109375 0.03203125
5 0.54765625 0.61484375 0.01640625 0.05390625
5 0.45390625 0.73828125 0.02890625 0.0421875
5 0.5515625 0.74453125 0.03203125 0.0421875
5 0.3578125 0.7171875 0.01875 0.03203125
5 0.17109375 0.259375 0.02421875 0.0453125
5 0.23359375 0.79296875 0.0234375 0.034375
5 0.5453125 0.68203125 0.03203125 0.04453125
5 0.18359375 0.7109375 0.02265625 0.05546875
5 0.484375 0.7109375 0.028125 0.0359375
5 0.4328125 0.6640625 0.01953125 0.03125
5 0.44453125 0.64921875 0.01328125 0.0265625
8 0.19609375 0.73828125 0.07421875 0.04453125
8 0.253125 0.759375 0.059375 0.046875
8 0.16640625 0.8359375 0.03515625 0.09296875
5 0.1609375 0.80625 0.01953125 0.04921875
5 0.2203125 0.42109375 0.01484375 0.02421875
5 0.2140625 0.39453125 0.01328125 0.03203125
5 0.2296875 0.38125 0.015625 0.03203125
5 0.2453125 0.4609375 0.01640625 0.02421875
8 0.2375 0.4203125 0.04140625 0.08203125
5 0.2578125 0.42734375 0.01640625 0.040625
8 0.28828125 0.46328125 0.0625 0.0734375
5 0.2765625 0.446875 0.0140625 0.03125
5 0.3 0.45390625 0.03046875 0.04765625
5 0.29140625 0.49296875 0.0203125 0.02421875
5 0.3375 0.5078125 0.01875 0.040625