5 0.378125 0.753125 0.02734375 0.04765625
5 0.32734375 0.684375 0.02109375 0.04453125
5 0.44296875 0.80390625 0.02265625 0.03125
5 0.19296875 0.49375 0.01796875 0.03359375
5 0.446875 0.834375 0.025 0.0359375
5 0.3046875 0.42421875 0.02578125 0.04140625
5 0.490625 0.6140625 0.025 0.04296875
5 0.4515625 0.703125 0.02421875 0.04140625
5 0.30703125 0.68671875 0.02578125 0.0421875
8 0.1703125 0.42578125 0.05859375 0.07421875
8 0.21484375 0.52421875 0.04296875 0.09296875
5 0.25234375 0.37734375 0.02578125 0.04296875
5 0.30390625 0.85 0.028125 0.0546875
5 0.38984375 0.80625 0.02578125 0.03984375
5 0.3796875 0.503125 0.02421875 0.04375
5 0.17734375 0.3921875 0.0171875 0.03515625
8 0.134375 0.52421875 0.040625 0.0859375
5 0.13125 0.50546875 0.02421875 0.0484375
8 0.36015625 0.28828125 0.05 0.09765625
5 0.353125 0.25625 0.0171875 0.03125
5 0.3671875 0.2765625 0.0203125 0.03203125
5 0.353125 0.30546875 0.01875 0.040625
5 0.35 0.32421875 0.02265625 0.0328125
8 0.33203125 0.21328125 0.04921875 0.096875
5 0.3453125 0.18046875 0.01640625 0.03125
5 0.3265625 0.184375 0.01640625 0.02421875
5 0.325 0.209375 0.01796875 0.0265625
5 0.32265625 0.2375 0.01953125 0.0390625
5 0.30625 0.2296875 0.01484375 0.03046875
5 0.30390625 0.25 0.0109375 0.028125
5 0.47578125 0.67109375 0.01484375 0.0265625
5 0.4921875 0.68359375 0.0125 0.04453125
5 0.384375 0.6546875 0.01796875 0.0359375
5 0.3859375 0.67890625 0.01796875 0.02421875
5 0.36953125 0.6765625 0.01328125 0.03203125