5 0.08359375 0.5265625 0.02109375 0.05234375
5 0.28203125 0.6515625 0.02109375 0.03359375
5 0.34921875 0.653125 0.03046875 0.03984375
5 0.41328125 0.8546875 0.0296875 0.0453125
5 0.43125 0.7328125 0.0234375 0.0359375
5 0.32578125 0.53203125 0.01796875 0.03671875
5 0.23359375 0.68515625 0.025 0.0421875
5 0.3265625 0.44921875 0.02265625 0.05390625
5 0.43046875 0.69375 0.01953125 0.0359375
5 0.33828125 0.71796875 0.028125 0.0328125
8 0.0828125 0.5421875 0.04921875 0.07421875
5 0.27265625 0.77578125 0.03125 0.0390625
5 0.3328125 0.76015625 0.0234375 0.02890625
5 0.271875 0.121875 0.028125 0.0484375
5 0.2609375 0.584375 0.0296875 0.040625
5 0.41328125 0.775 0.025 0.0390625
5 0.2109375 0.35078125 0.03046875 0.05546875
8 0.1296875 0.47578125 0.05859375 0.07890625
8 0.16953125 0.5578125 0.0421875 0.08359375
5 0.14296875 0.53359375 0.015625 0.03515625
5 0.1359375 0.43046875 0.0203125 0.04453125
5 0.32265625 0.35546875 0.01796875 0.0265625
5 0.3 0.31484375 0.01953125 0.03515625
5 0.28046875 0.34453125 0.02109375 0.0359375
8 0.30546875 0.33359375 0.02578125 0.12421875
5 0.28515625 0.290625 0.0125 0.03203125
5 0.26484375 0.29453125 0.0171875 0.02890625
5 0.27578125 0.2359375 0.0171875 0.02578125
5 0.28125 0.21328125 0.01328125 0.02578125
5 0.2875 0.25 0.0171875 0.0390625
8 0.278125 0.25546875 0.03359375 0.11640625
5 0.3375 0.684375 0.0203125 0.03125
5 0.353125 0.6796875 0.0140625 0.0234375
5 0.45390625 0.6109375 0.01875 0.03984375
5 0.45625 0.63828125 0.01484375 0.02890625