5 0.08671875 0.4953125 0.028125 0.053125
5 0.2828125 0.25546875 0.01484375 0.0390625
5 0.328125 0.5109375 0.021875 0.034375
5 0.246875 0.65625 0.0265625 0.046875
5 0.40390625 0.8421875 0.0203125 0.03203125
5 0.278125 0.6484375 0.01953125 0.040625
5 0.2578125 0.79140625 0.02734375 0.04296875
5 0.321875 0.39140625 0.01953125 0.05
5 0.4171875 0.70625 0.01875 0.0375
5 0.44921875 0.64609375 0.01875 0.0375
5 0.265625 0.50234375 0.01953125 0.03828125
5 0.43203125 0.68671875 0.0171875 0.0390625
8 0.28828125 0.2265625 0.03671875 0.1234375
8 0.08828125 0.5109375 0.04375 0.0890625
5 0.28515625 0.1359375 0.02890625 0.046875
5 0.40234375 0.7703125 0.025 0.046875
8 0.1703125 0.5234375 0.0328125 0.09453125
5 0.33828125 0.76171875 0.0203125 0.0390625
5 0.45 0.61171875 0.0171875 0.040625
5 0.20078125 0.34375 0.03125 0.04609375
5 0.13671875 0.39609375 0.0234375 0.03046875
8 0.13359375 0.43359375 0.06015625 0.08046875
5 0.14765625 0.4953125 0.01640625 0.0359375
5 0.34140625 0.6734375 0.0125 0.02578125
5 0.353125 0.6859375 0.01875 0.04765625
5 0.3234375 0.665625 0.01875 0.0390625
5 0.31484375 0.28359375 0.0234375 0.02421875
5 0.3125 0.321875 0.028125 0.03125
8 0.3140625 0.30078125 0.0296875 0.11953125
5 0.2734375 0.2875 0.01640625 0.04921875
5 0.26875 0.2625 0.01484375 0.03203125
5 0.29609375 0.23203125 0.02421875 0.03125
5 0.28671875 0.20703125 0.01875 0.02890625
5 0.29765625 0.18359375 0.015625 0.03203125