5 0.415625 0.75390625 0.01953125 0.034375
5 0.43671875 0.4609375 0.0171875 0.0328125
5 0.38984375 0.6828125 0.0328125 0.03984375
5 0.43671875 0.87734375 0.02421875 0.0484375
5 0.446875 0.8296875 0.01796875 0.0390625
5 0.41875 0.69375 0.02578125 0.04140625
5 0.334375 0.7421875 0.0203125 0.03671875
8 0.3921875 0.28359375 0.0640625 0.0546875
5 0.35390625 0.728125 0.01953125 0.03125
5 0.47578125 0.65625 0.0296875 0.0421875
5 0.4 0.84609375 0.0203125 0.05625
5 0.41875 0.834375 0.02265625 0.0484375
5 0.48046875 0.73125 0.02578125 0.04375
5 0.29453125 0.3609375 0.01953125 0.03046875
5 0.52421875 0.7421875 0.02734375 0.05390625
8 0.1921875 0.4140625 0.06328125 0.06796875
5 0.5109375 0.64140625 0.028125 0.04453125
5 0.34453125 0.90390625 0.03046875 0.0484375
8 0.1671875 0.534375 0.04140625 0.07265625
5 0.1640625 0.51015625 0.028125 0.06875
5 0.20625 0.4015625 0.02109375 0.03515625
5 0.21640625 0.4859375 0.0203125 0.04921875
8 0.240625 0.52109375 0.03203125 0.10078125
5 0.34609375 0.315625 0.01796875 0.0328125
5 0.3625 0.31875 0.015625 0.03046875
5 0.38046875 0.278125 0.0140625 0.03203125
5 0.39609375 0.26875 0.01328125 0.04296875
5 0.41328125 0.2890625 0.025 0.0296875
5 0.3296875 0.23515625 0.01171875 0.0234375
5 0.34609375 0.23828125 0.0203125 0.03046875
5 0.34375 0.2671875 0.02265625 0.02421875
5 0.35703125 0.21875 0.02890625 0.02578125
5 0.36328125 0.1984375 0.0359375 0.03671875