5 0.10234375 0.5015625 0.02890625 0.05546875
5 0.3390625 0.51171875 0.021875 0.034375
5 0.26796875 0.66796875 0.01796875 0.03671875
5 0.41484375 0.83828125 0.02109375 0.034375
5 0.29453125 0.65859375 0.01953125 0.040625
5 0.27265625 0.809375 0.0203125 0.040625
5 0.334375 0.3640625 0.02890625 0.03359375
5 0.446875 0.68046875 0.01875 0.0375
5 0.45703125 0.66015625 0.0203125 0.0390625
5 0.27578125 0.48828125 0.01953125 0.03828125
5 0.43125 0.70390625 0.0171875 0.0390625
8 0.3015625 0.2265625 0.03671875 0.1234375
8 0.10234375 0.51171875 0.04375 0.0890625
5 0.29609375 0.15859375 0.03046875 0.04921875
5 0.4125 0.78203125 0.025 0.046875
8 0.18359375 0.52578125 0.0328125 0.09453125
5 0.3515625 0.77890625 0.0203125 0.02890625
5 0.4640625 0.6125 0.0171875 0.040625
5 0.2140625 0.35546875 0.03125 0.04609375
5 0.14921875 0.396875 0.02421875 0.03125
8 0.14375 0.428125 0.06015625 0.08046875
5 0.16015625 0.49609375 0.0171875 0.0375
5 0.35078125 0.6734375 0.0125 0.02578125
5 0.36328125 0.70703125 0.01875 0.04765625
5 0.3296875 0.2796875 0.0234375 0.02421875
5 0.3265625 0.3203125 0.028125 0.03125
8 0.32890625 0.29296875 0.0296875 0.11953125
5 0.28671875 0.27109375 0.01640625 0.028125
5 0.275 0.2515625 0.01484375 0.03203125
5 0.3046875 0.24140625 0.02421875 0.03125
5 0.29765625 0.20703125 0.01953125 0.03046875
5 0.3140625 0.18671875 0.015625 0.03203125
5 0.33828125 0.67421875 0.0125 0.02890625
5 0.33515625 0.65390625 0.01328125 0.02578125