5 0.0875 0.4984375 0.021875 0.0484375
5 0.31484375 0.33046875 0.021875 0.04453125
5 0.2671875 0.54140625 0.0234375 0.03359375
5 0.32734375 0.41796875 0.02265625 0.05859375
5 0.26796875 0.78125 0.03046875 0.04453125
5 0.40546875 0.84296875 0.0234375 0.03828125
5 0.428125 0.68828125 0.025 0.04140625
5 0.42265625 0.71171875 0.02421875 0.040625
5 0.28359375 0.6421875 0.02109375 0.034375
5 0.40703125 0.76796875 0.0234375 0.03828125
8 0.084375 0.521875 0.04375 0.090625
5 0.24140625 0.6640625 0.0265625 0.04296875
5 0.3359375 0.74765625 0.02421875 0.04609375
5 0.2046875 0.340625 0.0265625 0.0484375
5 0.28203125 0.1234375 0.02421875 0.0515625
5 0.33125 0.51875 0.02109375 0.034375
5 0.453125 0.63828125 0.0171875 0.04140625
5 0.453125 0.61171875 0.0171875 0.02734375
5 0.3484375 0.6640625 0.0203125 0.04140625
5 0.3328125 0.6765625 0.01484375 0.02890625
5 0.3265625 0.69921875 0.0203125 0.02734375
8 0.31171875 0.31171875 0.02578125 0.11953125
5 0.309375 0.29375 0.02578125 0.0265625
8 0.2875 0.23203125 0.0328125 0.11171875
5 0.290625 0.18828125 0.0203125 0.03671875
5 0.284375 0.22734375 0.01953125 0.040625
5 0.29609375 0.24453125 0.0140625 0.028125
5 0.284375 0.2671875 0.0203125 0.0390625
5 0.26875 0.2703125 0.015625 0.02578125
5 0.27578125 0.315625 0.021875 0.0609375
8 0.13203125 0.44921875 0.05703125 0.0765625
8 0.171875 0.53671875 0.0375 0.09140625
5 0.1484375 0.50703125 0.02109375 0.03515625
5 0.13828125 0.40859375 0.021875 0.02890625