5 0.35078125 0.1953125 0.02421875 0.04140625
5 0.3734375 0.2890625 0.0203125 0.03515625
5 0.390625 0.27421875 0.0203125 0.03203125
5 0.5140625 0.71640625 0.0203125 0.034375
5 0.4734375 0.71875 0.028125 0.0359375
5 0.3828125 0.678125 0.0203125 0.034375
5 0.41328125 0.4890625 0.01640625 0.0390625
5 0.21328125 0.49609375 0.01640625 0.03515625
5 0.35078125 0.70859375 0.02578125 0.04140625
5 0.44921875 0.81953125 0.0265625 0.04609375
5 0.3265625 0.71640625 0.028125 0.040625
5 0.41875 0.82109375 0.02109375 0.0390625
5 0.45 0.84609375 0.0140625 0.03125
8 0.1546875 0.5265625 0.0421875 0.06875
5 0.50703125 0.6234375 0.0328125 0.046875
5 0.48203125 0.6640625 0.03046875 0.04140625
5 0.33125 0.8859375 0.02265625 0.03125
5 0.4203125 0.69375 0.01953125 0.03828125
5 0.28125 0.36875 0.02265625 0.0421875
5 0.3328125 0.3484375 0.028125 0.03671875
8 0.18828125 0.41875 0.0578125 0.065625
5 0.19453125 0.39375 0.025 0.04296875
5 0.39375 0.80390625 0.025 0.04453125
8 0.2359375 0.52421875 0.03359375 0.10078125
5 0.15390625 0.5046875 0.025 0.05390625
8 0.38125 0.28125 0.065625 0.06796875
5 0.3609375 0.315625 0.0234375 0.02578125
8 0.35234375 0.21953125 0.046875 0.1015625
5 0.36640625 0.18984375 0.01796875 0.03515625
5 0.33671875 0.2328125 0.028125 0.0453125
5 0.32265625 0.25078125 0.01484375 0.0328125
5 0.40390625 0.68828125 0.01796875 0.03203125