8 0.1734375 0.484375 0.0390625 0.078125
5 0.41875 0.659375 0.025 0.0421875
5 0.41015625 0.73203125 0.0234375 0.040625
5 0.31796875 0.16796875 0.028125 0.0453125
5 0.48359375 0.70859375 0.0203125 0.03828125
5 0.440625 0.371875 0.0234375 0.04453125
5 0.43125 0.7984375 0.0265625 0.05390625
5 0.45390625 0.80625 0.03125 0.0765625
5 0.39453125 0.64375 0.0296875 0.04453125
5 0.50234375 0.60234375 0.0234375 0.03828125
5 0.39921875 0.83203125 0.02265625 0.04453125
5 0.29296875 0.30078125 0.02109375 0.03203125
5 0.4296875 0.859375 0.0203125 0.04140625
8 0.18984375 0.353125 0.0625 0.059375
8 0.2421875 0.46171875 0.02890625 0.1
5 0.46484375 0.62578125 0.02109375 0.03515625
5 0.3390625 0.8828125 0.02578125 0.04140625
5 0.525 0.71328125 0.0234375 0.0515625
5 0.16953125 0.4640625 0.021875 0.0578125
5 0.20859375 0.33828125 0.0265625 0.03515625
5 0.2203125 0.43671875 0.01953125 0.04140625
8 0.3609375 0.1640625 0.06015625 0.06875
5 0.3453125 0.18203125 0.01796875 0.034375
5 0.3640625 0.15390625 0.01875 0.046875
5 0.3796875 0.1515625 0.01640625 0.03984375
5 0.3359375 0.209375 0.01953125 0.021875
5 0.3453125 0.2328125 0.021875 0.03046875
5 0.36015625 0.19921875 0.02109375 0.0296875
8 0.39765625 0.23671875 0.06015625 0.0640625
5 0.375 0.2234375 0.01640625 0.0359375
5 0.39453125 0.228125 0.025 0.0328125
5 0.4140625 0.246875 0.02265625 0.03515625
5 0.346875 0.71875 0.0265625 0.0421875
5 0.3546875 0.696875 0.0140625 0.02734375