5 0.4828125 0.59296875 0.02265625 0.03203125
5 0.41875 0.5359375 0.0171875 0.028125
5 0.4140625 0.6234375 0.0296875 0.0421875
5 0.434375 0.66953125 0.01796875 0.03203125
5 0.496875 0.47734375 0.01796875 0.0359375
5 0.34140625 0.75859375 0.02890625 0.04921875
5 0.3953125 0.5296875 0.02578125 0.03125
5 0.39765625 0.728125 0.02109375 0.03046875
5 0.45234375 0.69296875 0.01953125 0.07890625
5 0.3140625 0.03671875 0.0171875 0.04140625
5 0.43046875 0.21875 0.02578125 0.04921875
5 0.4625 0.509375 0.02421875 0.03984375
5 0.528125 0.5984375 0.02109375 0.03984375
8 0.1921875 0.2203125 0.0640625 0.0609375
8 0.24453125 0.3265625 0.03046875 0.096875
5 0.29296875 0.1640625 0.01796875 0.03203125
5 0.21953125 0.30625 0.0234375 0.040625
8 0.17578125 0.353125 0.04296875 0.0765625
5 0.1734375 0.340625 0.02890625 0.059375
5 0.2078125 0.20078125 0.02578125 0.04375
5 0.33515625 0.078125 0.0140625 0.02890625
5 0.353125 0.08046875 0.0125 0.034375
5 0.36328125 0.065625 0.0140625 0.02578125
5 0.34453125 0.053125 0.01484375 0.028125
5 0.365625 0.028125 0.01796875 0.0375
5 0.37890625 0.021875 0.0171875 0.0328125
8 0.3625 0.04296875 0.06328125 0.06640625
8 0.39765625 0.10546875 0.05703125 0.0734375
5 0.37890625 0.08671875 0.015625 0.04375
5 0.390625 0.08828125 0.01484375 0.03203125
5 0.40390625 0.1015625 0.01953125 0.03984375
5 0.4140625 0.11484375 0.0203125 0.03984375
5 0.35078125 0.59453125 0.021875 0.0515625
5 0.36015625 0.5734375 0.01484375 0.0265625
5 0.4265625 0.7375 0.0140625 0.02578125