5 0.24296875 0.125 0.0171875 0.03203125
8 0.18046875 0.17890625 0.04453125 0.07109375
5 0.34140625 0.5953125 0.0234375 0.03828125
5 0.41953125 0.36328125 0.015625 0.028125
5 0.39453125 0.56328125 0.0234375 0.03828125
5 0.2265625 0.12421875 0.01484375 0.0328125
5 0.4328125 0.0265625 0.025 0.0484375
8 0.19140625 0.03671875 0.06796875 0.06171875
5 0.4984375 0.3109375 0.02109375 0.03359375
5 0.44609375 0.490625 0.01875 0.03203125
5 0.4 0.359375 0.02109375 0.04296875
5 0.4125 0.45078125 0.028125 0.04375
5 0.4546875 0.521875 0.0265625 0.06953125
8 0.24375 0.14296875 0.04453125 0.09765625
5 0.42890625 0.56640625 0.0234375 0.0453125
5 0.5265625 0.43359375 0.02109375 0.05625
5 0.46171875 0.34296875 0.01953125 0.040625
5 0.48046875 0.42265625 0.01953125 0.034375
5 0.1828125 0.1625 0.02421875 0.0546875
5 0.2109375 0.01640625 0.0171875 0.03203125
5 0.359375 0.425 0.02109375 0.05546875
5 0.3671875 0.40859375 0.01171875 0.02890625
8 0.4078125 0.93359375 0.0296875 0.13203125
5 0.403125 0.9640625 0.02421875 0.04375