8 0.18671875 0.071875 0.04765625 0.0828125
5 0.46484375 0.25546875 0.02734375 0.04140625
5 0.47890625 0.334375 0.02109375 0.03359375
5 0.42109375 0.27421875 0.02578125 0.03984375
5 0.52890625 0.34296875 0.021875 0.05625
5 0.4015625 0.271875 0.0296875 0.03828125
5 0.4296875 0.4765625 0.01484375 0.040625
5 0.4953125 0.215625 0.01796875 0.03359375
5 0.453125 0.39375 0.02265625 0.040625
5 0.37578125 0.3140625 0.0296875 0.0375
5 0.3984375 0.4875 0.021875 0.04921875
5 0.3421875 0.50390625 0.0296875 0.04296875
5 0.228125 0.028125 0.0140625 0.04921875
5 0.36171875 0.33125 0.025 0.04140625
5 0.45859375 0.45078125 0.0234375 0.08671875
5 0.41875 0.38671875 0.02578125 0.03984375
5 0.40390625 0.821875 0.01875 0.04375
8 0.40546875 0.80859375 0.0328125 0.13046875
8 0.25078125 0.04921875 0.02734375 0.0984375
5 0.1859375 0.05859375 0.02890625 0.0546875