5 0.22578125 0.109375 0.01640625 0.03359375
5 0.48984375 0.49140625 0.0203125 0.034375
5 0.45703125 0.55546875 0.02421875 0.05234375
5 0.4078125 0.59921875 0.02734375 0.059375
5 0.484375 0.37109375 0.0234375 0.0296875
8 0.2421875 0.11328125 0.02890625 0.09921875
5 0.52109375 0.5109375 0.02734375 0.04140625
5 0.421875 0.65625 0.0171875 0.03671875
5 0.31875 0.66484375 0.01953125 0.04453125
5 0.46171875 0.42109375 0.021875 0.03359375
5 0.390625 0.71328125 0.02109375 0.0328125
8 0.2 0.18359375 0.046875 0.07109375
5 0.1953125 0.16484375 0.02578125 0.0546875
8 0.1890625 0.02421875 0.07265625 0.0484375
5 0.3703125 0.49296875 0.0203125 0.02578125
5 0.3828125 0.478125 0.01953125 0.02578125
5 0.40625 0.421875 0.01796875 0.03671875
5 0.42578125 0.409375 0.01796875 0.0296875
5 0.45234375 0.63203125 0.025 0.0875
5 0.38046875 0.8109375 0.02265625 0.0328125
8 0.3953125 0.78515625 0.03046875 0.1390625