8 0.4015625 0.78828125 0.03359375 0.12890625
5 0.48046875 0.35546875 0.021875 0.03046875
5 0.43046875 0.496875 0.0203125 0.0484375
5 0.46875 0.27734375 0.01953125 0.03515625
5 0.39453125 0.51328125 0.0234375 0.04453125
5 0.40078125 0.28828125 0.01875 0.03828125
5 0.45390625 0.478125 0.02109375 0.0609375
5 0.525 0.3609375 0.02578125 0.03984375
5 0.49453125 0.2375 0.01484375 0.0375
5 0.425 0.290625 0.01796875 0.0328125
5 0.34375 0.525 0.02890625 0.053125
5 0.378125 0.3359375 0.02421875 0.0328125
5 0.4578125 0.40859375 0.0171875 0.03515625
5 0.36484375 0.35625 0.01796875 0.03828125
5 0.421875 0.421875 0.02578125 0.04375
8 0.18984375 0.0890625 0.04375 0.07578125
5 0.1890625 0.07578125 0.0234375 0.05078125
5 0.22890625 0.03203125 0.01953125 0.0515625
8 0.25234375 0.0515625 0.02734375 0.103125
5 0.396875 0.815625 0.0171875 0.03671875