5 0.3921875 0.540625 0.0203125 0.03359375
5 0.4625 0.62890625 0.025 0.04296875
5 0.47578125 0.5484375 0.02109375 0.034375
5 0.48125 0.41640625 0.0234375 0.03046875
5 0.36171875 0.78984375 0.01953125 0.05625
5 0.375 0.55546875 0.01953125 0.03359375
5 0.44921875 0.47890625 0.01640625 0.03125
5 0.5203125 0.57265625 0.01875 0.03984375
5 0.44609375 0.7109375 0.025 0.0546875
8 0.40078125 0.81328125 0.03203125 0.1359375
5 0.296875 0.72421875 0.0171875 0.03828125
8 0.18828125 0.02734375 0.0703125 0.0390625
8 0.2375 0.12109375 0.0328125 0.103125
5 0.2203125 0.1109375 0.02265625 0.04296875
8 0.20703125 0.20859375 0.04765625 0.08125
5 0.20859375 0.19140625 0.01640625 0.053125
5 0.4078125 0.46171875 0.021875 0.03359375
5 0.421875 0.4578125 0.0171875 0.03203125
5 0.39921875 0.6984375 0.0234375 0.03359375
5 0.403125 0.725 0.01953125 0.03828125
5 0.38984375 0.8140625 0.015625 0.034375