5 0.446875 0.69609375 0.021875 0.08671875
5 0.4796875 0.40234375 0.03125 0.03828125
5 0.37421875 0.5390625 0.01640625 0.034375
5 0.48046875 0.5359375 0.02109375 0.03359375
5 0.4609375 0.61328125 0.02421875 0.04140625
5 0.45234375 0.46640625 0.02734375 0.040625
5 0.51796875 0.5546875 0.02734375 0.0453125
5 0.39140625 0.52578125 0.01953125 0.034375
8 0.40234375 0.81640625 0.0390625 0.1359375
5 0.30390625 0.71328125 0.01953125 0.034375
5 0.36640625 0.76796875 0.02265625 0.0484375
8 0.23828125 0.12421875 0.02890625 0.10234375
5 0.22265625 0.10859375 0.01953125 0.0375
8 0.20625 0.196875 0.04296875 0.07109375
5 0.2046875 0.18125 0.021875 0.06796875
8 0.1890625 0.028125 0.07109375 0.03984375
5 0.409375 0.45703125 0.021875 0.03203125
5 0.425 0.44609375 0.015625 0.0265625
5 0.4015625 0.6734375 0.02109375 0.04140625
5 0.40703125 0.7046875 0.02109375 0.03515625
5 0.3875 0.82109375 0.015625 0.03125