8 0.26640625 0.6953125 0.03515625 0.0859375
5 0.43828125 0.46171875 0.0234375 0.04296875
5 0.46015625 0.51640625 0.0234375 0.04609375
5 0.47734375 0.37421875 0.03203125 0.04140625
5 0.4203125 0.40625 0.02421875 0.046875
5 0.39296875 0.403125 0.02890625 0.0546875
5 0.334375 0.82890625 0.03671875 0.0890625
5 0.38984375 0.6859375 0.02421875 0.046875
5 0.3703125 0.69609375 0.02578125 0.040625
5 0.415625 0.61171875 0.0328125 0.06953125
5 0.371875 0.553125 0.0234375 0.059375
5 0.359375 0.52421875 0.028125 0.059375
5 0.4296875 0.66640625 0.02421875 0.04921875
8 0.40078125 0.75546875 0.07578125 0.05234375
5 0.5015625 0.53203125 0.02421875 0.0578125
8 0.2421875 0.03046875 0.03515625 0.0609375
5 0.225 0.03203125 0.01796875 0.0390625
5 0.21328125 0.12109375 0.0203125 0.0546875
8 0.21796875 0.12890625 0.0453125 0.06953125
5 0.3890625 0.77890625 0.0203125 0.03046875