5 0.928125 0.946875 0.02734375 0.053125
5 0.6609375 0.45703125 0.021875 0.03671875
5 0.56796875 0.37421875 0.025 0.05625
5 0.878125 0.86484375 0.0328125 0.0453125
5 0.5515625 0.42734375 0.01875 0.06796875
5 0.6359375 0.21015625 0.0265625 0.05390625
5 0.68125 0.39140625 0.03046875 0.06796875
5 0.60546875 0.54375 0.02734375 0.08203125
5 0.621875 0.39140625 0.02265625 0.05390625
8 0.92109375 0.559375 0.02421875 0.096875
5 0.9203125 0.5515625 0.0359375 0.04296875
8 0.9625 0.59296875 0.02890625 0.10859375
5 0.97109375 0.55703125 0.01640625 0.03125
5 0.52109375 0.31015625 0.03515625 0.078125
5 0.60390625 0.1640625 0.02109375 0.07421875
5 0.615625 0.1109375 0.0234375 0.08203125
5 0.584375 0.09453125 0.02890625 0.06796875
5 0.53828125 0.13203125 0.015625 0.059375
5 0.54921875 0.10703125 0.0203125 0.05078125
5 0.5578125 0.15546875 0.01875 0.0484375
8 0.5390625 0.05546875 0.0296875 0.1109375