8 0.3296875 0.6921875 0.0546875 0.11328125
5 0.41328125 0.33203125 0.03046875 0.0671875
5 0.46796875 0.42890625 0.03046875 0.0640625
5 0.3765625 0.27578125 0.02890625 0.053125
5 0.2265625 0.690625 0.0265625 0.08125
5 0.41875 0.5265625 0.03515625 0.06875
5 0.37265625 0.58515625 0.028125 0.06328125
5 0.3984375 0.26875 0.02421875 0.04453125
5 0.296875 0.81171875 0.0359375 0.0984375
5 0.31015625 0.48359375 0.03125 0.0609375
5 0.45859375 0.25703125 0.03515625 0.07734375
5 0.4328125 0.415625 0.0234375 0.06171875
5 0.365625 0.62890625 0.03046875 0.04609375
5 0.34296875 0.60859375 0.021875 0.065625
5 0.3296875 0.55703125 0.03515625 0.0578125
5 0.3390625 0.49296875 0.02578125 0.0546875