8 0.3125 0.69140625 0.0546875 0.109375
5 0.27890625 0.79765625 0.02890625 0.06875
5 0.3796875 0.27890625 0.021875 0.0328125
5 0.428125 0.4203125 0.0296875 0.05703125
5 0.40703125 0.26953125 0.0171875 0.03359375
5 0.465625 0.4359375 0.0296875 0.0390625
5 0.21328125 0.6765625 0.03125 0.0796875
5 0.4140625 0.33359375 0.02734375 0.046875
5 0.32578125 0.49296875 0.02734375 0.05859375
5 0.465625 0.26953125 0.03671875 0.078125
5 0.415625 0.52578125 0.02890625 0.05546875
5 0.35078125 0.62265625 0.03046875 0.03984375
5 0.3296875 0.6265625 0.01953125 0.03984375
5 0.3546875 0.590625 0.025 0.04453125
5 0.31328125 0.5625 0.03828125 0.0796875
5 0.2984375 0.48203125 0.03671875 0.059375