8 0.67890625 0.1640625 0.0375 0.11640625
5 0.69609375 0.06875 0.03828125 0.06875
8 0.571875 0.33125 0.0296875 0.13828125
5 0.49609375 0.2390625 0.03359375 0.06328125
5 0.378125 0.128125 0.040625 0.05078125
5 0.396875 0.2140625 0.025 0.05390625
5 0.34375 0.328125 0.03359375 0.05390625
5 0.36015625 0.43359375 0.03125 0.03671875
5 0.48828125 0.4171875 0.03671875 0.071875
5 0.48515625 0.47578125 0.0265625 0.05625
5 0.47109375 0.72265625 0.03828125 0.04296875
5 0.4546875 0.86171875 0.03984375 0.04140625
5 0.34765625 0.7171875 0.0359375 0.04296875
5 0.365625 0.8234375 0.0328125 0.0546875
5 0.3375 0.76484375 0.03203125 0.05078125
5 0.2953125 0.6984375 0.0296875 0.05859375
5 0.3140625 0.76484375 0.028125 0.04453125
5 0.30390625 0.84765625 0.03671875 0.06484375
5 0.3890625 0.6921875 0.02109375 0.03671875
5 0.62734375 0.03125 0.02421875 0.04296875
5 0.65859375 0.1640625 0.02109375 0.03828125