8 0.6796875 0.16328125 0.0375 0.11640625
5 0.696875 0.06328125 0.0359375 0.065625
8 0.571875 0.32890625 0.0296875 0.13828125
5 0.49140625 0.2328125 0.03359375 0.06328125
5 0.3734375 0.121875 0.03828125 0.0484375
5 0.390625 0.21015625 0.025 0.05390625
5 0.33828125 0.32421875 0.03203125 0.0515625
5 0.35703125 0.43125 0.0328125 0.03828125
5 0.48671875 0.41328125 0.03515625 0.06875
5 0.48359375 0.4734375 0.025 0.05390625
5 0.46875 0.7234375 0.040625 0.04453125
5 0.44921875 0.8640625 0.04140625 0.04296875
5 0.34453125 0.71875 0.0359375 0.04296875
5 0.36328125 0.82734375 0.0328125 0.0546875
5 0.334375 0.76875 0.03203125 0.05078125
5 0.2921875 0.703125 0.0296875 0.05859375
5 0.31171875 0.7671875 0.0296875 0.046875
5 0.30234375 0.85078125 0.03671875 0.06484375
5 0.3890625 0.69296875 0.02109375 0.03671875
5 0.6234375 0.021875 0.02421875 0.04296875
5 0.65859375 0.16171875 0.02109375 0.03828125