8 0.68046875 0.1640625 0.0359375 0.1109375
5 0.6984375 0.06171875 0.0359375 0.065625
8 0.571875 0.3265625 0.0296875 0.13828125
5 0.490625 0.2296875 0.03203125 0.06015625
5 0.37109375 0.11796875 0.03828125 0.0484375
5 0.38984375 0.20546875 0.025 0.05390625
5 0.3375 0.321875 0.03359375 0.05390625
5 0.36015625 0.43125 0.0328125 0.03828125
5 0.4875 0.409375 0.03515625 0.06875
5 0.4828125 0.4703125 0.025 0.05390625
5 0.44921875 0.72421875 0.040625 0.04453125
5 0.44375 0.86875 0.04140625 0.04296875
5 0.34375 0.71953125 0.03359375 0.040625
5 0.36171875 0.8265625 0.0328125 0.0546875
5 0.33046875 0.76875 0.03359375 0.053125
5 0.29140625 0.703125 0.0296875 0.05859375
5 0.3109375 0.76875 0.03125 0.04921875
5 0.30078125 0.8515625 0.03671875 0.06484375
5 0.38671875 0.69296875 0.02109375 0.03671875
5 0.6203125 0.02265625 0.025 0.0453125
5 0.65859375 0.1609375 0.02109375 0.03828125