8 0.6859375 0.16484375 0.0375 0.11640625
5 0.6953125 0.07578125 0.034375 0.06171875
8 0.57734375 0.33046875 0.03125 0.1453125
5 0.49921875 0.23828125 0.03359375 0.06328125
5 0.38984375 0.146875 0.03828125 0.0484375
5 0.40703125 0.2140625 0.02109375 0.046875
5 0.36640625 0.33359375 0.03203125 0.0515625
5 0.375 0.43671875 0.03125 0.03671875
5 0.49296875 0.428125 0.0390625 0.07578125
5 0.48984375 0.4828125 0.03046875 0.065625
5 0.47890625 0.71484375 0.040625 0.04453125
5 0.45859375 0.86015625 0.04140625 0.04296875
5 0.35546875 0.71328125 0.0359375 0.04296875
5 0.3734375 0.82421875 0.0328125 0.0546875
5 0.3546875 0.765625 0.03203125 0.05078125
5 0.303125 0.6828125 0.03125 0.06171875
5 0.3203125 0.753125 0.03125 0.04921875
5 0.3109375 0.84140625 0.03671875 0.06484375
5 0.39140625 0.70390625 0.02109375 0.03671875
5 0.6515625 0.0453125 0.025 0.0453125
5 0.665625 0.16328125 0.0234375 0.0421875