8 0.68359375 0.16171875 0.0375 0.11640625
5 0.696875 0.0734375 0.03828125 0.06875
8 0.575 0.33125 0.0328125 0.153125
5 0.496875 0.23828125 0.03359375 0.06328125
5 0.3796875 0.13828125 0.03828125 0.0484375
5 0.40078125 0.2125 0.02265625 0.04921875
5 0.35 0.33046875 0.03203125 0.0515625
5 0.36640625 0.4375 0.0328125 0.03828125
5 0.48984375 0.42265625 0.0390625 0.07578125
5 0.4875 0.48125 0.03046875 0.065625
5 0.47421875 0.71953125 0.040625 0.04453125
5 0.453125 0.86484375 0.03984375 0.04140625
5 0.3515625 0.71875 0.0359375 0.04296875
5 0.3671875 0.8265625 0.0328125 0.0546875
5 0.34375 0.76796875 0.03046875 0.0484375
5 0.29609375 0.69453125 0.0296875 0.05859375
5 0.31484375 0.7609375 0.0296875 0.046875
5 0.30625 0.8484375 0.03671875 0.06484375
5 0.390625 0.6984375 0.021875 0.0390625
5 0.6375 0.03515625 0.025 0.0453125
5 0.66328125 0.1640625 0.021875 0.040625