8 0.68515625 0.19453125 0.0359375 0.1109375
5 0.70234375 0.0484375 0.03828125 0.06875
8 0.56953125 0.3265625 0.03125 0.1453125
5 0.4765625 0.2109375 0.03046875 0.05703125
5 0.35859375 0.09921875 0.03671875 0.04609375
5 0.375 0.19296875 0.0359375 0.0609375
5 0.3265625 0.31875 0.03203125 0.0515625
5 0.33828125 0.43203125 0.0328125 0.03828125
5 0.4828125 0.39609375 0.03515625 0.06875
5 0.48359375 0.4609375 0.0265625 0.05625
5 0.44140625 0.72890625 0.0421875 0.046875
5 0.43203125 0.86484375 0.0484375 0.05
5 0.32734375 0.7234375 0.03359375 0.040625
5 0.3484375 0.8375 0.0296875 0.04921875
5 0.3109375 0.76953125 0.03203125 0.05078125
5 0.2859375 0.71875 0.0296875 0.05859375
5 0.30625 0.7765625 0.03125 0.04921875
5 0.29140625 0.85703125 0.03359375 0.05859375
5 0.38203125 0.690625 0.03515625 0.04921875
5 0.603125 0.02109375 0.025 0.0421875
5 0.6546875 0.16328125 0.0203125 0.03671875