8 0.684375 0.18984375 0.0359375 0.1109375
5 0.70234375 0.05234375 0.03828125 0.06875
8 0.56953125 0.32734375 0.03125 0.1453125
5 0.47734375 0.21171875 0.03046875 0.05703125
5 0.35625 0.0984375 0.03515625 0.04375
5 0.37578125 0.1953125 0.0359375 0.0609375
5 0.32890625 0.31953125 0.03203125 0.0515625
5 0.34375 0.43203125 0.034375 0.040625
5 0.48359375 0.3984375 0.03515625 0.06875
5 0.48359375 0.46328125 0.02734375 0.059375
5 0.4421875 0.728125 0.040625 0.04453125
5 0.4359375 0.8640625 0.0484375 0.05
5 0.33046875 0.72109375 0.0359375 0.04296875
5 0.34921875 0.83671875 0.0296875 0.04921875
5 0.30703125 0.771875 0.03203125 0.05078125
5 0.2859375 0.71484375 0.0296875 0.05859375
5 0.30546875 0.77578125 0.03125 0.04921875
5 0.29453125 0.85625 0.03359375 0.05859375
5 0.3828125 0.6875 0.03515625 0.04921875
5 0.6078125 0.02265625 0.025 0.04453125
5 0.6546875 0.16171875 0.0203125 0.03671875