8 0.6859375 0.19921875 0.0375 0.11640625
5 0.7015625 0.0484375 0.03828125 0.06875
8 0.56875 0.32734375 0.03125 0.1453125
5 0.4765625 0.20859375 0.03046875 0.05703125
5 0.35625 0.09609375 0.03515625 0.04375
5 0.37421875 0.19453125 0.0359375 0.0609375
5 0.32578125 0.315625 0.03046875 0.04921875
5 0.3375 0.428125 0.0328125 0.03828125
5 0.48203125 0.39375 0.03359375 0.065625
5 0.4828125 0.45859375 0.0265625 0.05625
5 0.4421875 0.73046875 0.0421875 0.046875
5 0.4296875 0.86640625 0.0484375 0.05
5 0.3265625 0.7234375 0.03359375 0.040625
5 0.34765625 0.8390625 0.03125 0.0515625
5 0.31015625 0.76953125 0.03203125 0.05078125
5 0.28515625 0.7203125 0.0296875 0.05859375
5 0.30546875 0.77578125 0.03125 0.04921875
5 0.28984375 0.85703125 0.03359375 0.05859375
5 0.38125 0.68828125 0.03515625 0.04921875
5 0.6015625 0.02109375 0.025 0.0421875
5 0.6546875 0.16328125 0.01875 0.034375