8 0.68671875 0.29375 0.0375 0.11640625
5 0.70078125 0.04375 0.03125 0.07578125
8 0.5671875 0.3640625 0.0296875 0.13828125
5 0.4609375 0.20390625 0.03203125 0.08046875
5 0.328125 0.0984375 0.03046875 0.0375
5 0.3390625 0.19609375 0.0203125 0.03828125
5 0.3125 0.325 0.01953125 0.03125
5 0.33046875 0.44375 0.0296875 0.034375
5 0.471875 0.40078125 0.03359375 0.065625
5 0.4765625 0.4796875 0.025 0.05390625
5 0.4203125 0.77109375 0.0421875 0.046875
5 0.40546875 0.915625 0.0484375 0.05
5 0.30859375 0.76484375 0.03046875 0.03671875
5 0.33515625 0.890625 0.0296875 0.04921875
5 0.3 0.8578125 0.03359375 0.053125
5 0.27265625 0.78125 0.0328125 0.06484375
5 0.29765625 0.840625 0.034375 0.0546875
5 0.2640625 0.903125 0.03203125 0.05625
5 0.36953125 0.74296875 0.03359375 0.046875
5 0.6625 0.21171875 0.01875 0.034375
5 0.5609375 0.01953125 0.034375 0.0375