8 0.6875 0.25703125 0.0375 0.11640625
5 0.70234375 0.0390625 0.0328125 0.059375
8 0.56796875 0.34296875 0.0296875 0.13828125
5 0.4671875 0.2046875 0.03046875 0.05703125
5 0.33671875 0.08828125 0.03203125 0.03984375
5 0.34609375 0.18203125 0.021875 0.03984375
5 0.31484375 0.30859375 0.021875 0.034375
5 0.33203125 0.43125 0.03125 0.03671875
5 0.4734375 0.38359375 0.03203125 0.0625
5 0.48203125 0.4640625 0.025 0.05390625
5 0.4328125 0.7515625 0.0421875 0.046875
5 0.41015625 0.89296875 0.0484375 0.05
5 0.31328125 0.74296875 0.03203125 0.03828125
5 0.3375 0.8671875 0.028125 0.046875
5 0.3 0.83203125 0.03359375 0.053125
5 0.2765625 0.7578125 0.03125 0.06171875
5 0.29765625 0.81875 0.034375 0.0546875
5 0.27109375 0.88203125 0.03203125 0.05625
5 0.3734375 0.71640625 0.03359375 0.046875
5 0.6625 0.19296875 0.01796875 0.0328125