8 0.68671875 0.26875 0.0375 0.11640625
5 0.7015625 0.04453125 0.03125 0.05625
8 0.56796875 0.35 0.0296875 0.13828125
5 0.46328125 0.1921875 0.03046875 0.0765625
5 0.3328125 0.08828125 0.03046875 0.0375
5 0.34453125 0.1859375 0.021875 0.03984375
5 0.31328125 0.3140625 0.0203125 0.03359375
5 0.334375 0.4328125 0.0296875 0.034375
5 0.47265625 0.39140625 0.03203125 0.0625
5 0.48046875 0.46953125 0.025 0.05390625
5 0.4296875 0.7578125 0.040625 0.04453125
5 0.40703125 0.90078125 0.0484375 0.05
5 0.3109375 0.75 0.03046875 0.03671875
5 0.33671875 0.87578125 0.028125 0.046875
5 0.30078125 0.8421875 0.03359375 0.053125
5 0.27578125 0.76796875 0.03125 0.06171875
5 0.29921875 0.81953125 0.0328125 0.0515625
5 0.26953125 0.8890625 0.03203125 0.05625
5 0.37109375 0.72421875 0.03203125 0.04453125
5 0.66171875 0.19921875 0.01875 0.034375