8 0.6875 0.240625 0.0359375 0.1109375
5 0.7015625 0.03203125 0.0359375 0.0640625
8 0.56875 0.33359375 0.0296875 0.13828125
5 0.465625 0.190625 0.02890625 0.0546875
5 0.33984375 0.0828125 0.03203125 0.03984375
5 0.34453125 0.16796875 0.0203125 0.03828125
5 0.315625 0.303125 0.02265625 0.03671875
5 0.33359375 0.4296875 0.0328125 0.03828125
5 0.47421875 0.384375 0.03359375 0.065625
5 0.4828125 0.45703125 0.025 0.05390625
5 0.4359375 0.7390625 0.04453125 0.04921875
5 0.41328125 0.8796875 0.04609375 0.04765625
5 0.31484375 0.73203125 0.03203125 0.03828125
5 0.34140625 0.85390625 0.0296875 0.04921875
5 0.29765625 0.81640625 0.03359375 0.053125
5 0.278125 0.74453125 0.0296875 0.05859375
5 0.3015625 0.79375 0.0328125 0.0515625
5 0.27734375 0.871875 0.03359375 0.05859375
5 0.375 0.703125 0.03515625 0.04921875
5 0.6609375 0.18359375 0.0171875 0.03125