8 0.68203125 0.39140625 0.0359375 0.1109375
5 0.69375 0.0625 0.0359375 0.08828125
8 0.56484375 0.42578125 0.03359375 0.13203125
5 0.4515625 0.2453125 0.03359375 0.084375
5 0.309375 0.13046875 0.03359375 0.04140625
5 0.334375 0.246875 0.01953125 0.0359375
5 0.3078125 0.371875 0.0234375 0.03828125
5 0.32421875 0.46875 0.03125 0.03671875
5 0.4609375 0.4453125 0.03359375 0.065625
5 0.4578125 0.5234375 0.02890625 0.06171875
5 0.3921875 0.821875 0.034375 0.04296875
5 0.38359375 0.97265625 0.05078125 0.05234375
5 0.3 0.8265625 0.03515625 0.05
5 0.31328125 0.95546875 0.03125 0.0515625
5 0.2921875 0.9390625 0.03515625 0.05546875
5 0.2625 0.85078125 0.0328125 0.06484375
5 0.29453125 0.9 0.0328125 0.0515625
5 0.24140625 0.94296875 0.02734375 0.0484375
5 0.3484375 0.79921875 0.03359375 0.046875
5 0.6640625 0.27734375 0.01796875 0.0328125
5 0.528125 0.02890625 0.03046875 0.0484375