8 0.68359375 0.3734375 0.0375 0.11640625
5 0.6953125 0.06171875 0.034375 0.08359375
8 0.56484375 0.41484375 0.03359375 0.13203125
5 0.453125 0.24609375 0.03359375 0.084375
5 0.3140625 0.128125 0.03359375 0.04140625
5 0.33515625 0.234375 0.01953125 0.0359375
5 0.30703125 0.36171875 0.02265625 0.03671875
5 0.325 0.465625 0.03125 0.03671875
5 0.46640625 0.44140625 0.03359375 0.065625
5 0.4609375 0.515625 0.02734375 0.059375
5 0.396875 0.81171875 0.03828125 0.046875
5 0.38515625 0.96328125 0.0484375 0.05
5 0.30234375 0.8140625 0.03515625 0.05
5 0.3171875 0.94453125 0.03125 0.0515625
5 0.2921875 0.925 0.03515625 0.05546875
5 0.265625 0.8390625 0.0328125 0.06484375
5 0.29609375 0.890625 0.0328125 0.0515625
5 0.2484375 0.94140625 0.02890625 0.05078125
5 0.353125 0.7875 0.03359375 0.046875
5 0.66328125 0.26328125 0.01796875 0.0328125
5 0.53125 0.02890625 0.03359375 0.05390625