8 0.68671875 0.31484375 0.0375 0.11640625
5 0.69921875 0.04921875 0.03125 0.07578125
8 0.5671875 0.37734375 0.0296875 0.13828125
5 0.459375 0.21953125 0.03359375 0.084375
5 0.325 0.10859375 0.03359375 0.04140625
5 0.3375 0.20703125 0.0203125 0.03828125
5 0.3109375 0.33671875 0.01953125 0.03125
5 0.325 0.44921875 0.03125 0.03671875
5 0.471875 0.41171875 0.03203125 0.0625
5 0.47265625 0.490625 0.0265625 0.05625
5 0.415625 0.78046875 0.0421875 0.046875
5 0.4 0.928125 0.0484375 0.05
5 0.30625 0.77890625 0.03046875 0.03671875
5 0.33125 0.90546875 0.0296875 0.04921875
5 0.29609375 0.8734375 0.03359375 0.053125
5 0.271875 0.80078125 0.0328125 0.06484375
5 0.29609375 0.8578125 0.034375 0.0546875
5 0.259375 0.9125 0.03203125 0.05625
5 0.3671875 0.75546875 0.03203125 0.04453125
5 0.6625 0.22265625 0.01875 0.034375
5 0.5546875 0.01953125 0.0359375 0.0390625