8 0.68046875 0.415625 0.0359375 0.1109375
5 0.69453125 0.07109375 0.034375 0.08359375
8 0.5640625 0.4421875 0.03359375 0.13203125
5 0.45 0.24375 0.03203125 0.08046875
5 0.3109375 0.14140625 0.03515625 0.04375
5 0.3359375 0.25625 0.01953125 0.0359375
5 0.3078125 0.384375 0.025 0.040625
5 0.321875 0.46953125 0.028125 0.03359375
5 0.45859375 0.45546875 0.03515625 0.06875
5 0.45625 0.5359375 0.02890625 0.06171875
5 0.37890625 0.8328125 0.034375 0.04296875
5 0.37578125 0.97265625 0.05078125 0.05234375
5 0.29609375 0.84296875 0.03515625 0.05
5 0.3078125 0.971875 0.03125 0.0515625
5 0.29140625 0.95625 0.03515625 0.05546875
5 0.2578125 0.87109375 0.0328125 0.06484375
5 0.29140625 0.91640625 0.0328125 0.0515625
5 0.2359375 0.9515625 0.02734375 0.0484375
5 0.34140625 0.81171875 0.03046875 0.04296875
5 0.66484375 0.30234375 0.01796875 0.0328125
5 0.52265625 0.0359375 0.02890625 0.04609375