8 0.678125 0.45234375 0.0375 0.11640625
5 0.69296875 0.0828125 0.0328125 0.0796875
8 0.56328125 0.46484375 0.03359375 0.13203125
5 0.44765625 0.2609375 0.03203125 0.08046875
5 0.30703125 0.15859375 0.03671875 0.04609375
5 0.32890625 0.30625 0.01875 0.078125
5 0.3046875 0.403125 0.02578125 0.0421875
5 0.31640625 0.4765625 0.028125 0.03359375
5 0.4546875 0.4671875 0.03515625 0.06875
5 0.45078125 0.5484375 0.02890625 0.06171875
5 0.37265625 0.853125 0.034375 0.04296875
5 0.29140625 0.865625 0.03515625 0.05
5 0.28359375 0.975 0.03046875 0.04765625
5 0.25 0.90625 0.0328125 0.06484375
5 0.28828125 0.93671875 0.0296875 0.046875
5 0.225 0.965625 0.02734375 0.0484375
5 0.3296875 0.83671875 0.02890625 0.040625
5 0.66640625 0.346875 0.01796875 0.0328125
5 0.5125 0.04140625 0.03046875 0.0484375