8 0.6796875 0.4296875 0.0359375 0.1109375
5 0.69453125 0.07734375 0.034375 0.08359375
8 0.5640625 0.4515625 0.03359375 0.13203125
5 0.44921875 0.25234375 0.03203125 0.08046875
5 0.30703125 0.14140625 0.03671875 0.04609375
5 0.33046875 0.28046875 0.01875 0.075
5 0.3078125 0.39140625 0.02578125 0.0421875
5 0.3203125 0.47265625 0.0296875 0.034375
5 0.45703125 0.46171875 0.03515625 0.06875
5 0.45234375 0.54140625 0.02734375 0.059375
5 0.37890625 0.84375 0.034375 0.04296875
5 0.3734375 0.97734375 0.05078125 0.0453125
5 0.29453125 0.8515625 0.03515625 0.05
5 0.303125 0.9734375 0.03125 0.0515625
5 0.2875 0.96640625 0.03359375 0.053125
5 0.25390625 0.884375 0.0328125 0.06484375
5 0.28828125 0.925 0.03125 0.04921875
5 0.23046875 0.95078125 0.02734375 0.0484375
5 0.33671875 0.8234375 0.03046875 0.04296875
5 0.6671875 0.32265625 0.01796875 0.0328125
5 0.51953125 0.040625 0.02890625 0.04609375