8 0.67890625 0.43828125 0.0359375 0.1109375
5 0.69453125 0.07890625 0.034375 0.08359375
8 0.5640625 0.45703125 0.03359375 0.13203125
5 0.44921875 0.25703125 0.03203125 0.08046875
5 0.30859375 0.14921875 0.03515625 0.04375
5 0.328125 0.29296875 0.01875 0.078125
5 0.3046875 0.39375 0.02578125 0.0421875
5 0.31796875 0.47421875 0.028125 0.03359375
5 0.45625 0.46484375 0.03515625 0.06875
5 0.4515625 0.54453125 0.02734375 0.059375
5 0.371875 0.840625 0.034375 0.04296875
5 0.29296875 0.85625 0.03515625 0.05
5 0.28671875 0.97265625 0.03203125 0.05078125
5 0.25234375 0.8921875 0.0328125 0.06484375
5 0.2875 0.9296875 0.03125 0.04921875
5 0.22890625 0.95390625 0.02734375 0.0484375
5 0.33359375 0.82734375 0.03046875 0.04296875
5 0.66640625 0.3328125 0.01796875 0.0328125
5 0.5171875 0.04140625 0.03046875 0.0484375