8 0.678125 0.44453125 0.0375 0.11640625
5 0.69453125 0.08125 0.034375 0.08359375
8 0.5640625 0.4609375 0.03359375 0.13203125
5 0.44921875 0.259375 0.03203125 0.08046875
5 0.30859375 0.153125 0.03671875 0.04609375
5 0.32890625 0.30078125 0.01875 0.078125
5 0.3046875 0.3984375 0.02578125 0.0421875
5 0.31796875 0.4765625 0.028125 0.03359375
5 0.45625 0.46640625 0.03515625 0.06875
5 0.45078125 0.546875 0.02890625 0.06171875
5 0.375 0.84765625 0.034375 0.04296875
5 0.2921875 0.859375 0.03515625 0.05
5 0.28515625 0.97421875 0.03046875 0.04765625
5 0.25078125 0.896875 0.03125 0.06171875
5 0.28828125 0.93125 0.03125 0.04921875
5 0.22734375 0.96015625 0.02734375 0.0484375
5 0.33125 0.83046875 0.02890625 0.040625
5 0.66640625 0.33984375 0.01796875 0.0328125
5 0.51484375 0.04140625 0.03046875 0.0484375