8 0.54453125 0.18828125 0.0359375 0.1109375
5 0.54453125 0.184375 0.01953125 0.03984375
5 0.5203125 0.034375 0.034375 0.06171875
8 0.4296875 0.2328125 0.0296875 0.13828125
5 0.38046875 0.178125 0.03515625 0.06640625
5 0.3140625 0.14296875 0.028125 0.0484375
5 0.2921875 0.190625 0.03359375 0.06640625
5 0.29140625 0.29140625 0.03046875 0.03828125
5 0.2984375 0.3390625 0.034375 0.040625
5 0.36484375 0.38359375 0.03515625 0.06875
5 0.3609375 0.4203125 0.01953125 0.04375
5 0.36328125 0.590625 0.03125 0.04296875
5 0.36328125 0.7359375 0.034375 0.0359375
5 0.27109375 0.66015625 0.0390625 0.046875
5 0.2578125 0.68828125 0.0328125 0.0546875
5 0.26484375 0.59609375 0.0375 0.06015625
5 0.2578125 0.540625 0.0328125 0.065625
5 0.1859375 0.54921875 0.03125 0.06171875
5 0.20859375 0.60234375 0.034375 0.0546875
5 0.18046875 0.70390625 0.0390625 0.06796875