8 0.54375 0.17890625 0.0359375 0.1109375
5 0.54375 0.17265625 0.01953125 0.03984375
5 0.521875 0.03046875 0.034375 0.0609375
8 0.43046875 0.23203125 0.0296875 0.13828125
5 0.37890625 0.178125 0.03515625 0.06640625
5 0.3109375 0.13515625 0.0296875 0.05078125
5 0.29140625 0.1828125 0.03359375 0.06640625
5 0.2828125 0.28125 0.03046875 0.03828125
5 0.296875 0.3390625 0.034375 0.040625
5 0.3640625 0.38046875 0.03515625 0.06875
5 0.36015625 0.41875 0.01953125 0.04375
5 0.3609375 0.58984375 0.028125 0.03828125
5 0.36171875 0.7390625 0.0359375 0.03671875
5 0.26796875 0.6578125 0.0390625 0.046875
5 0.2515625 0.6859375 0.0328125 0.0546875
5 0.26796875 0.60078125 0.0375 0.06015625
5 0.2515625 0.54921875 0.034375 0.06875
5 0.178125 0.5546875 0.03125 0.06171875
5 0.20703125 0.60390625 0.034375 0.0546875
5 0.1796875 0.71171875 0.0390625 0.06796875