8 0.553125 0.17109375 0.0359375 0.1109375
5 0.55234375 0.1625 0.01953125 0.03984375
5 0.53671875 0.0296875 0.0328125 0.059375
8 0.44140625 0.234375 0.0296875 0.13828125
5 0.38671875 0.17890625 0.03515625 0.06640625
5 0.31640625 0.1265625 0.028125 0.0484375
5 0.3 0.17890625 0.03203125 0.06328125
5 0.28828125 0.278125 0.03046875 0.03828125
5 0.3015625 0.33984375 0.0328125 0.03828125
5 0.37421875 0.378125 0.03515625 0.06875
5 0.36953125 0.4171875 0.01875 0.04140625
5 0.36953125 0.59296875 0.0265625 0.03671875
5 0.36953125 0.7421875 0.0359375 0.03671875
5 0.278125 0.65703125 0.04140625 0.04921875
5 0.26640625 0.69140625 0.03125 0.0515625
5 0.26796875 0.59921875 0.0390625 0.06328125
5 0.25703125 0.55859375 0.03125 0.06171875
5 0.18671875 0.55625 0.03125 0.06171875
5 0.21484375 0.60703125 0.034375 0.0546875
5 0.19140625 0.715625 0.0390625 0.06796875