8 0.575 0.15859375 0.0375 0.11640625
5 0.57421875 0.14765625 0.01953125 0.03984375
5 0.56171875 0.0296875 0.0328125 0.05859375
8 0.4640625 0.2359375 0.0296875 0.13828125
5 0.39921875 0.16796875 0.03359375 0.06328125
5 0.33046875 0.12109375 0.0296875 0.05078125
5 0.321875 0.18359375 0.03203125 0.06328125
5 0.30390625 0.27421875 0.03046875 0.03828125
5 0.31953125 0.340625 0.03125 0.03671875
5 0.396875 0.37890625 0.03515625 0.06875
5 0.39140625 0.41328125 0.0203125 0.04609375
5 0.39140625 0.5921875 0.0265625 0.03671875
5 0.38984375 0.74609375 0.0375 0.0390625
5 0.29609375 0.65859375 0.0390625 0.046875
5 0.28359375 0.696875 0.03125 0.0515625
5 0.28203125 0.5859375 0.0390625 0.06328125
5 0.2734375 0.55703125 0.028125 0.05625
5 0.2109375 0.56015625 0.03125 0.06171875
5 0.23515625 0.6125 0.0328125 0.0515625
5 0.2140625 0.7203125 0.0390625 0.06796875