8 0.59140625 0.15390625 0.0375 0.11640625
5 0.58984375 0.1484375 0.0203125 0.04140625
5 0.57578125 0.02421875 0.0328125 0.0484375
8 0.48046875 0.23671875 0.0296875 0.13828125
5 0.41875 0.1703125 0.03359375 0.06328125
5 0.33828125 0.12109375 0.0296875 0.05078125
5 0.33515625 0.17578125 0.03203125 0.06328125
5 0.31796875 0.2734375 0.03203125 0.040625
5 0.33125 0.34296875 0.03125 0.03671875
5 0.41015625 0.37578125 0.03671875 0.071875
5 0.40390625 0.4140625 0.01953125 0.04375
5 0.4046875 0.59609375 0.0265625 0.03671875
5 0.4046875 0.746875 0.0375 0.0390625
5 0.30859375 0.65859375 0.0390625 0.046875
5 0.29921875 0.69921875 0.0296875 0.04921875
5 0.2984375 0.5890625 0.04140625 0.06640625
5 0.27890625 0.56171875 0.028125 0.05625
5 0.225 0.5609375 0.03125 0.06171875
5 0.25 0.615625 0.0328125 0.0515625
5 0.2296875 0.71953125 0.0390625 0.06796875