8 0.625 0.1390625 0.0375 0.11640625
5 0.6234375 0.13203125 0.021875 0.04375
5 0.6109375 0.03046875 0.0328125 0.059375
8 0.515625 0.23828125 0.0296875 0.13828125
5 0.453125 0.17109375 0.03515625 0.06640625
5 0.3734375 0.1171875 0.0296875 0.05078125
5 0.37109375 0.171875 0.03359375 0.06640625
5 0.35 0.26953125 0.03203125 0.040625
5 0.36171875 0.3421875 0.0328125 0.03828125
5 0.44375 0.3765625 0.0390625 0.07578125
5 0.43125 0.40703125 0.01875 0.04140625
5 0.4375 0.59765625 0.0296875 0.040625
5 0.4359375 0.7515625 0.0375 0.0390625
5 0.34296875 0.66328125 0.0390625 0.046875
5 0.3328125 0.7046875 0.0296875 0.04921875
5 0.3328125 0.5875 0.02890625 0.04609375
5 0.26015625 0.5640625 0.0328125 0.06484375
5 0.2828125 0.6171875 0.0328125 0.0515625
5 0.2625 0.725 0.03671875 0.06484375
5 0.34765625 0.62734375 0.0234375 0.04140625