8 0.6421875 0.134375 0.0375 0.11640625
5 0.64140625 0.12890625 0.02265625 0.04609375
5 0.628125 0.0296875 0.0328125 0.059375
8 0.53359375 0.240625 0.0296875 0.13828125
5 0.4703125 0.16875 0.03359375 0.06328125
5 0.3890625 0.11796875 0.0296875 0.05078125
5 0.3828125 0.15546875 0.03515625 0.06953125
5 0.36328125 0.2703125 0.03203125 0.040625
5 0.371875 0.3421875 0.034375 0.040625
5 0.459375 0.37265625 0.040625 0.0796875
5 0.4578125 0.41328125 0.028125 0.046875
5 0.45546875 0.59921875 0.03125 0.04296875
5 0.45234375 0.75234375 0.0375 0.0390625
5 0.359375 0.6640625 0.04140625 0.04921875
5 0.34765625 0.70859375 0.0296875 0.04921875
5 0.35 0.584375 0.02890625 0.04609375
5 0.275 0.56640625 0.0328125 0.06484375
5 0.29921875 0.621875 0.0328125 0.0515625
5 0.2796875 0.7265625 0.03671875 0.06484375
5 0.36328125 0.63203125 0.021875 0.0390625