8 0.66796875 0.12421875 0.03984375 0.12265625
5 0.665625 0.11875 0.02265625 0.04609375
5 0.6546875 0.025 0.034375 0.05
8 0.559375 0.24140625 0.0296875 0.13828125
5 0.49453125 0.16875 0.03515625 0.06640625
5 0.415625 0.11640625 0.028125 0.0484375
5 0.40859375 0.14375 0.03359375 0.06640625
5 0.384375 0.26796875 0.03203125 0.040625
5 0.38359375 0.3484375 0.034375 0.040625
5 0.48359375 0.3703125 0.040625 0.0796875
5 0.48203125 0.41640625 0.025 0.0515625
5 0.47734375 0.60546875 0.03125 0.04296875
5 0.4734375 0.7578125 0.0375 0.0390625
5 0.38046875 0.665625 0.04140625 0.04921875
5 0.37109375 0.71328125 0.0296875 0.04921875
5 0.3703125 0.59609375 0.028125 0.04375
5 0.29765625 0.56953125 0.0328125 0.06484375
5 0.321875 0.6296875 0.0328125 0.0515625
5 0.3046875 0.73203125 0.03671875 0.06484375
5 0.38515625 0.63125 0.02109375 0.03671875