8 0.6875 0.1015625 0.0359375 0.1109375
5 0.6859375 0.10078125 0.021875 0.04375
5 0.6875 0.01796875 0.034375 0.0359375
8 0.58125 0.24296875 0.0296875 0.13828125
5 0.5140625 0.1703125 0.03203125 0.06015625
5 0.41640625 0.09140625 0.03671875 0.04609375
5 0.4265625 0.11171875 0.03203125 0.06328125
5 0.3890625 0.2671875 0.03515625 0.04453125
5 0.396875 0.35390625 0.0328125 0.03828125
5 0.503125 0.36484375 0.03671875 0.071875
5 0.49609375 0.40546875 0.0265625 0.05625
5 0.49375 0.61640625 0.03125 0.04296875
5 0.48203125 0.76796875 0.0375 0.0390625
5 0.38828125 0.675 0.04375 0.0515625
5 0.384375 0.73046875 0.03125 0.0515625
5 0.378125 0.61953125 0.028125 0.04375
5 0.3171875 0.58046875 0.03125 0.06171875
5 0.33203125 0.65078125 0.03125 0.04921875
5 0.31953125 0.7484375 0.03515625 0.06171875
5 0.3984375 0.63828125 0.02109375 0.03671875