8 0.6875 0.10546875 0.0359375 0.1109375
5 0.68515625 0.10625 0.021875 0.04375
5 0.6859375 0.01953125 0.034375 0.0390625
8 0.58046875 0.2515625 0.0296875 0.13828125
5 0.51328125 0.17734375 0.03203125 0.06015625
5 0.415625 0.09765625 0.03671875 0.04609375
5 0.42421875 0.12109375 0.03203125 0.06328125
5 0.38671875 0.27109375 0.03515625 0.04453125
5 0.3953125 0.3609375 0.0328125 0.03828125
5 0.503125 0.36796875 0.03671875 0.071875
5 0.49453125 0.4125 0.02734375 0.059375
5 0.4921875 0.62578125 0.03125 0.04296875
5 0.48046875 0.77578125 0.03984375 0.04140625
5 0.38359375 0.68203125 0.04375 0.0515625
5 0.38359375 0.7375 0.03125 0.0515625
5 0.3765625 0.628125 0.02890625 0.04609375
5 0.31640625 0.5859375 0.03125 0.06171875
5 0.33125 0.65859375 0.0328125 0.0515625
5 0.31953125 0.75546875 0.03515625 0.06171875
5 0.39921875 0.64296875 0.02109375 0.03671875