8 0.6875 0.11328125 0.0359375 0.1109375
5 0.68515625 0.11328125 0.021875 0.04375
5 0.68984375 0.02421875 0.034375 0.0484375
8 0.58125 0.26171875 0.03125 0.1453125
5 0.51015625 0.1859375 0.03046875 0.05703125
5 0.4140625 0.10625 0.03515625 0.04375
5 0.42109375 0.15078125 0.0203125 0.04453125
5 0.3796875 0.28046875 0.03515625 0.04453125
5 0.39375 0.37265625 0.0328125 0.03828125
5 0.50390625 0.37734375 0.03671875 0.071875
5 0.49375 0.4234375 0.02734375 0.059375
5 0.48984375 0.63828125 0.03828125 0.04296875
5 0.47578125 0.78828125 0.0375 0.0390625
5 0.38125 0.6953125 0.04140625 0.04921875
5 0.384375 0.7515625 0.03125 0.0515625
5 0.37421875 0.64140625 0.02890625 0.04609375
5 0.315625 0.60078125 0.03125 0.06171875
5 0.33125 0.671875 0.0328125 0.0515625
5 0.31953125 0.76796875 0.03515625 0.06171875
5 0.39765625 0.653125 0.02109375 0.03671875