5 0.28984375 0.6625 0.00859375 0.015625
5 0.30625 0.66171875 0.0203125 0.01484375
5 0.365625 0.48125 0.0109375 0.01484375
5 0.37421875 0.471875 0.009375 0.0109375
5 0.378125 0.4640625 0.009375 0.0140625
5 0.38359375 0.45859375 0.00625 0.02109375
5 0.6328125 0.21953125 0.01015625 0.01171875
5 0.64140625 0.21328125 0.0078125 0.01171875
5 0.64296875 0.18828125 0.0078125 0.01484375
5 0.640625 0.16796875 0.009375 0.01640625
5 0.65 0.16171875 0.00859375 0.01484375
8 0.29609375 0.65703125 0.03671875 0.03671875
8 0.30234375 0.71328125 0.025 0.0484375
8 0.37421875 0.46953125 0.03125 0.04921875
8 0.63828125 0.20859375 0.025 0.05859375
8 0.63984375 0.16953125 0.040625 0.040625
8 0.6984375 0.23828125 0.015625 0.06875
5 0.465625 0.509375 0.021875 0.03828125
5 0.46640625 0.56171875 0.009375 0.0203125
5 0.4890625 0.52578125 0.00859375 0.02109375
5 0.509375 0.49296875 0.01484375 0.02421875
5 0.53125 0.459375 0.01484375 0.02421875
5 0.546875 0.48046875 0.0109375 0.02109375
5 0.5546875 0.55390625 0.01015625 0.01875
5 0.53984375 0.5734375 0.0078125 0.02109375
5 0.590625 0.57578125 0.009375 0.02109375
5 0.6421875 0.69609375 0.0109375 0.01953125
5 0.63125 0.5203125 0.01015625 0.015625
5 0.57578125 0.49609375 0.0140625 0.021875
5 0.5796875 0.46953125 0.009375 0.015625
5 0.6828125 0.51953125 0.0125 0.0234375
5 0.7125 0.56015625 0.0109375 0.0234375
5 0.71640625 0.48125 0.01328125 0.01875
5 0.7234375 0.440625 0.0125 0.01953125
5 0.696875 0.42421875 0.01328125 0.0265625
5 0.7 0.35625 0.0109375 0.01953125
5 0.72578125 0.26953125 0.009375 0.01796875
5 0.7078125 0.22578125 0.0109375 0.01875
5 0.68046875 0.325 0.01328125 0.0203125
5 0.6515625 0.3765625 0.01171875 0.02265625
5 0.615625 0.35546875 0.01484375 0.0234375
4 0.11953125 0.31171875 0.01328125 0.02109375