5 0.29609375 0.34609375 0.00859375 0.02265625
5 0.30234375 0.35625 0.0125 0.0296875
5 0.421875 0.30859375 0.01328125 0.0140625
5 0.43125 0.30078125 0.009375 0.02109375
5 0.4765625 0.34296875 0.01015625 0.01953125
5 0.48359375 0.35703125 0.0109375 0.01875
5 0.51796875 0.36328125 0.0078125 0.01640625
5 0.4859375 0.40234375 0.0078125 0.01328125
5 0.48125 0.41875 0.0078125 0.015625
5 0.48671875 0.46640625 0.0171875 0.03203125
5 0.5125 0.4609375 0.009375 0.015625
5 0.5140625 0.48828125 0.015625 0.02734375
5 0.44296875 0.5984375 0.0125 0.01796875
5 0.42421875 0.57109375 0.0109375 0.0140625
5 0.4125 0.584375 0.0109375 0.01875
5 0.3265625 0.54765625 0.0125 0.01796875
5 0.328125 0.53125 0.0109375 0.01875
5 0.33359375 0.5109375 0.0109375 0.01953125
5 0.39296875 0.48125 0.009375 0.01640625
5 0.42734375 0.471875 0.0140625 0.0359375
5 0.425 0.51171875 0.01015625 0.021875
5 0.4390625 0.52421875 0.015625 0.02578125
5 0.24375 0.66328125 0.01015625 0.01796875
5 0.27890625 0.66640625 0.0078125 0.01328125
5 0.29140625 0.67890625 0.0125 0.02265625
5 0.66953125 0.3953125 0.0078125 0.01328125
4 0.81953125 0.7640625 0.01171875 0.01953125
5 0.5703125 0.48046875 0.0125 0.0203125
5 0.57265625 0.46796875 0.01015625 0.015625
5 0.57890625 0.45625 0.009375 0.01015625
5 0.58125 0.45078125 0.01171875 0.01953125
8 0.57265625 0.3875 0.01875 0.05703125
8 0.57890625 0.465625 0.0234375 0.06328125
8 0.65390625 0.40703125 0.03671875 0.02421875
8 0.3109375 0.66640625 0.0140625 0.07734375
8 0.290625 0.7 0.0203125 0.06171875
8 0.25703125 0.6703125 0.03125 0.0359375
5 0.57421875 0.390625 0.01015625 0.02890625
5 0.64296875 0.40390625 0.01484375 0.0125
5 0.665625 0.41171875 0.009375 0.01796875