8 0.5890625 0.42421875 0.034375 0.04296875
5 0.5984375 0.43203125 0.01015625 0.01875
5 0.54921875 0.3765625 0.02578125 0.03046875
8 0.503125 0.2671875 0.02578125 0.05859375
5 0.4984375 0.24609375 0.00859375 0.01640625
5 0.50234375 0.25703125 0.0125 0.01328125
5 0.50546875 0.27109375 0.0109375 0.0140625
5 0.5078125 0.2828125 0.01328125 0.0140625
8 0.4390625 0.3921875 0.01484375 0.0703125
5 0.42890625 0.37890625 0.0078125 0.01640625
5 0.42890625 0.396875 0.0078125 0.015625
5 0.4390625 0.40859375 0.01015625 0.02421875
5 0.4390625 0.3890625 0.0109375 0.01796875
8 0.41328125 0.303125 0.0453125 0.0328125
5 0.41484375 0.303125 0.021875 0.01640625
8 0.29375 0.58984375 0.01953125 0.05859375
5 0.29453125 0.59375 0.0109375 0.03046875
5 0.44296875 0.55625 0.0125 0.01953125
5 0.6 0.603125 0.0125 0.0234375
5 0.503125 0.63046875 0.01484375 0.01875
5 0.43984375 0.60390625 0.009375 0.01328125
5 0.425 0.659375 0.01171875 0.01953125
5 0.41875 0.6796875 0.009375 0.01953125
5 0.403125 0.68515625 0.0140625 0.02734375
5 0.3875 0.728125 0.0125 0.02578125
5 0.425 0.7484375 0.009375 0.0234375
5 0.45390625 0.69921875 0.00859375 0.01875
5 0.4703125 0.734375 0.0140625 0.02265625
5 0.540625 0.68984375 0.01328125 0.01875
5 0.56484375 0.72421875 0.015625 0.0265625
5 0.51171875 0.7765625 0.0125 0.021875
5 0.48515625 0.82109375 0.009375 0.02265625
5 0.37734375 0.91171875 0.0203125 0.03359375
5 0.51171875 0.88125 0.01640625 0.02578125
5 0.58515625 0.8484375 0.015625 0.0359375
8 0.6015625 0.66953125 0.03046875 0.0625
5 0.60859375 0.659375 0.0125 0.01875
5 0.59765625 0.68671875 0.0125 0.01875