8 0.5828125 0.43203125 0.034375 0.04296875
5 0.59453125 0.43046875 0.0109375 0.01953125
5 0.55 0.38359375 0.01640625 0.02890625
8 0.51328125 0.26875 0.02578125 0.05859375
5 0.5078125 0.24453125 0.00859375 0.01640625
5 0.5109375 0.25234375 0.0125 0.01328125
5 0.51796875 0.26875 0.01015625 0.0140625
5 0.521875 0.2796875 0.01484375 0.015625
8 0.45546875 0.39453125 0.015625 0.065625
5 0.446875 0.38515625 0.0078125 0.0171875
5 0.44375 0.40625 0.009375 0.01796875
5 0.45234375 0.4046875 0.01015625 0.02421875
8 0.38671875 0.29765625 0.05234375 0.03828125
5 0.38671875 0.29609375 0.0234375 0.0171875
8 0.3109375 0.621875 0.01953125 0.05859375
5 0.3125 0.62421875 0.0109375 0.03203125
5 0.459375 0.5546875 0.0140625 0.02109375
5 0.603125 0.6015625 0.0125 0.0234375
5 0.51171875 0.63125 0.01484375 0.01875
5 0.44921875 0.603125 0.009375 0.01328125
5 0.4375 0.6609375 0.01171875 0.01953125
5 0.4296875 0.684375 0.01015625 0.02109375
5 0.4125 0.6859375 0.0140625 0.02734375
5 0.3984375 0.73125 0.0125 0.0265625
5 0.440625 0.74765625 0.0109375 0.02734375
5 0.46015625 0.7 0.02109375 0.0265625
5 0.48828125 0.740625 0.0203125 0.04296875
5 0.53984375 0.6984375 0.01328125 0.01875
5 0.57109375 0.70625 0.01640625 0.028125
5 0.52265625 0.77421875 0.0125 0.02265625
5 0.496875 0.81875 0.01015625 0.025
5 0.39296875 0.903125 0.021875 0.03515625
5 0.51640625 0.88984375 0.0171875 0.0265625
5 0.5953125 0.85078125 0.01640625 0.0375
8 0.6078125 0.671875 0.03046875 0.0625
5 0.61328125 0.65703125 0.0125 0.01875
5 0.603125 0.68671875 0.0125 0.01953125