8 0.58203125 0.428125 0.034375 0.04296875
5 0.59140625 0.42890625 0.01015625 0.01875
5 0.54609375 0.38125 0.01796875 0.03203125
8 0.50390625 0.271875 0.02578125 0.05859375
5 0.50078125 0.24609375 0.00859375 0.01640625
5 0.50234375 0.25546875 0.01171875 0.01328125
5 0.5078125 0.2703125 0.0109375 0.0140625
5 0.51171875 0.28125 0.0140625 0.015625
8 0.440625 0.39609375 0.0140625 0.0671875
5 0.43046875 0.38125 0.0078125 0.01640625
5 0.43125 0.39765625 0.0078125 0.0140625
5 0.43984375 0.40859375 0.01015625 0.02421875
5 0.440625 0.390625 0.0109375 0.01796875
8 0.396875 0.3 0.05 0.0359375
5 0.39921875 0.29921875 0.0234375 0.0171875
8 0.29765625 0.60703125 0.01953125 0.05859375
5 0.29921875 0.60859375 0.0109375 0.03046875
5 0.44765625 0.55625 0.0125 0.01875
5 0.596875 0.603125 0.0125 0.0234375
5 0.50390625 0.63203125 0.0140625 0.01796875
5 0.43984375 0.60234375 0.009375 0.01328125
5 0.42578125 0.659375 0.01171875 0.01953125
5 0.41953125 0.68203125 0.009375 0.01953125
5 0.4046875 0.6875 0.0140625 0.02734375
5 0.38828125 0.73203125 0.0125 0.02578125
5 0.42890625 0.746875 0.01015625 0.02578125
5 0.453125 0.70078125 0.00859375 0.01875
5 0.47734375 0.7375 0.0203125 0.04296875
5 0.53671875 0.69140625 0.01328125 0.01875
5 0.56484375 0.71875 0.015625 0.0265625
5 0.5125 0.7765625 0.0125 0.021875
5 0.48828125 0.81875 0.009375 0.02265625
5 0.3796875 0.909375 0.0203125 0.03359375
5 0.51015625 0.8859375 0.01640625 0.02578125
5 0.5859375 0.85078125 0.015625 0.0359375
8 0.60078125 0.67109375 0.03046875 0.0625
5 0.60625 0.65859375 0.0125 0.01875
5 0.59609375 0.6859375 0.0125 0.01953125