8 0.58203125 0.42734375 0.034375 0.04296875
5 0.590625 0.4296875 0.01015625 0.01875
5 0.546875 0.38203125 0.01796875 0.03203125
8 0.5046875 0.27109375 0.02578125 0.05859375
5 0.5015625 0.24609375 0.00859375 0.01640625
5 0.503125 0.25390625 0.01171875 0.01328125
5 0.50859375 0.2703125 0.0109375 0.0140625
5 0.5125 0.28125 0.0140625 0.015625
8 0.4421875 0.39453125 0.01328125 0.0640625
5 0.43125 0.37890625 0.0078125 0.01640625
5 0.4328125 0.39609375 0.0078125 0.0140625
5 0.44140625 0.4046875 0.01015625 0.02421875
5 0.4421875 0.39140625 0.0109375 0.01796875
8 0.39453125 0.3 0.05 0.0359375
5 0.396875 0.2984375 0.0234375 0.0171875
8 0.29921875 0.609375 0.01953125 0.05859375
5 0.3 0.61015625 0.0109375 0.03046875
5 0.4484375 0.55625 0.0125 0.01875
5 0.596875 0.60234375 0.0125 0.0234375
5 0.50390625 0.63203125 0.0140625 0.01796875
5 0.440625 0.60234375 0.009375 0.01328125
5 0.4265625 0.659375 0.01171875 0.01953125
5 0.4203125 0.68125 0.009375 0.01953125
5 0.40546875 0.68671875 0.0140625 0.02734375
5 0.38828125 0.73203125 0.0125 0.02578125
5 0.4296875 0.746875 0.01015625 0.02578125
5 0.45390625 0.7015625 0.00859375 0.01875
5 0.47734375 0.73828125 0.0203125 0.04296875
5 0.5359375 0.69296875 0.01328125 0.01875
5 0.565625 0.7171875 0.015625 0.0265625
5 0.5125 0.77578125 0.0125 0.021875
5 0.4890625 0.81796875 0.009375 0.02265625
5 0.38125 0.9078125 0.0203125 0.03359375
5 0.51015625 0.88671875 0.0171875 0.0265625
5 0.58671875 0.85078125 0.015625 0.0359375
8 0.60078125 0.671875 0.03046875 0.0625
5 0.60546875 0.6578125 0.0125 0.01875
5 0.59609375 0.6859375 0.0125 0.01953125