8 0.58515625 0.428125 0.034375 0.04296875
5 0.59453125 0.4296875 0.01015625 0.01875
5 0.54921875 0.3796875 0.02734375 0.03203125
8 0.50390625 0.27265625 0.02578125 0.05859375
5 0.50078125 0.24609375 0.00859375 0.01640625
5 0.50234375 0.25703125 0.0125 0.01328125
5 0.50703125 0.2703125 0.0109375 0.0140625
5 0.5109375 0.28359375 0.01328125 0.0140625
8 0.43984375 0.39609375 0.01484375 0.0703125
5 0.4296875 0.37890625 0.0078125 0.01640625
5 0.43046875 0.39609375 0.00859375 0.01640625
5 0.43984375 0.409375 0.01015625 0.02421875
5 0.43984375 0.38984375 0.0109375 0.01796875
8 0.4046875 0.3015625 0.05234375 0.03828125
5 0.40625 0.3 0.021875 0.01640625
8 0.29609375 0.59921875 0.01953125 0.05859375
5 0.29765625 0.603125 0.0109375 0.03046875
5 0.44609375 0.55625 0.0125 0.01875
5 0.59921875 0.60390625 0.0125 0.0234375
5 0.5046875 0.63125 0.01484375 0.01875
5 0.43984375 0.603125 0.009375 0.01328125
5 0.42578125 0.659375 0.01171875 0.01953125
5 0.41875 0.6828125 0.009375 0.01953125
5 0.4046875 0.68671875 0.0140625 0.02734375
5 0.3875 0.73046875 0.0125 0.02578125
5 0.4265625 0.74609375 0.009375 0.0234375
5 0.453125 0.69921875 0.00859375 0.01875
5 0.47734375 0.73125 0.0140625 0.02265625
5 0.5375 0.690625 0.01328125 0.01875
5 0.565625 0.72109375 0.015625 0.0265625
5 0.5125 0.7765625 0.0125 0.021875
5 0.48671875 0.81875 0.009375 0.02265625
5 0.3796875 0.9109375 0.0203125 0.03359375
5 0.51015625 0.884375 0.01640625 0.02578125
5 0.58671875 0.85078125 0.015625 0.0359375
8 0.6015625 0.67109375 0.03046875 0.0625
5 0.60703125 0.659375 0.0125 0.01875
5 0.596875 0.6875 0.0125 0.01953125
5 0.42890625 0.4109375 0.01015625 0.015625