8 0.5828125 0.4328125 0.0328125 0.040625
5 0.5953125 0.43125 0.0109375 0.01953125
5 0.55078125 0.38515625 0.01640625 0.02890625
8 0.51484375 0.26796875 0.02578125 0.05859375
5 0.509375 0.24375 0.00859375 0.01640625
5 0.51328125 0.253125 0.01328125 0.0140625
5 0.51953125 0.26875 0.01015625 0.0140625
5 0.52421875 0.278125 0.01484375 0.015625
8 0.45859375 0.39453125 0.01484375 0.06171875
5 0.4453125 0.3953125 0.0078125 0.01640625
5 0.44609375 0.396875 0.009375 0.01796875
5 0.4546875 0.40390625 0.01015625 0.02421875
8 0.38515625 0.29765625 0.0546875 0.03984375
5 0.38515625 0.29375 0.0234375 0.0171875
8 0.31328125 0.62421875 0.01953125 0.05859375
5 0.31484375 0.6265625 0.0109375 0.03203125
5 0.46171875 0.55546875 0.01328125 0.0203125
5 0.60390625 0.60078125 0.0125 0.0234375
5 0.5140625 0.63125 0.01484375 0.01875
5 0.45078125 0.60234375 0.009375 0.01328125
5 0.43984375 0.66171875 0.01171875 0.01953125
5 0.43125 0.684375 0.01015625 0.02109375
5 0.4140625 0.68515625 0.0140625 0.02734375
5 0.4 0.73046875 0.0125 0.0265625
5 0.4421875 0.74921875 0.01015625 0.02578125
5 0.46171875 0.7015625 0.021875 0.028125
5 0.48984375 0.7390625 0.0203125 0.04296875
5 0.53984375 0.70078125 0.01328125 0.01875
5 0.571875 0.7015625 0.01640625 0.028125
5 0.5234375 0.77421875 0.0125 0.02265625
5 0.4984375 0.81796875 0.01015625 0.025
5 0.3953125 0.9015625 0.021875 0.03515625
5 0.51796875 0.88984375 0.01640625 0.02578125
5 0.596875 0.85078125 0.01640625 0.0375
8 0.609375 0.671875 0.03046875 0.0625
5 0.61484375 0.6578125 0.0125 0.01875
5 0.60390625 0.68671875 0.0125 0.01953125