8 0.58359375 0.428125 0.0328125 0.040625
5 0.590625 0.4328125 0.0125 0.02265625
5 0.55234375 0.38046875 0.01640625 0.02890625
8 0.52421875 0.25703125 0.02421875 0.05546875
5 0.52265625 0.23671875 0.009375 0.0171875
5 0.52265625 0.24453125 0.01328125 0.0140625
5 0.52890625 0.25703125 0.01015625 0.0140625
5 0.53515625 0.26640625 0.0140625 0.015625
8 0.46640625 0.3875 0.02421875 0.0765625
5 0.46328125 0.390625 0.009375 0.0234375
8 0.3671875 0.28671875 0.0546875 0.03984375
5 0.36796875 0.28125 0.0234375 0.0171875
8 0.32734375 0.6328125 0.01875 0.05625
5 0.3296875 0.63359375 0.0109375 0.03046875
5 0.47578125 0.5359375 0.0125 0.01875
5 0.6078125 0.59140625 0.0125 0.0234375
5 0.52265625 0.61875 0.015625 0.01953125
5 0.46015625 0.59140625 0.009375 0.01328125
5 0.45234375 0.65546875 0.0125 0.0203125
5 0.43984375 0.67109375 0.0109375 0.0234375
5 0.421875 0.67890625 0.01484375 0.02890625
5 0.40859375 0.721875 0.01328125 0.028125
5 0.44140625 0.73671875 0.00859375 0.02265625
5 0.47109375 0.69609375 0.0234375 0.02890625
5 0.5 0.72890625 0.0203125 0.04296875
5 0.54140625 0.69375 0.0125 0.01796875
5 0.578125 0.67734375 0.01796875 0.03125
5 0.5328125 0.765625 0.0140625 0.025
5 0.509375 0.80546875 0.0109375 0.0265625
5 0.40859375 0.890625 0.02265625 0.03671875
5 0.52578125 0.871875 0.0171875 0.0265625
5 0.60703125 0.84140625 0.0171875 0.0390625
8 0.61640625 0.66171875 0.03046875 0.0625
5 0.621875 0.6484375 0.0125 0.01875
5 0.609375 0.678125 0.0125 0.01953125
5 0.4625 0.36328125 0.0109375 0.01953125