8 0.584375 0.4234375 0.0328125 0.040625
5 0.590625 0.428125 0.0125 0.02265625
5 0.553125 0.37734375 0.01640625 0.02890625
8 0.52578125 0.25 0.02421875 0.05546875
5 0.52578125 0.23359375 0.009375 0.0171875
5 0.525 0.2390625 0.01328125 0.0140625
5 0.53046875 0.25078125 0.01015625 0.0140625
5 0.53671875 0.2609375 0.0140625 0.015625
8 0.46953125 0.38125 0.02421875 0.0765625
5 0.465625 0.38359375 0.01015625 0.02421875
8 0.36328125 0.2796875 0.0546875 0.03984375
5 0.3640625 0.27421875 0.0234375 0.0171875
8 0.33046875 0.63125 0.01875 0.05625
5 0.3328125 0.63203125 0.0109375 0.03046875
5 0.47890625 0.528125 0.0125 0.01875
5 0.60859375 0.584375 0.0125 0.0234375
5 0.52421875 0.61171875 0.015625 0.01953125
5 0.4625 0.5859375 0.009375 0.01328125
5 0.45546875 0.64921875 0.01328125 0.02109375
5 0.4421875 0.66640625 0.0109375 0.0234375
5 0.4234375 0.67109375 0.015625 0.03046875
5 0.4109375 0.71640625 0.01328125 0.028125
5 0.44140625 0.73046875 0.00859375 0.02265625
5 0.47421875 0.68828125 0.02578125 0.03203125
5 0.50234375 0.72265625 0.01953125 0.04140625
5 0.54140625 0.68828125 0.0125 0.01796875
5 0.5796875 0.6640625 0.01796875 0.03125
5 0.5359375 0.75859375 0.0140625 0.025
5 0.51171875 0.7984375 0.0109375 0.0265625
5 0.52734375 0.86484375 0.0171875 0.0265625
8 0.61796875 0.65546875 0.03046875 0.0625
5 0.6234375 0.64296875 0.01328125 0.01953125
5 0.61171875 0.671875 0.0125 0.01875
5 0.4671875 0.35703125 0.0109375 0.01953125
5 0.4125 0.8828125 0.0265625 0.0359375
5 0.60859375 0.83671875 0.02265625 0.0390625