8 0.5828125 0.434375 0.0328125 0.040625
5 0.58984375 0.4359375 0.0109375 0.0203125
5 0.5515625 0.38359375 0.01640625 0.02890625
8 0.5171875 0.26796875 0.02578125 0.05859375
5 0.5109375 0.24375 0.00859375 0.01640625
5 0.51484375 0.25234375 0.0125 0.01328125
5 0.5203125 0.26796875 0.01015625 0.0140625
5 0.52578125 0.278125 0.01484375 0.015625
8 0.4578125 0.3953125 0.0234375 0.07265625
5 0.45625 0.403125 0.0109375 0.02578125
8 0.38359375 0.29609375 0.0546875 0.03984375
5 0.3828125 0.29296875 0.0234375 0.0171875
8 0.315625 0.628125 0.01953125 0.05859375
5 0.3171875 0.6296875 0.0109375 0.03203125
5 0.46484375 0.55390625 0.01328125 0.0203125
5 0.60546875 0.60078125 0.0125 0.0234375
5 0.515625 0.63046875 0.01484375 0.01875
5 0.45234375 0.60234375 0.009375 0.01328125
5 0.4421875 0.66171875 0.0125 0.0203125
5 0.43203125 0.684375 0.01015625 0.02109375
5 0.415625 0.68359375 0.0140625 0.02734375
5 0.4015625 0.72890625 0.0125 0.0265625
5 0.44375 0.74921875 0.01015625 0.02578125
5 0.46484375 0.7015625 0.021875 0.028125
5 0.49140625 0.73828125 0.0203125 0.04296875
5 0.540625 0.7 0.01328125 0.01875
5 0.5734375 0.69921875 0.01640625 0.028125
5 0.525 0.7734375 0.0125 0.02265625
5 0.5 0.81796875 0.01015625 0.025
5 0.39765625 0.90078125 0.021875 0.03515625
5 0.51953125 0.8890625 0.01640625 0.02578125
5 0.5984375 0.85078125 0.01640625 0.0375
8 0.6109375 0.67109375 0.03046875 0.0625
5 0.61640625 0.6578125 0.0125 0.01875
5 0.60546875 0.6859375 0.0125 0.01953125