8 0.58359375 0.43046875 0.0328125 0.040625
5 0.58984375 0.434375 0.0125 0.02265625
5 0.55234375 0.38203125 0.01640625 0.02890625
8 0.52265625 0.25859375 0.02421875 0.05546875
5 0.52109375 0.23984375 0.009375 0.0171875
5 0.521875 0.24609375 0.01328125 0.0140625
5 0.5265625 0.2609375 0.01015625 0.0140625
5 0.53359375 0.2703125 0.0140625 0.015625
8 0.46484375 0.3890625 0.02421875 0.0765625
5 0.46328125 0.39140625 0.009375 0.0234375
8 0.36953125 0.2890625 0.0546875 0.03984375
5 0.37109375 0.284375 0.0234375 0.0171875
8 0.325 0.6328125 0.01953125 0.05859375
5 0.3265625 0.63359375 0.0109375 0.03046875
5 0.47421875 0.54140625 0.0125 0.01875
5 0.60703125 0.59453125 0.0125 0.0234375
5 0.52109375 0.621875 0.015625 0.01953125
5 0.45859375 0.59453125 0.009375 0.01328125
5 0.45078125 0.65703125 0.0125 0.0203125
5 0.43828125 0.675 0.0109375 0.0234375
5 0.42109375 0.68203125 0.01484375 0.02890625
5 0.4078125 0.72421875 0.0125 0.0265625
5 0.44140625 0.740625 0.009375 0.0234375
5 0.4703125 0.70703125 0.0234375 0.02890625
5 0.4984375 0.73125 0.0203125 0.04296875
5 0.540625 0.696875 0.0125 0.01796875
5 0.57734375 0.68203125 0.01796875 0.03125
5 0.53203125 0.7671875 0.01328125 0.02421875
5 0.50703125 0.80859375 0.0109375 0.0265625
5 0.40625 0.89375 0.02265625 0.03671875
5 0.52421875 0.87578125 0.01640625 0.02578125
5 0.60546875 0.84453125 0.0171875 0.0390625
8 0.61484375 0.6640625 0.03046875 0.0625
5 0.62109375 0.6515625 0.0125 0.01875
5 0.609375 0.68046875 0.0125 0.01953125
5 0.4609375 0.36796875 0.0109375 0.01953125