8 0.5828125 0.43359375 0.0328125 0.040625
5 0.5890625 0.43671875 0.0109375 0.0203125
5 0.55078125 0.3859375 0.01640625 0.02890625
8 0.5171875 0.265625 0.02578125 0.05859375
5 0.51328125 0.24375 0.00859375 0.01640625
5 0.51640625 0.2515625 0.0125 0.01328125
5 0.521875 0.26640625 0.01015625 0.0140625
5 0.52734375 0.2765625 0.01484375 0.015625
8 0.46015625 0.39375 0.0234375 0.07265625
5 0.4578125 0.40078125 0.01015625 0.02421875
8 0.38046875 0.29609375 0.0546875 0.03984375
5 0.38046875 0.2921875 0.02421875 0.01796875
8 0.31796875 0.63046875 0.01953125 0.05859375
5 0.31953125 0.63125 0.0109375 0.03203125
5 0.46640625 0.5515625 0.0125 0.01953125
5 0.60546875 0.6 0.0125 0.0234375
5 0.5171875 0.63046875 0.01484375 0.01875
5 0.45390625 0.60078125 0.009375 0.01328125
5 0.44375 0.6609375 0.0125 0.0203125
5 0.43359375 0.68359375 0.01015625 0.02109375
5 0.415625 0.68828125 0.0140625 0.02734375
5 0.40390625 0.728125 0.0125 0.0265625
5 0.44453125 0.7484375 0.009375 0.025
5 0.46796875 0.70546875 0.021875 0.028125
5 0.49296875 0.73828125 0.0203125 0.04296875
5 0.5421875 0.70078125 0.01328125 0.01875
5 0.57421875 0.696875 0.0171875 0.0296875
5 0.52578125 0.771875 0.0125 0.02265625
5 0.5015625 0.81640625 0.01015625 0.025
5 0.4 0.89921875 0.021875 0.03515625
5 0.52109375 0.88671875 0.01640625 0.02578125
5 0.6 0.84921875 0.01640625 0.0375
8 0.61171875 0.66953125 0.03046875 0.0625
5 0.6171875 0.65625 0.0125 0.01875
5 0.60625 0.6859375 0.0125 0.01953125