8 0.5875 0.36171875 0.034375 0.04296875
5 0.5953125 0.3609375 0.01328125 0.02421875
5 0.56015625 0.3203125 0.01875 0.03359375
8 0.5421875 0.17890625 0.03359375 0.05546875
5 0.54140625 0.1640625 0.00859375 0.015625
5 0.53984375 0.16875 0.01171875 0.01328125
5 0.54609375 0.17890625 0.01171875 0.015625
5 0.553125 0.1890625 0.01328125 0.0140625
8 0.48359375 0.309375 0.0234375 0.07265625
5 0.47890625 0.31796875 0.01171875 0.028125
8 0.34296875 0.21328125 0.0546875 0.03984375
5 0.33984375 0.20625 0.0234375 0.0171875
8 0.353125 0.58671875 0.01875 0.05625
5 0.35546875 0.58359375 0.0109375 0.03203125
5 0.49609375 0.45078125 0.0140625 0.02109375
5 0.615625 0.51875 0.01484375 0.02734375
5 0.5375 0.54453125 0.01484375 0.01875
5 0.475 0.5140625 0.009375 0.01328125
5 0.4703125 0.578125 0.015625 0.02578125
5 0.45546875 0.60390625 0.009375 0.0203125
5 0.43359375 0.603125 0.02109375 0.040625
5 0.4234375 0.65546875 0.0125 0.0265625
5 0.4453125 0.65703125 0.021875 0.0203125
5 0.48359375 0.61875 0.02265625 0.0328125
5 0.51484375 0.65703125 0.0203125 0.02890625
5 0.55234375 0.61953125 0.02265625 0.02578125
5 0.5890625 0.571875 0.0203125 0.0359375
5 0.55078125 0.68828125 0.01640625 0.02890625
5 0.52421875 0.7390625 0.0109375 0.028125
5 0.5375 0.803125 0.01796875 0.028125
8 0.63125 0.58671875 0.03203125 0.065625
5 0.63046875 0.58125 0.0140625 0.0203125
5 0.62734375 0.60078125 0.0140625 0.02109375
5 0.484375 0.2875 0.0109375 0.01953125
5 0.4328125 0.8140625 0.02578125 0.02890625
5 0.621875 0.76796875 0.02890625 0.03671875