8 0.584375 0.39375 0.0328125 0.040625
5 0.59296875 0.39375 0.01328125 0.02421875
5 0.55546875 0.35078125 0.01796875 0.03203125
8 0.53359375 0.21484375 0.02421875 0.05546875
5 0.53359375 0.1984375 0.009375 0.0171875
5 0.5328125 0.20390625 0.01328125 0.0140625
5 0.53828125 0.21484375 0.01015625 0.0140625
5 0.54609375 0.22421875 0.0140625 0.015625
8 0.4765625 0.34453125 0.02421875 0.0765625
5 0.47265625 0.34921875 0.01015625 0.02421875
8 0.35 0.24609375 0.05234375 0.03828125
5 0.3484375 0.23984375 0.021875 0.01640625
8 0.34296875 0.6125 0.0171875 0.05078125
5 0.3453125 0.609375 0.0109375 0.03046875
5 0.4875 0.48828125 0.0140625 0.02109375
5 0.61015625 0.5515625 0.0140625 0.02578125
5 0.53125 0.57890625 0.01484375 0.01875
5 0.46953125 0.54921875 0.01015625 0.0140625
5 0.46484375 0.61171875 0.0140625 0.0234375
5 0.44921875 0.6359375 0.01015625 0.02109375
5 0.428125 0.63671875 0.01953125 0.03671875
5 0.41796875 0.68359375 0.01328125 0.028125
5 0.44296875 0.69375 0.0234375 0.021875
5 0.4796875 0.65546875 0.021875 0.03125
5 0.5078125 0.69140625 0.0203125 0.02890625
5 0.5484375 0.6546875 0.0125 0.01796875
5 0.58359375 0.61640625 0.01796875 0.03125
5 0.54453125 0.71796875 0.015625 0.028125
5 0.51875 0.765625 0.0109375 0.028125
5 0.53203125 0.83515625 0.0171875 0.0265625
8 0.625 0.61953125 0.03046875 0.0625
5 0.62890625 0.6046875 0.01328125 0.01953125
5 0.6203125 0.6359375 0.0125 0.01953125
5 0.4765625 0.32109375 0.0109375 0.01953125
5 0.42421875 0.84609375 0.0265625 0.0359375
5 0.61640625 0.80390625 0.02421875 0.040625