8 0.58359375 0.415625 0.0328125 0.040625
5 0.590625 0.4203125 0.0125 0.02265625
5 0.55390625 0.371875 0.01640625 0.02890625
8 0.52890625 0.24296875 0.02421875 0.05546875
5 0.52734375 0.2234375 0.009375 0.0171875
5 0.52734375 0.22890625 0.01328125 0.0140625
5 0.53203125 0.240625 0.01015625 0.0140625
5 0.53984375 0.25078125 0.0140625 0.015625
8 0.471875 0.3703125 0.02421875 0.0765625
5 0.46796875 0.375 0.01015625 0.02421875
8 0.3578125 0.2703125 0.0546875 0.03984375
5 0.359375 0.265625 0.021875 0.01640625
8 0.33515625 0.6265625 0.01875 0.05625
5 0.33671875 0.6265625 0.0109375 0.03046875
5 0.48203125 0.51796875 0.0125 0.01875
5 0.609375 0.5734375 0.0125 0.0234375
5 0.52578125 0.60546875 0.015625 0.01953125
5 0.46484375 0.578125 0.01015625 0.0140625
5 0.45859375 0.640625 0.01328125 0.02265625
5 0.44453125 0.65625 0.0109375 0.02265625
5 0.42421875 0.6625 0.0171875 0.03359375
5 0.4125 0.70703125 0.01328125 0.028125
5 0.4421875 0.71875 0.02421875 0.02265625
5 0.4734375 0.67890625 0.02109375 0.0296875
5 0.50390625 0.71640625 0.0203125 0.02890625
5 0.54375 0.68046875 0.0125 0.01796875
5 0.58046875 0.65234375 0.01796875 0.03125
5 0.53828125 0.74609375 0.01484375 0.0265625
5 0.5125 0.790625 0.0109375 0.0265625
5 0.52890625 0.85625 0.01796875 0.028125
8 0.6203125 0.64375 0.03046875 0.0625
5 0.625 0.63359375 0.01328125 0.01953125
5 0.61484375 0.66328125 0.0125 0.01953125
5 0.4703125 0.34609375 0.0109375 0.01953125
5 0.415625 0.87265625 0.0265625 0.0359375
5 0.6109375 0.82734375 0.02265625 0.0390625