8 0.59453125 0.321875 0.034375 0.04296875
5 0.60234375 0.32109375 0.0140625 0.02578125
5 0.56875 0.28359375 0.01875 0.03359375
8 0.55546875 0.13671875 0.03359375 0.05546875
5 0.54765625 0.11640625 0.0078125 0.01484375
5 0.553125 0.12890625 0.01171875 0.01328125
5 0.5578125 0.1375 0.01328125 0.01796875
8 0.49453125 0.26796875 0.0234375 0.07265625
5 0.490625 0.27421875 0.0125 0.0296875
8 0.34140625 0.171875 0.05 0.0359375
5 0.3390625 0.1671875 0.0234375 0.0171875
8 0.3671875 0.553125 0.01875 0.05078125
5 0.3703125 0.5515625 0.0109375 0.03203125
5 0.5078125 0.40625 0.0140625 0.02109375
5 0.6265625 0.47578125 0.015625 0.02890625
5 0.55 0.50234375 0.0140625 0.01796875
5 0.4875 0.4671875 0.009375 0.01328125
5 0.47890625 0.53125 0.01640625 0.02734375
5 0.46796875 0.565625 0.009375 0.01953125
5 0.4453125 0.56015625 0.0234375 0.04453125
5 0.43515625 0.6171875 0.0125 0.0265625
5 0.45234375 0.61171875 0.01640625 0.03125
5 0.49296875 0.578125 0.025 0.0359375
5 0.52421875 0.62421875 0.01953125 0.02734375
5 0.5640625 0.57890625 0.0234375 0.02734375
5 0.5984375 0.52578125 0.02265625 0.03984375
5 0.56328125 0.64296875 0.01640625 0.02890625
5 0.53828125 0.69453125 0.0171875 0.03515625
5 0.54765625 0.76328125 0.01796875 0.028125
8 0.64140625 0.54140625 0.01796875 0.065625
5 0.64375 0.55234375 0.015625 0.02265625
5 0.64296875 0.521875 0.01484375 0.02265625
5 0.44609375 0.77265625 0.02734375 0.03046875
5 0.63515625 0.72734375 0.02890625 0.03671875