8 0.59765625 0.30546875 0.034375 0.03046875
5 0.60546875 0.31015625 0.0140625 0.02578125
5 0.57265625 0.271875 0.01796875 0.03203125
8 0.559375 0.1234375 0.03359375 0.05
5 0.546875 0.115625 0.0078125 0.01484375
5 0.55703125 0.1171875 0.0125 0.01328125
5 0.5625 0.125 0.01328125 0.01875
8 0.496875 0.25703125 0.025 0.07265625
5 0.5015625 0.2453125 0.01171875 0.028125
8 0.3421875 0.16171875 0.05234375 0.03828125
5 0.340625 0.15546875 0.0234375 0.0171875
8 0.37265625 0.5421875 0.01875 0.05078125
5 0.37578125 0.54140625 0.0109375 0.03203125
5 0.5125 0.39296875 0.0140625 0.02109375
5 0.63046875 0.4640625 0.015625 0.02890625
5 0.553125 0.49140625 0.0140625 0.01796875
5 0.49140625 0.4546875 0.009375 0.01328125
5 0.4828125 0.51875 0.015625 0.02578125
5 0.47109375 0.553125 0.009375 0.0203125
5 0.44765625 0.5484375 0.02421875 0.046875
5 0.4390625 0.60625 0.0125 0.0265625
5 0.45625 0.60078125 0.01640625 0.03125
5 0.496875 0.56796875 0.025 0.0359375
5 0.5265625 0.61875 0.01875 0.02578125
5 0.56796875 0.56953125 0.025 0.02890625
5 0.60234375 0.5125 0.02265625 0.03984375
5 0.56796875 0.63046875 0.01640625 0.02890625
5 0.5421875 0.6828125 0.0171875 0.03515625
5 0.5515625 0.75234375 0.0171875 0.0265625
8 0.6453125 0.5296875 0.01796875 0.065625
5 0.646875 0.5390625 0.01640625 0.0234375
5 0.64765625 0.509375 0.015625 0.0234375
5 0.45 0.76015625 0.02734375 0.03046875
5 0.6390625 0.7140625 0.03046875 0.03828125
5 0.490625 0.26640625 0.0140625 0.01953125