8 0.61015625 0.27109375 0.0359375 0.03203125
5 0.61796875 0.2734375 0.0140625 0.02578125
5 0.58515625 0.2390625 0.01875 0.03359375
8 0.57421875 0.0859375 0.03359375 0.05
5 0.57734375 0.08984375 0.01328125 0.01796875
8 0.51328125 0.21875 0.025 0.07265625
5 0.51171875 0.21875 0.0125 0.0296875
8 0.346875 0.12734375 0.05234375 0.03828125
5 0.346875 0.11875 0.0234375 0.0171875
8 0.390625 0.51328125 0.01875 0.05078125
5 0.39375 0.509375 0.0109375 0.03046875
5 0.5265625 0.36328125 0.0140625 0.02109375
5 0.64609375 0.428125 0.015625 0.02890625
5 0.56953125 0.4515625 0.01484375 0.034375
5 0.50546875 0.41640625 0.01171875 0.0296875
5 0.496875 0.47421875 0.01640625 0.02734375
5 0.4640625 0.5171875 0.021875 0.04140625
5 0.453125 0.56875 0.01328125 0.028125
5 0.47109375 0.56171875 0.0171875 0.03359375
5 0.51171875 0.5265625 0.0265625 0.03828125
5 0.54453125 0.553125 0.01875 0.02578125
5 0.5828125 0.53203125 0.02578125 0.03046875
5 0.6171875 0.471875 0.02421875 0.04140625
5 0.584375 0.596875 0.01640625 0.02890625
5 0.55859375 0.64609375 0.01875 0.03671875
5 0.56484375 0.71875 0.01640625 0.02578125
8 0.6609375 0.4875 0.01875 0.06875
5 0.66328125 0.50078125 0.0171875 0.025
5 0.66171875 0.46953125 0.015625 0.0234375
5 0.4671875 0.725 0.028125 0.03125
5 0.65546875 0.6796875 0.03359375 0.0421875
5 0.48671875 0.515625 0.01328125 0.0265625
5 0.56796875 0.078125 0.01328125 0.01796875
5 0.0484375 0.96640625 0.0140625 0.0265625
5 0.02421875 0.94921875 0.01171875 0.021875
5 0.0140625 0.9453125 0.01171875 0.02734375