8 0.6734375 0.1375 0.03984375 0.03515625
5 0.68046875 0.14375 0.0171875 0.021875
5 0.64453125 0.13046875 0.01875 0.03359375
8 0.58359375 0.08671875 0.025 0.06328125
5 0.590625 0.075 0.0125 0.0296875
8 0.39140625 0.00546875 0.0421875 0.0109375
8 0.4671875 0.3953125 0.01953125 0.053125
5 0.47109375 0.39375 0.01328125 0.0390625
5 0.6015625 0.2125 0.01484375 0.028125
5 0.71875 0.29296875 0.01484375 0.02734375
5 0.640625 0.32109375 0.015625 0.0359375
5 0.5765625 0.28828125 0.0125 0.034375
5 0.54140625 0.425 0.02109375 0.03515625
5 0.5359375 0.38515625 0.02265625 0.04375
5 0.52109375 0.44296875 0.0140625 0.0296875
5 0.55703125 0.39375 0.0171875 0.0328125
5 0.5765625 0.40703125 0.028125 0.03984375
5 0.61484375 0.41953125 0.02265625 0.03125
5 0.65546875 0.4140625 0.01484375 0.01875
5 0.68359375 0.33046875 0.02734375 0.0484375
5 0.63359375 0.5140625 0.01640625 0.02890625
5 0.65390625 0.4609375 0.02265625 0.04453125
5 0.6421875 0.5734375 0.0171875 0.0265625
8 0.73125 0.35078125 0.0234375 0.08359375
5 0.73515625 0.35859375 0.01875 0.02734375
5 0.73203125 0.33046875 0.01953125 0.03046875
5 0.54375 0.59921875 0.02734375 0.03046875
5 0.728125 0.54609375 0.03203125 0.040625
5 0.56484375 0.3421875 0.02109375 0.03046875
5 0.57734375 0.1 0.01328125 0.01875
5 0.084375 0.82421875 0.0125 0.02109375
5 0.09921875 0.828125 0.02109375 0.02578125
5 0.11953125 0.8359375 0.0125 0.02578125
5 0.1296875 0.9 0.0125 0.02421875
5 0.13828125 0.909375 0.01171875 0.0234375
5 0.15078125 0.90625 0.0171875 0.02578125
5 0.14609375 0.9359375 0.0171875 0.03359375