8 0.69921875 0.09609375 0.03984375 0.03515625
5 0.6984375 0.103125 0.01640625 0.02109375
5 0.675 0.0828125 0.0203125 0.03671875
8 0.61171875 0.046875 0.0265625 0.06640625
5 0.6203125 0.0234375 0.01328125 0.0328125
8 0.49609375 0.35859375 0.01953125 0.053125
5 0.5015625 0.35859375 0.01328125 0.0390625
5 0.62734375 0.175 0.01640625 0.03046875
5 0.74609375 0.2515625 0.015625 0.02890625
5 0.66796875 0.278125 0.02421875 0.0359375
5 0.603125 0.234375 0.0125 0.034375
5 0.56796875 0.3828125 0.021875 0.03671875
5 0.5578125 0.3375 0.01875 0.03515625
5 0.54765625 0.403125 0.01328125 0.028125
5 0.57578125 0.365625 0.01640625 0.03125
5 0.59453125 0.35390625 0.01484375 0.0234375
5 0.6390625 0.38046875 0.0234375 0.03359375
5 0.684375 0.35859375 0.0203125 0.03359375
5 0.709375 0.28046875 0.0234375 0.04296875
5 0.66484375 0.4703125 0.01640625 0.02890625
5 0.6828125 0.41953125 0.02109375 0.04296875
5 0.6609375 0.54921875 0.01796875 0.028125
8 0.75859375 0.30390625 0.0234375 0.08359375
5 0.7578125 0.28671875 0.02109375 0.03203125
5 0.57265625 0.559375 0.0296875 0.03359375
5 0.7609375 0.503125 0.01953125 0.03828125
5 0.59296875 0.29375 0.01953125 0.02890625
5 0.61015625 0.04375 0.0140625 0.01953125
5 0.11484375 0.790625 0.0125 0.021875
5 0.12578125 0.790625 0.021875 0.0265625
5 0.14609375 0.79453125 0.0140625 0.028125
5 0.1546875 0.86328125 0.0125 0.02578125
5 0.16875 0.8671875 0.01171875 0.0234375
5 0.1828125 0.86328125 0.0171875 0.02578125
5 0.17265625 0.89375 0.01796875 0.03515625
5 0.75390625 0.31875 0.0125 0.0265625
5 0.76875 0.3109375 0.0125 0.01953125