8 0.69296875 0.10625 0.03984375 0.03515625
5 0.6921875 0.11875 0.01640625 0.02109375
5 0.66796875 0.09140625 0.01953125 0.03515625
8 0.60390625 0.05859375 0.0265625 0.06640625
5 0.59453125 0.071875 0.01328125 0.03125
8 0.48828125 0.36796875 0.01953125 0.053125
5 0.49296875 0.36796875 0.01328125 0.03671875
5 0.6203125 0.18046875 0.015625 0.02890625
5 0.740625 0.26171875 0.015625 0.02890625
5 0.6609375 0.29140625 0.02421875 0.0359375
5 0.59453125 0.24375 0.0125 0.034375
5 0.56171875 0.39375 0.02109375 0.03515625
5 0.55234375 0.346875 0.01796875 0.03359375
5 0.540625 0.41171875 0.01328125 0.028125
5 0.5765625 0.3546875 0.0171875 0.0328125
5 0.5890625 0.3671875 0.01484375 0.0234375
5 0.63359375 0.38984375 0.025 0.034375
5 0.67734375 0.36640625 0.0203125 0.03359375
5 0.70390625 0.2921875 0.0234375 0.04296875
5 0.65703125 0.47734375 0.01640625 0.02890625
5 0.6765625 0.43046875 0.02109375 0.04296875
5 0.65390625 0.56171875 0.0171875 0.0265625
8 0.75078125 0.315625 0.0234375 0.08359375
5 0.7515625 0.29765625 0.02109375 0.03203125
5 0.56484375 0.56796875 0.028125 0.03125
5 0.753125 0.5125 0.01953125 0.03828125
5 0.5875 0.3015625 0.02109375 0.03046875
5 0.60546875 0.0546875 0.0140625 0.01953125
5 0.10625 0.80234375 0.0125 0.021875
5 0.11796875 0.79921875 0.021875 0.0265625
5 0.13984375 0.80234375 0.01328125 0.0265625
5 0.1453125 0.871875 0.0125 0.02421875
5 0.1625 0.87578125 0.01171875 0.0234375
5 0.1765625 0.871875 0.0171875 0.02578125
5 0.16484375 0.90390625 0.01796875 0.03515625
5 0.7546875 0.3265625 0.0109375 0.021875