8 0.64453125 0.19453125 0.0375 0.03359375
5 0.6515625 0.1953125 0.015625 0.02890625
5 0.6140625 0.1796875 0.01796875 0.03203125
8 0.6125 0.01875 0.03515625 0.03671875
5 0.6234375 0.0078125 0.0125 0.015625
8 0.54921875 0.14765625 0.025 0.06328125
5 0.55546875 0.1359375 0.01171875 0.028125
8 0.36875 0.05234375 0.04765625 0.034375
5 0.371875 0.04453125 0.02421875 0.01796875
8 0.43203125 0.44453125 0.01953125 0.053125
5 0.4359375 0.44296875 0.01171875 0.03359375
5 0.5671875 0.271875 0.0203125 0.0390625
5 0.68515625 0.3484375 0.015625 0.02890625
5 0.60703125 0.3765625 0.01484375 0.034375
5 0.5421875 0.3359375 0.01328125 0.03671875
5 0.50625 0.4765625 0.01796875 0.03046875
5 0.5015625 0.440625 0.02265625 0.04375
5 0.48828125 0.496875 0.0140625 0.0296875
5 0.50703125 0.48203125 0.015625 0.03046875
5 0.5453125 0.4578125 0.0265625 0.03828125
5 0.58203125 0.478125 0.02109375 0.03046875
5 0.62265625 0.45703125 0.01484375 0.01875
5 0.653125 0.390625 0.02421875 0.04140625
5 0.6234375 0.52109375 0.0171875 0.03046875
5 0.59921875 0.5703125 0.02109375 0.04296875
5 0.6078125 0.62890625 0.015625 0.02421875
8 0.69921875 0.409375 0.021875 0.0796875
5 0.7015625 0.41953125 0.01875 0.02734375
5 0.69921875 0.38828125 0.0171875 0.0265625
5 0.50859375 0.6515625 0.028125 0.03125
5 0.69453125 0.6015625 0.03359375 0.0421875
5 0.53203125 0.4015625 0.021875 0.03203125
5 0.60703125 0.009375 0.0109375 0.01875
5 0.5453125 0.15390625 0.01328125 0.01875
5 0.05390625 0.8734375 0.0125 0.02109375
5 0.0640625 0.88125 0.01328125 0.0203125
5 0.0859375 0.8890625 0.0125 0.01875
5 0.11640625 0.9625 0.015625 0.02109375
5 0.0953125 0.96015625 0.0125 0.01875
5 0.1046875 0.97109375 0.0109375 0.0203125
5 0.11171875 0.9890625 0.0203125 0.02109375