8 0.68359375 0.121875 0.03984375 0.03515625
5 0.690625 0.12890625 0.0171875 0.021875
5 0.6578125 0.10625 0.01953125 0.03515625
8 0.59375 0.07421875 0.025 0.06328125
5 0.596875 0.06875 0.0125 0.0296875
8 0.47734375 0.38046875 0.01953125 0.053125
5 0.4828125 0.38125 0.01328125 0.03671875
5 0.61171875 0.196875 0.01484375 0.028125
5 0.73046875 0.28046875 0.015625 0.02890625
5 0.64765625 0.303125 0.02421875 0.0359375
5 0.584375 0.25859375 0.0125 0.0328125
5 0.5515625 0.409375 0.02109375 0.03515625
5 0.5375 0.3609375 0.0171875 0.03203125
5 0.53046875 0.4265625 0.01328125 0.028125
5 0.56875 0.365625 0.0171875 0.0328125
5 0.5859375 0.375 0.015625 0.02421875
5 0.6234375 0.40546875 0.0234375 0.03359375
5 0.6609375 0.41796875 0.0140625 0.01796875
5 0.69609375 0.30859375 0.02265625 0.040625
5 0.64921875 0.49296875 0.01640625 0.02890625
5 0.66484375 0.44453125 0.02265625 0.04453125
5 0.65390625 0.559375 0.0171875 0.0265625
8 0.7421875 0.328125 0.0234375 0.08359375
5 0.74140625 0.3140625 0.02109375 0.03203125
5 0.5546875 0.58359375 0.02734375 0.03046875
5 0.74375 0.53125 0.01953125 0.03828125
5 0.57578125 0.31875 0.01953125 0.02890625
5 0.58671875 0.084375 0.01328125 0.01875
5 0.09609375 0.81171875 0.0125 0.021875
5 0.10703125 0.8140625 0.021875 0.0265625
5 0.12734375 0.8234375 0.0125 0.02578125
5 0.1375 0.89296875 0.0125 0.02421875
5 0.15 0.89609375 0.01171875 0.0234375
5 0.165625 0.8875 0.0171875 0.02578125
5 0.15625 0.91875 0.0171875 0.03359375
5 0.74765625 0.34140625 0.0109375 0.021875