8 0.63828125 0.20546875 0.0375 0.03359375
5 0.646875 0.20703125 0.015625 0.02890625
5 0.6109375 0.18359375 0.01796875 0.03203125
8 0.60625 0.02578125 0.03515625 0.0515625
5 0.61640625 0.01796875 0.0125 0.01640625
8 0.54296875 0.159375 0.025 0.06328125
5 0.5484375 0.14765625 0.0109375 0.0265625
8 0.36484375 0.06328125 0.04765625 0.034375
5 0.3671875 0.05546875 0.0234375 0.0171875
8 0.42578125 0.45546875 0.01953125 0.053125
5 0.42890625 0.4515625 0.0109375 0.03203125
5 0.5609375 0.28515625 0.0203125 0.0390625
5 0.6796875 0.36015625 0.015625 0.02890625
5 0.59921875 0.3890625 0.01484375 0.034375
5 0.5375 0.346875 0.0125 0.034375
5 0.51796875 0.45546875 0.01796875 0.03046875
5 0.49453125 0.45234375 0.02265625 0.04375
5 0.48359375 0.5078125 0.0140625 0.0296875
5 0.4984375 0.4984375 0.015625 0.03046875
5 0.53984375 0.46796875 0.0265625 0.03828125
5 0.57578125 0.48828125 0.02109375 0.03046875
5 0.6171875 0.4671875 0.01484375 0.01875
5 0.646875 0.4015625 0.02421875 0.04140625
5 0.61640625 0.5328125 0.01640625 0.02890625
5 0.5921875 0.58203125 0.02109375 0.04296875
5 0.60078125 0.63984375 0.015625 0.02421875
8 0.69296875 0.42109375 0.021875 0.0796875
5 0.6953125 0.43125 0.01796875 0.02578125
5 0.6921875 0.39921875 0.0171875 0.0265625
5 0.50234375 0.6609375 0.028125 0.03125
5 0.68828125 0.61328125 0.03359375 0.0421875
5 0.52578125 0.4125 0.02109375 0.03046875
5 0.5984375 0.0140625 0.01015625 0.01953125
5 0.53828125 0.1546875 0.01328125 0.01875
5 0.04609375 0.884375 0.0109375 0.01953125
5 0.05859375 0.890625 0.01484375 0.01953125
5 0.08125 0.9 0.0109375 0.02421875
5 0.11015625 0.971875 0.0125 0.02265625
5 0.08671875 0.97109375 0.015625 0.01953125
5 0.096875 0.9828125 0.0125 0.01875