8 0.70625 0.0859375 0.0375 0.03359375
5 0.71328125 0.09140625 0.01640625 0.02109375
5 0.6828125 0.07578125 0.0203125 0.03671875
8 0.62109375 0.03359375 0.0265625 0.06640625
5 0.625 0.015625 0.01328125 0.03125
8 0.50703125 0.35078125 0.01953125 0.053125
5 0.51171875 0.35078125 0.01328125 0.0390625
5 0.63671875 0.15546875 0.0171875 0.03203125
5 0.75546875 0.2359375 0.01640625 0.03046875
5 0.67578125 0.26953125 0.02265625 0.034375
5 0.61171875 0.22109375 0.0125 0.034375
5 0.59609375 0.3359375 0.0140625 0.0390625
5 0.5671875 0.3234375 0.01953125 0.03671875
5 0.5546875 0.39140625 0.01328125 0.028125
5 0.5765625 0.36875 0.01640625 0.03125
5 0.60859375 0.33359375 0.01171875 0.034375
5 0.64765625 0.3640625 0.025 0.034375
5 0.69296875 0.34375 0.021875 0.0359375
5 0.71640625 0.265625 0.0234375 0.04296875
5 0.67421875 0.45703125 0.01796875 0.03203125
5 0.69140625 0.40703125 0.0203125 0.040625
5 0.678125 0.52578125 0.01796875 0.028125
8 0.76875 0.28671875 0.02421875 0.08828125
5 0.7671875 0.271875 0.02109375 0.03203125
5 0.58203125 0.54609375 0.0296875 0.03359375
5 0.77109375 0.49296875 0.01796875 0.03671875
5 0.60234375 0.275 0.02109375 0.03046875
5 0.61953125 0.03203125 0.01328125 0.01875
5 0.1234375 0.784375 0.0125 0.021875
5 0.13671875 0.78125 0.021875 0.0265625
5 0.15390625 0.78359375 0.0140625 0.028125
5 0.1625 0.853125 0.0125 0.02578125
5 0.1765625 0.85546875 0.01171875 0.02421875
5 0.190625 0.85 0.0171875 0.02578125
5 0.18203125 0.8796875 0.01796875 0.03515625
5 0.7625 0.30625 0.0125 0.0265625
5 0.77734375 0.29453125 0.0125 0.01953125
5 0.6171875 0.040625 0.01328125 0.021875