8 0.70546875 0.08203125 0.0375 0.03359375
5 0.7125 0.08828125 0.01640625 0.02109375
5 0.68515625 0.07421875 0.0203125 0.03671875
8 0.62109375 0.03203125 0.025 0.06328125
8 0.51015625 0.3515625 0.01953125 0.053125
5 0.515625 0.35078125 0.01328125 0.0390625
5 0.6375 0.14921875 0.01875 0.03359375
5 0.75546875 0.2359375 0.0171875 0.03125
5 0.6765625 0.26640625 0.02265625 0.034375
5 0.6109375 0.215625 0.01171875 0.03125
5 0.596875 0.33359375 0.0140625 0.0390625
5 0.5671875 0.32265625 0.02109375 0.0390625
5 0.55546875 0.38671875 0.01328125 0.028125
5 0.575 0.36484375 0.01640625 0.03125
5 0.60859375 0.3296875 0.0125 0.0359375
5 0.646875 0.359375 0.025 0.034375
5 0.69609375 0.3421875 0.021875 0.0359375
5 0.715625 0.25703125 0.025 0.04453125
5 0.6765625 0.4515625 0.01796875 0.03203125
5 0.69296875 0.40546875 0.01953125 0.03828125
5 0.67890625 0.52265625 0.01796875 0.028125
8 0.76875 0.28046875 0.021875 0.0796875
5 0.76796875 0.2671875 0.02109375 0.03203125
5 0.58359375 0.54375 0.028125 0.03125
5 0.7734375 0.49296875 0.01796875 0.03671875
5 0.6015625 0.26640625 0.02109375 0.03046875
5 0.62421875 0.021875 0.01484375 0.01875
5 0.125 0.7859375 0.0125 0.021875
5 0.1359375 0.78125 0.021875 0.0265625
5 0.15546875 0.78046875 0.0140625 0.028125
5 0.1625 0.8515625 0.0125 0.02578125
5 0.17734375 0.85234375 0.01171875 0.02421875
5 0.1921875 0.846875 0.0171875 0.02578125
5 0.1828125 0.875 0.01796875 0.03515625
5 0.76328125 0.3015625 0.0125 0.0265625
5 0.7796875 0.28671875 0.0125 0.01953125
5 0.61796875 0.0375 0.0140625 0.02109375