8 0.70390625 0.08203125 0.0375 0.03359375
5 0.71015625 0.0875 0.01640625 0.02109375
5 0.684375 0.07109375 0.0203125 0.03671875
8 0.6203125 0.03203125 0.025 0.06328125
8 0.51015625 0.3515625 0.02421875 0.059375
5 0.51171875 0.35625 0.0203125 0.03125
5 0.6375 0.14609375 0.01875 0.03359375
5 0.75625 0.23203125 0.0171875 0.03125
5 0.6765625 0.2640625 0.02265625 0.034375
5 0.61171875 0.21328125 0.01171875 0.03125
5 0.596875 0.33046875 0.01328125 0.03671875
5 0.5671875 0.31875 0.02109375 0.0390625
5 0.553125 0.3890625 0.01328125 0.028125
5 0.5734375 0.36015625 0.0171875 0.0328125
5 0.60859375 0.33359375 0.0125 0.0359375
5 0.64609375 0.35859375 0.02578125 0.03671875
5 0.6953125 0.340625 0.021875 0.0359375
5 0.7109375 0.253125 0.025 0.04453125
5 0.67734375 0.45234375 0.01796875 0.03203125
5 0.69375 0.40859375 0.0171875 0.03515625
5 0.67890625 0.5234375 0.01796875 0.028125
8 0.76953125 0.2796875 0.021875 0.0796875
5 0.7671875 0.265625 0.02109375 0.03203125
5 0.584375 0.54375 0.0296875 0.03359375
5 0.77265625 0.49609375 0.01953125 0.03828125
5 0.60078125 0.2625 0.02109375 0.03046875
5 0.625 0.021875 0.01484375 0.01875
5 0.12578125 0.78828125 0.0125 0.021875
5 0.13671875 0.784375 0.02109375 0.02578125
5 0.1546875 0.78046875 0.0140625 0.028125
5 0.16171875 0.8546875 0.0125 0.02578125
5 0.17734375 0.85234375 0.01171875 0.02421875
5 0.19296875 0.846875 0.01640625 0.02421875
5 0.18203125 0.8734375 0.01796875 0.03515625
5 0.76328125 0.2984375 0.0140625 0.0296875
5 0.78046875 0.28515625 0.0125 0.01953125
5 0.6171875 0.03203125 0.0125 0.02265625