8 0.70625 0.0828125 0.0375 0.03359375
5 0.71328125 0.08984375 0.01640625 0.02109375
5 0.68359375 0.075 0.0203125 0.03671875
8 0.6203125 0.03125 0.025 0.0625
8 0.50859375 0.35078125 0.01953125 0.053125
5 0.5140625 0.35078125 0.01328125 0.0390625
5 0.6375 0.153125 0.01875 0.03359375
5 0.75546875 0.234375 0.0171875 0.03125
5 0.6765625 0.26875 0.02265625 0.034375
5 0.61171875 0.21796875 0.0125 0.0328125
5 0.59609375 0.33359375 0.0140625 0.0390625
5 0.5671875 0.32421875 0.01953125 0.03671875
5 0.55390625 0.39140625 0.01328125 0.028125
5 0.57578125 0.3640625 0.01640625 0.03125
5 0.60859375 0.3296875 0.0125 0.0359375
5 0.6484375 0.36171875 0.025 0.034375
5 0.69375 0.34296875 0.021875 0.0359375
5 0.71640625 0.26171875 0.025 0.04453125
5 0.67578125 0.45390625 0.01796875 0.03203125
5 0.6921875 0.40703125 0.01953125 0.03828125
5 0.67890625 0.5234375 0.01796875 0.028125
8 0.76875 0.284375 0.0234375 0.08359375
5 0.76796875 0.26875 0.02109375 0.03203125
5 0.5828125 0.54453125 0.0296875 0.03359375
5 0.771875 0.4921875 0.01796875 0.03671875
5 0.60234375 0.27265625 0.01953125 0.02890625
5 0.62421875 0.02421875 0.01484375 0.01875
5 0.12421875 0.78515625 0.0125 0.021875
5 0.1359375 0.78125 0.021875 0.0265625
5 0.15546875 0.78203125 0.0140625 0.028125
5 0.1625 0.8515625 0.0125 0.02578125
5 0.17734375 0.853125 0.01171875 0.02421875
5 0.1921875 0.8484375 0.0171875 0.02578125
5 0.18203125 0.8765625 0.01796875 0.03515625
5 0.76328125 0.3046875 0.0125 0.0265625
5 0.77890625 0.28984375 0.0125 0.01953125
5 0.61875 0.03828125 0.009375 0.01875