8 0.70234375 0.08203125 0.0375 0.03359375
5 0.7078125 0.0875 0.01640625 0.02109375
5 0.68359375 0.07421875 0.01953125 0.03515625
8 0.6203125 0.03359375 0.0265625 0.06640625
8 0.51328125 0.3546875 0.025 0.0625
5 0.6375 0.14609375 0.01875 0.03359375
5 0.7546875 0.2328125 0.0171875 0.03125
5 0.6765625 0.26796875 0.02265625 0.034375
5 0.61015625 0.21328125 0.0109375 0.03046875
5 0.59453125 0.33359375 0.0140625 0.0390625
5 0.565625 0.31640625 0.02109375 0.0390625
5 0.553125 0.39140625 0.0140625 0.0296875
5 0.571875 0.36015625 0.0171875 0.0328125
5 0.60859375 0.33203125 0.01171875 0.034375
5 0.64609375 0.359375 0.02578125 0.03671875
5 0.69296875 0.34296875 0.021875 0.0359375
5 0.7078125 0.25 0.025 0.04453125
5 0.67734375 0.45625 0.0171875 0.03046875
5 0.69375 0.4109375 0.01875 0.03671875
5 0.6796875 0.52109375 0.01875 0.02890625
8 0.76953125 0.278125 0.0203125 0.071875
5 0.76640625 0.265625 0.02109375 0.03203125
5 0.58359375 0.54453125 0.0296875 0.03359375
5 0.771875 0.503125 0.01953125 0.03828125
5 0.6 0.259375 0.021875 0.03203125
5 0.62421875 0.02265625 0.01484375 0.01875
5 0.1265625 0.79375 0.0125 0.02109375
5 0.1390625 0.78671875 0.02109375 0.02578125
5 0.1546875 0.78125 0.01328125 0.0265625
5 0.16171875 0.85546875 0.0125 0.02578125
5 0.17578125 0.85390625 0.0125 0.02578125
5 0.19140625 0.846875 0.01640625 0.02421875
5 0.18203125 0.87578125 0.01796875 0.03515625
5 0.7625 0.29609375 0.01484375 0.03125
5 0.7796875 0.28203125 0.0125 0.01953125
5 0.5140625 0.36328125 0.0125 0.01796875
5 0.6140625 0.0328125 0.0125 0.01640625