8 0.69140625 0.08984375 0.0375 0.03359375
5 0.69765625 0.0984375 0.01640625 0.02109375
5 0.671875 0.084375 0.0171875 0.03046875
8 0.61875 0.03125 0.025 0.0625
8 0.5140625 0.3484375 0.025 0.0625
5 0.63359375 0.14140625 0.01875 0.03359375
5 0.75078125 0.2328125 0.0140625 0.02890625
5 0.6734375 0.27109375 0.02421875 0.0359375
5 0.60625 0.20546875 0.0125 0.034375
5 0.58984375 0.33125 0.01171875 0.03046875
5 0.56328125 0.31875 0.01640625 0.03046875
5 0.5453125 0.396875 0.0140625 0.0296875
5 0.5609375 0.35625 0.0203125 0.03828125
5 0.59296875 0.3375 0.0109375 0.0265625
5 0.640625 0.36171875 0.02734375 0.03828125
5 0.68984375 0.3453125 0.02265625 0.03671875
5 0.70078125 0.22890625 0.025 0.04453125
5 0.67578125 0.459375 0.01640625 0.02890625
5 0.6953125 0.4078125 0.01875 0.03671875
5 0.678125 0.528125 0.01953125 0.03046875
8 0.76640625 0.27421875 0.03203125 0.06875
5 0.76328125 0.2640625 0.021875 0.03359375
5 0.58359375 0.5546875 0.02734375 0.03046875
5 0.7625 0.5140625 0.01953125 0.03828125
5 0.59453125 0.24609375 0.02421875 0.0359375
5 0.62265625 0.0234375 0.015625 0.01953125
5 0.12734375 0.81171875 0.0125 0.02109375
5 0.140625 0.80390625 0.01875 0.0234375
5 0.15078125 0.7796875 0.01328125 0.0265625
5 0.15703125 0.85625 0.0125 0.02578125
5 0.17265625 0.8609375 0.0125 0.02109375
5 0.18515625 0.85234375 0.01640625 0.02421875
5 0.17734375 0.878125 0.0171875 0.03359375
5 0.76328125 0.284375 0.01484375 0.03046875
5 0.77734375 0.27265625 0.01328125 0.0203125
5 0.5140625 0.365625 0.0125 0.021875