8 0.69453125 0.0890625 0.03984375 0.03515625
5 0.7015625 0.09609375 0.0171875 0.021875
5 0.6765625 0.084375 0.0171875 0.03046875
8 0.6203125 0.03125 0.025 0.0625
8 0.5171875 0.35 0.02421875 0.059375
5 0.63671875 0.14453125 0.01953125 0.0359375
5 0.753125 0.23359375 0.0140625 0.02890625
5 0.6765625 0.27265625 0.02265625 0.034375
5 0.60859375 0.20859375 0.0125 0.0328125
5 0.59296875 0.33359375 0.01171875 0.03046875
5 0.565625 0.31875 0.0171875 0.03203125
5 0.54921875 0.39453125 0.0140625 0.0296875
5 0.565625 0.359375 0.0203125 0.03828125
5 0.6 0.33046875 0.0109375 0.0265625
5 0.64453125 0.36171875 0.02734375 0.03828125
5 0.69140625 0.34296875 0.021875 0.0359375
5 0.703125 0.23203125 0.0234375 0.04296875
5 0.678125 0.45859375 0.01640625 0.02890625
5 0.69765625 0.40546875 0.01875 0.03671875
5 0.68125 0.52578125 0.01953125 0.03046875
8 0.7703125 0.27578125 0.03203125 0.06875
5 0.76640625 0.2625 0.02109375 0.03203125
5 0.5859375 0.553125 0.02734375 0.03046875
5 0.765625 0.5109375 0.0203125 0.040625
5 0.596875 0.2484375 0.02421875 0.0359375
5 0.625 0.0234375 0.015625 0.01953125
5 0.128125 0.8078125 0.0125 0.02109375
5 0.1421875 0.8015625 0.01875 0.0234375
5 0.15390625 0.7796875 0.01328125 0.0265625
5 0.15859375 0.85625 0.0125 0.02578125
5 0.17578125 0.8609375 0.0125 0.02109375
5 0.18828125 0.85234375 0.01640625 0.02421875
5 0.1796875 0.8796875 0.0171875 0.03359375
5 0.76484375 0.2859375 0.01328125 0.02578125
5 0.78046875 0.27421875 0.01328125 0.0203125
5 0.51484375 0.36328125 0.0125 0.021875