8 0.69921875 0.084375 0.03984375 0.03515625
5 0.70390625 0.090625 0.015625 0.01953125
5 0.68203125 0.078125 0.01875 0.03359375
8 0.6203125 0.03359375 0.0265625 0.06640625
8 0.51484375 0.35078125 0.025 0.0625
5 0.6359375 0.14453125 0.01875 0.03359375
5 0.753125 0.2328125 0.0140625 0.02890625
5 0.6765625 0.27109375 0.02265625 0.034375
5 0.6109375 0.209375 0.01171875 0.03125
5 0.59140625 0.33203125 0.0125 0.03125
5 0.56484375 0.31640625 0.01875 0.03515625
5 0.55078125 0.39375 0.0140625 0.0296875
5 0.56953125 0.3609375 0.01796875 0.034375
5 0.60390625 0.334375 0.0109375 0.0265625
5 0.64609375 0.36015625 0.02734375 0.03828125
5 0.69140625 0.340625 0.021875 0.0359375
5 0.70546875 0.24453125 0.025 0.04453125
5 0.678125 0.4578125 0.0171875 0.03046875
5 0.69296875 0.41171875 0.0171875 0.03515625
5 0.68046875 0.52265625 0.01875 0.02890625
8 0.7703125 0.278125 0.03203125 0.06875
5 0.76640625 0.26328125 0.02109375 0.03203125
5 0.58515625 0.55078125 0.028125 0.03125
5 0.7703125 0.50703125 0.01953125 0.03828125
5 0.5984375 0.2515625 0.021875 0.03203125
5 0.62421875 0.0234375 0.01484375 0.01875
5 0.12578125 0.8 0.0125 0.02109375
5 0.14140625 0.79296875 0.01875 0.0234375
5 0.15390625 0.78046875 0.01328125 0.0265625
5 0.159375 0.8578125 0.0125 0.02578125
5 0.1765625 0.859375 0.0125 0.02109375
5 0.18828125 0.85 0.01640625 0.02421875
5 0.18046875 0.87734375 0.01796875 0.03515625
5 0.76171875 0.29296875 0.01640625 0.034375
5 0.78046875 0.27890625 0.0125 0.01953125
5 0.51171875 0.36328125 0.01328125 0.01875
5 0.615625 0.03828125 0.0140625 0.0203125