8 0.6953125 0.0890625 0.03984375 0.03515625
5 0.7015625 0.09453125 0.0171875 0.021875
5 0.678125 0.08203125 0.01796875 0.03203125
8 0.61875 0.03125 0.025 0.0625
8 0.5171875 0.34921875 0.02421875 0.059375
5 0.6359375 0.14453125 0.01875 0.03359375
5 0.753125 0.2328125 0.0140625 0.02890625
5 0.67734375 0.27265625 0.021875 0.0328125
5 0.609375 0.20703125 0.0125 0.0328125
5 0.59296875 0.3328125 0.01171875 0.03046875
5 0.5640625 0.31796875 0.01796875 0.03359375
5 0.54921875 0.39453125 0.0140625 0.0296875
5 0.56640625 0.35859375 0.0203125 0.03828125
5 0.59921875 0.3328125 0.0109375 0.0265625
5 0.6453125 0.36015625 0.02734375 0.03828125
5 0.69140625 0.34140625 0.021875 0.0359375
5 0.703125 0.23671875 0.0234375 0.04296875
5 0.678125 0.459375 0.015625 0.028125
5 0.696875 0.4109375 0.01875 0.03671875
5 0.6796875 0.5234375 0.01953125 0.03046875
8 0.76953125 0.27578125 0.03203125 0.06875
5 0.76640625 0.26328125 0.02109375 0.03203125
5 0.58515625 0.55078125 0.028125 0.03125
5 0.7671875 0.51171875 0.01953125 0.03828125
5 0.59765625 0.24921875 0.02265625 0.03359375
5 0.62421875 0.0234375 0.015625 0.01953125
5 0.1265625 0.80703125 0.0125 0.02109375
5 0.1421875 0.7984375 0.01875 0.0234375
5 0.15390625 0.77890625 0.01328125 0.0265625
5 0.1578125 0.85625 0.0125 0.02578125
5 0.17578125 0.8609375 0.0125 0.02109375
5 0.18828125 0.85078125 0.01640625 0.02421875
5 0.1796875 0.878125 0.01796875 0.03515625
5 0.7625 0.2921875 0.01640625 0.034375
5 0.78046875 0.2765625 0.01328125 0.0203125
5 0.5125 0.3609375 0.0125 0.021875
5 0.6140625 0.0359375 0.0125 0.01640625