8 0.69609375 0.08828125 0.03984375 0.03515625
5 0.70234375 0.09375 0.01640625 0.02109375
5 0.67890625 0.08203125 0.01796875 0.03203125
8 0.62109375 0.03203125 0.025 0.06328125
8 0.5171875 0.34921875 0.02421875 0.059375
5 0.6359375 0.14609375 0.01875 0.03359375
5 0.753125 0.2328125 0.01328125 0.02734375
5 0.678125 0.27109375 0.021875 0.0328125
5 0.61015625 0.20703125 0.01171875 0.03125
5 0.5921875 0.3296875 0.01171875 0.03046875
5 0.56328125 0.3171875 0.01796875 0.03359375
5 0.55 0.39453125 0.0140625 0.0296875
5 0.56640625 0.36015625 0.01953125 0.0359375
5 0.60390625 0.33671875 0.0109375 0.0265625
5 0.64609375 0.36015625 0.02734375 0.03828125
5 0.6921875 0.34140625 0.0203125 0.03359375
5 0.70390625 0.23984375 0.0234375 0.04296875
5 0.678125 0.45859375 0.01640625 0.02890625
5 0.6953125 0.4109375 0.01875 0.03671875
5 0.68046875 0.525 0.01953125 0.03046875
8 0.7703125 0.278125 0.03203125 0.06875
5 0.76640625 0.26328125 0.02109375 0.03203125
5 0.584375 0.553125 0.028125 0.03125
5 0.76796875 0.51171875 0.01953125 0.03828125
5 0.5984375 0.25234375 0.02265625 0.03359375
5 0.62421875 0.02265625 0.015625 0.01953125
5 0.1265625 0.8046875 0.0125 0.02109375
5 0.14140625 0.79609375 0.01875 0.0234375
5 0.15390625 0.77890625 0.01328125 0.0265625
5 0.1578125 0.85703125 0.0125 0.02578125
5 0.1765625 0.859375 0.0125 0.02109375
5 0.18828125 0.8515625 0.01640625 0.02421875
5 0.1796875 0.878125 0.01796875 0.03515625
5 0.7625 0.29375 0.01640625 0.034375
5 0.78046875 0.27734375 0.01328125 0.0203125
5 0.51328125 0.3609375 0.01484375 0.01875
5 0.61640625 0.034375 0.01171875 0.01796875