8 0.61953125 0.140625 0.04140625 0.03671875
5 0.621875 0.1484375 0.0203125 0.02578125
5 0.60234375 0.13203125 0.02734375 0.03359375
8 0.5546875 0.07578125 0.03203125 0.0484375
8 0.446875 0.39296875 0.025 0.05078125
5 0.5703125 0.18671875 0.01953125 0.0359375
5 0.6890625 0.2703125 0.01328125 0.02578125
5 0.60546875 0.32578125 0.025 0.03828125
5 0.54140625 0.24296875 0.01171875 0.03125
5 0.5375 0.4046875 0.0125 0.03125
5 0.49140625 0.403125 0.0171875 0.03203125
5 0.47734375 0.440625 0.015625 0.0328125
5 0.50078125 0.3640625 0.021875 0.04140625
5 0.5421875 0.37421875 0.01015625 0.02578125
5 0.56953125 0.40546875 0.02421875 0.03046875
5 0.63046875 0.3953125 0.021875 0.0359375
5 0.63046875 0.25625 0.02890625 0.0515625
5 0.61328125 0.490625 0.0171875 0.03046875
5 0.63125 0.45546875 0.01796875 0.03671875
5 0.615625 0.58125 0.01953125 0.03046875
8 0.7 0.31875 0.03828125 0.0484375
5 0.696875 0.31484375 0.0140625 0.02890625
5 0.5203125 0.60546875 0.028125 0.03125
5 0.6890625 0.5609375 0.01953125 0.03203125
5 0.5265625 0.27734375 0.02421875 0.0359375
5 0.55703125 0.06796875 0.01796875 0.02265625
5 0.0640625 0.871875 0.01328125 0.0296875
5 0.07890625 0.86015625 0.01953125 0.025
5 0.08359375 0.828125 0.01484375 0.0296875
5 0.0953125 0.909375 0.01484375 0.0265625
5 0.11328125 0.89921875 0.015625 0.02109375
5 0.11484375 0.903125 0.0171875 0.02578125
5 0.11171875 0.92421875 0.01796875 0.02421875
5 0.71171875 0.31796875 0.0125 0.01953125
5 0.44921875 0.415625 0.01328125 0.0234375
8 0.3015625 0.00703125 0.04140625 0.01328125