8 0.58125 0.2109375 0.04140625 0.03671875
5 0.58828125 0.22109375 0.01328125 0.01875
5 0.55390625 0.196875 0.03203125 0.0390625
8 0.5171875 0.14921875 0.03203125 0.0484375
8 0.4078125 0.46171875 0.02734375 0.04765625
5 0.5296875 0.25625 0.0109375 0.0375
5 0.64375 0.35234375 0.01796875 0.03203125
5 0.56640625 0.40390625 0.025 0.03828125
5 0.50234375 0.31328125 0.01015625 0.02734375
5 0.49765625 0.4828125 0.01796875 0.040625
5 0.4375 0.525 0.01875 0.03515625
5 0.4515625 0.47265625 0.015625 0.0328125
5 0.45703125 0.43125 0.01484375 0.03515625
5 0.4828125 0.45078125 0.01015625 0.02578125
5 0.5296875 0.48046875 0.02578125 0.03203125
5 0.5921875 0.46875 0.02265625 0.03671875
5 0.590625 0.31953125 0.02421875 0.0484375
5 0.571875 0.571875 0.0140625 0.02421875
5 0.5921875 0.528125 0.01953125 0.03515625
5 0.5796875 0.65546875 0.02109375 0.053125
8 0.6609375 0.39453125 0.03984375 0.05078125
5 0.67109375 0.38671875 0.0140625 0.02890625
5 0.48046875 0.6796875 0.02265625 0.03046875
5 0.64921875 0.63671875 0.021875 0.0359375
5 0.4859375 0.3390625 0.02109375 0.0328125
5 0.52421875 0.14375 0.01796875 0.02265625
5 0.0453125 0.940625 0.01640625 0.03203125
5 0.04765625 0.890625 0.0203125 0.0265625
5 0.028125 0.946875 0.0171875 0.034375
5 0.05859375 0.98828125 0.015625 0.0234375
5 0.07421875 0.98984375 0.015625 0.0203125
5 0.0796875 0.96640625 0.01328125 0.02109375
5 0.66171875 0.396875 0.01171875 0.01796875
5 0.40859375 0.48828125 0.01328125 0.0234375
8 0.2625 0.07109375 0.05078125 0.0375
5 0.51015625 0.153125 0.01328125 0.02109375
5 0.26640625 0.06640625 0.015625 0.028125
8 0.59296875 0.02578125 0.04296875 0.02890625
5 0.59921875 0.02109375 0.009375 0.0140625