8 0.66484375 0.10546875 0.04140625 0.03671875
5 0.67109375 0.11171875 0.0171875 0.021875
5 0.6453125 0.09921875 0.0265625 0.03203125
8 0.596875 0.03828125 0.0265625 0.06640625
8 0.4890625 0.35859375 0.025 0.05078125
5 0.61015625 0.153125 0.01875 0.03359375
5 0.72578125 0.2453125 0.0140625 0.02890625
5 0.64765625 0.28828125 0.02265625 0.034375
5 0.5828125 0.2140625 0.0125 0.034375
5 0.56171875 0.34453125 0.01171875 0.02890625
5 0.53828125 0.33125 0.01640625 0.03046875
5 0.5203125 0.40625 0.0140625 0.0296875
5 0.53984375 0.365625 0.02265625 0.0421875
5 0.575 0.35859375 0.01015625 0.02578125
5 0.61328125 0.37109375 0.02734375 0.03828125
5 0.66875 0.3625 0.0203125 0.03359375
5 0.675 0.234375 0.0265625 0.046875
5 0.65234375 0.46953125 0.01796875 0.03203125
5 0.671875 0.42421875 0.01875 0.03671875
5 0.65625 0.54296875 0.01953125 0.03046875
8 0.7421875 0.28359375 0.03203125 0.05390625
5 0.740625 0.27578125 0.02109375 0.03203125
5 0.5609375 0.57109375 0.028125 0.03125
5 0.73671875 0.5265625 0.01953125 0.03828125
5 0.56875 0.253125 0.02421875 0.0359375
5 0.5984375 0.034375 0.015625 0.01953125
5 0.10390625 0.83203125 0.0125 0.021875
5 0.1203125 0.82109375 0.01875 0.0234375
5 0.1265625 0.79375 0.01484375 0.0296875
5 0.13515625 0.871875 0.01328125 0.0265625
5 0.15 0.871875 0.0125 0.02109375
5 0.1609375 0.86640625 0.015625 0.0234375
5 0.153125 0.89140625 0.0171875 0.03359375
5 0.75234375 0.28359375 0.01328125 0.0203125
5 0.48984375 0.38046875 0.0125 0.021875