8 0.64375 0.11875 0.04140625 0.03671875
5 0.64921875 0.1234375 0.01796875 0.02265625
5 0.62421875 0.11015625 0.0265625 0.03203125
8 0.57734375 0.05234375 0.03203125 0.0484375
8 0.46875 0.37109375 0.025 0.05078125
5 0.59375 0.16328125 0.01953125 0.0359375
5 0.70546875 0.253125 0.01328125 0.02734375
5 0.62734375 0.3015625 0.02265625 0.034375
5 0.571875 0.2046875 0.0125 0.0328125
5 0.55625 0.3828125 0.01171875 0.03046875
5 0.5140625 0.38046875 0.0171875 0.03203125
5 0.4984375 0.42109375 0.01484375 0.03125
5 0.521875 0.346875 0.02109375 0.03984375
5 0.54296875 0.359375 0.01015625 0.02578125
5 0.590625 0.38046875 0.02421875 0.03046875
5 0.65 0.371875 0.0203125 0.03359375
5 0.65390625 0.24296875 0.02734375 0.04921875
5 0.63203125 0.47890625 0.01796875 0.03203125
5 0.65234375 0.4359375 0.01875 0.03671875
5 0.63671875 0.5578125 0.01875 0.02890625
8 0.72421875 0.29375 0.03828125 0.0484375
5 0.71328125 0.2921875 0.0140625 0.02890625
5 0.54140625 0.5859375 0.02734375 0.03046875
5 0.71015625 0.540625 0.01953125 0.03203125
5 0.54765625 0.2609375 0.02421875 0.0359375
5 0.578125 0.04921875 0.0171875 0.02109375
5 0.0828125 0.8484375 0.0125 0.021875
5 0.10078125 0.8375 0.02109375 0.02578125
5 0.10546875 0.80703125 0.01484375 0.0296875
5 0.1140625 0.89296875 0.01328125 0.0265625
5 0.1296875 0.88125 0.01953125 0.02109375
5 0.140625 0.87890625 0.01640625 0.02421875
5 0.13203125 0.90546875 0.0171875 0.03359375
5 0.73125 0.29453125 0.0125 0.01953125
5 0.47421875 0.3890625 0.01328125 0.0234375