8 0.59140625 0.1890625 0.04140625 0.03671875
5 0.59921875 0.19453125 0.01328125 0.01875
5 0.5640625 0.17578125 0.03046875 0.03671875
8 0.52734375 0.125 0.03203125 0.0484375
8 0.41796875 0.4390625 0.02734375 0.04765625
5 0.5421875 0.23046875 0.0109375 0.0390625
5 0.65703125 0.32578125 0.01796875 0.03203125
5 0.57578125 0.378125 0.025 0.03828125
5 0.5140625 0.2890625 0.01015625 0.02890625
5 0.50546875 0.45703125 0.0171875 0.03828125
5 0.446875 0.50234375 0.01875 0.03515625
5 0.46015625 0.44921875 0.015625 0.0328125
5 0.465625 0.415625 0.01484375 0.03515625
5 0.4953125 0.425 0.01015625 0.02578125
5 0.5390625 0.45703125 0.02421875 0.03046875
5 0.60234375 0.44453125 0.02265625 0.03671875
5 0.60078125 0.2984375 0.02265625 0.04609375
5 0.58515625 0.54453125 0.01484375 0.02578125
5 0.60390625 0.503125 0.01796875 0.03359375
5 0.59140625 0.63125 0.01953125 0.05078125
8 0.67109375 0.371875 0.03984375 0.05078125
5 0.68203125 0.3546875 0.0140625 0.02890625
5 0.48984375 0.6515625 0.02421875 0.03125
5 0.659375 0.6125 0.021875 0.0359375
5 0.49921875 0.31796875 0.02265625 0.034375
5 0.53359375 0.115625 0.01796875 0.02265625
5 0.03984375 0.9234375 0.015625 0.03125
5 0.05546875 0.87578125 0.0203125 0.0265625
5 0.05234375 0.91953125 0.0171875 0.034375
5 0.06640625 0.96171875 0.015625 0.028125
5 0.08203125 0.978125 0.015625 0.0265625
5 0.08828125 0.95078125 0.01328125 0.021875
5 0.665625 0.3640625 0.01171875 0.01796875
5 0.42734375 0.44921875 0.01328125 0.0234375
8 0.2734375 0.04609375 0.05078125 0.0375
5 0.51953125 0.128125 0.0140625 0.021875
5 0.2734375 0.04453125 0.015625 0.028125
8 0.6 0.01328125 0.040625 0.0265625
5 0.60703125 0.00703125 0.009375 0.0140625