8 0.5125 0.48046875 0.034375 0.03125
5 0.5171875 0.4859375 0.01328125 0.01875
5 0.48203125 0.48359375 0.0171875 0.03828125
8 0.4546875 0.4140625 0.0375 0.05625
8 0.3421875 0.7375 0.0296875 0.05234375
5 0.47109375 0.534375 0.009375 0.028125
5 0.57890625 0.63828125 0.021875 0.0390625
5 0.5 0.67421875 0.0171875 0.03046875
5 0.440625 0.59765625 0.01015625 0.02421875
5 0.45703125 0.76171875 0.02265625 0.02890625
5 0.3734375 0.79140625 0.01640625 0.03046875
5 0.38828125 0.75234375 0.01328125 0.02890625
5 0.39296875 0.71015625 0.01640625 0.028125
5 0.42265625 0.7265625 0.01953125 0.0328125
5 0.434375 0.759375 0.02421875 0.0359375
5 0.528125 0.74609375 0.01875 0.03125
5 0.51640625 0.571875 0.01796875 0.03828125
5 0.50703125 0.840625 0.0140625 0.0234375
5 0.5328125 0.81171875 0.01875 0.034375
5 0.51640625 0.93515625 0.02421875 0.05390625
8 0.5953125 0.67578125 0.0421875 0.053125
5 0.60546875 0.65703125 0.0125 0.0265625
5 0.421875 0.9625 0.021875 0.0515625
5 0.5765625 0.91953125 0.01953125 0.03203125
5 0.4234375 0.590625 0.0125 0.02890625
5 0.44765625 0.42578125 0.01875 0.028125
5 0.59140625 0.67109375 0.01171875 0.01875
5 0.34765625 0.76640625 0.0171875 0.021875
8 0.18828125 0.35078125 0.03984375 0.0375
5 0.45859375 0.41640625 0.01640625 0.021875
5 0.1875 0.34921875 0.0125 0.021875
8 0.5265625 0.31953125 0.03671875 0.040625
5 0.53828125 0.31640625 0.0140625 0.028125
5 0.51953125 0.30546875 0.01796875 0.0234375
5 0.528125 0.2796875 0.015625 0.0296875