8 0.52734375 0.40859375 0.0421875 0.03125
5 0.53046875 0.41796875 0.01328125 0.01875
5 0.49375 0.40859375 0.02265625 0.0421875
8 0.46640625 0.3484375 0.03515625 0.053125
8 0.35546875 0.6609375 0.0296875 0.05234375
5 0.4796875 0.45 0.009375 0.028125
5 0.590625 0.5640625 0.021875 0.0390625
5 0.5125 0.603125 0.02265625 0.03984375
5 0.44921875 0.52578125 0.01015625 0.02421875
5 0.44921875 0.68359375 0.0234375 0.03046875
5 0.3859375 0.72265625 0.01640625 0.03046875
5 0.39765625 0.678125 0.01328125 0.02890625
5 0.4015625 0.634375 0.0171875 0.0296875
5 0.43203125 0.653125 0.01953125 0.0328125
5 0.47265625 0.68203125 0.02265625 0.03359375
5 0.540625 0.671875 0.0140625 0.028125
5 0.52890625 0.5046875 0.01875 0.03984375
5 0.51953125 0.76953125 0.0140625 0.0234375
5 0.54453125 0.73046875 0.01875 0.034375
5 0.52890625 0.8625 0.021875 0.04921875
8 0.60703125 0.603125 0.0421875 0.053125
5 0.60546875 0.60078125 0.01640625 0.0328125
5 0.434375 0.88984375 0.021875 0.02890625
5 0.5859375 0.84453125 0.0203125 0.03359375
5 0.43671875 0.5203125 0.01328125 0.03046875
5 0.47578125 0.328125 0.01953125 0.0234375
5 0.61640625 0.59765625 0.0125 0.01953125
5 0.35859375 0.69296875 0.01640625 0.02109375
8 0.2 0.27890625 0.03984375 0.0375
5 0.46015625 0.353125 0.015625 0.02109375
5 0.20546875 0.26953125 0.0125 0.0234375
8 0.53984375 0.24765625 0.03671875 0.040625
5 0.5484375 0.24296875 0.01328125 0.0265625
5 0.53046875 0.23359375 0.0171875 0.02265625