8 0.5359375 0.37890625 0.0421875 0.03125
5 0.53828125 0.390625 0.01328125 0.01875
5 0.49921875 0.37890625 0.02109375 0.040625
8 0.471875 0.31953125 0.03359375 0.05078125
8 0.36015625 0.6390625 0.0296875 0.05234375
5 0.484375 0.43125 0.009375 0.028125
5 0.5953125 0.53671875 0.021875 0.0390625
5 0.515625 0.57890625 0.021875 0.03828125
5 0.45703125 0.4953125 0.0109375 0.02578125
5 0.45078125 0.65625 0.02265625 0.02890625
5 0.3875 0.7015625 0.02109375 0.0390625
5 0.403125 0.6546875 0.0140625 0.03046875
5 0.40703125 0.61484375 0.0125 0.0296875
5 0.43828125 0.625 0.0125 0.02578125
5 0.47734375 0.65234375 0.02265625 0.03359375
5 0.5453125 0.63984375 0.01484375 0.0296875
5 0.5359375 0.47890625 0.01796875 0.03828125
5 0.52421875 0.74296875 0.0140625 0.0234375
5 0.546875 0.70703125 0.01875 0.034375
5 0.53359375 0.8359375 0.021875 0.04921875
8 0.61171875 0.57421875 0.0421875 0.053125
5 0.609375 0.571875 0.015625 0.03125
5 0.43828125 0.86015625 0.021875 0.02890625
5 0.59296875 0.81796875 0.0203125 0.03359375
5 0.440625 0.5015625 0.0140625 0.03125
5 0.47265625 0.3140625 0.01953125 0.0234375
5 0.62265625 0.56875 0.0125 0.01953125
5 0.3625 0.66875 0.0140625 0.02109375
8 0.20703125 0.25078125 0.0421875 0.0390625
5 0.4625 0.328125 0.015625 0.02109375
5 0.20703125 0.2515625 0.0125 0.0234375
8 0.54609375 0.21796875 0.03671875 0.040625
5 0.553125 0.21484375 0.01328125 0.02578125
5 0.534375 0.20234375 0.0171875 0.02265625