8 0.540625 0.34296875 0.03984375 0.03046875
5 0.54453125 0.35625 0.0125 0.01796875
5 0.50390625 0.34296875 0.0203125 0.03828125
8 0.47890625 0.28515625 0.03359375 0.05078125
8 0.3671875 0.60546875 0.028125 0.05
5 0.4921875 0.39921875 0.01015625 0.0296875
5 0.60234375 0.50078125 0.02109375 0.03671875
5 0.525 0.54375 0.02265625 0.03984375
5 0.46328125 0.4609375 0.0109375 0.02578125
5 0.45546875 0.62109375 0.02109375 0.02734375
5 0.39375 0.6671875 0.02109375 0.0390625
5 0.4109375 0.61796875 0.0140625 0.03046875
5 0.4125 0.5734375 0.01328125 0.03125
5 0.4421875 0.596875 0.0125 0.02578125
5 0.48515625 0.621875 0.02265625 0.03359375
5 0.55234375 0.615625 0.015625 0.03125
5 0.54296875 0.44765625 0.01796875 0.03828125
5 0.53203125 0.7078125 0.01484375 0.02578125
5 0.5515625 0.6734375 0.0203125 0.03671875
5 0.540625 0.8015625 0.02109375 0.046875
8 0.61875 0.53984375 0.03984375 0.05078125
5 0.6125 0.53359375 0.01484375 0.03046875
5 0.44453125 0.821875 0.021875 0.02890625
5 0.60078125 0.78359375 0.0203125 0.03359375
5 0.4484375 0.46328125 0.0140625 0.03125
5 0.4734375 0.29140625 0.01953125 0.0234375
5 0.63046875 0.5359375 0.0125 0.01953125
5 0.36953125 0.6390625 0.0140625 0.02109375
8 0.21640625 0.21640625 0.0421875 0.0390625
5 0.48671875 0.27109375 0.015625 0.02109375
5 0.21484375 0.21953125 0.01328125 0.02421875
8 0.54921875 0.1828125 0.04140625 0.040625
5 0.5609375 0.17578125 0.0140625 0.0265625
5 0.53671875 0.16484375 0.0203125 0.0203125