8 0.575 0.234375 0.034375 0.03671875
5 0.57890625 0.246875 0.01328125 0.01875
5 0.5390625 0.2234375 0.02265625 0.03671875
8 0.5078125 0.17578125 0.03359375 0.05078125
8 0.3984375 0.4875 0.02734375 0.04765625
5 0.521875 0.278125 0.01015625 0.0359375
5 0.634375 0.38046875 0.01875 0.03359375
5 0.55625 0.43046875 0.025 0.03828125
5 0.49453125 0.33828125 0.01171875 0.02734375
5 0.48828125 0.509375 0.01875 0.04296875
5 0.428125 0.546875 0.01875 0.03515625
5 0.44296875 0.496875 0.015625 0.0328125
5 0.4484375 0.45 0.01484375 0.03515625
5 0.475 0.47265625 0.01015625 0.02578125
5 0.5203125 0.50546875 0.02578125 0.03203125
5 0.58359375 0.49453125 0.015625 0.03125
5 0.57734375 0.340625 0.01796875 0.03828125
5 0.56328125 0.59453125 0.0140625 0.02421875
5 0.58359375 0.55390625 0.0203125 0.03671875
5 0.57109375 0.67890625 0.02109375 0.053125
8 0.6515625 0.42109375 0.03984375 0.05078125
5 0.66328125 0.41640625 0.0140625 0.02890625
5 0.4703125 0.7 0.02265625 0.03046875
5 0.64375 0.65546875 0.021875 0.0359375
5 0.47578125 0.36171875 0.0203125 0.03125
5 0.51875 0.15859375 0.01875 0.0234375
5 0.01953125 0.97421875 0.0171875 0.034375
5 0.0375 0.9265625 0.0203125 0.0265625
5 0.0375 0.96796875 0.0171875 0.034375
5 0.65234375 0.42265625 0.01171875 0.01796875
5 0.39921875 0.51640625 0.01328125 0.0234375
8 0.25234375 0.09609375 0.05390625 0.0390625
5 0.50703125 0.16640625 0.0125 0.0203125
5 0.25234375 0.09609375 0.01484375 0.0265625
8 0.57734375 0.0625 0.04296875 0.02890625
5 0.5875 0.05390625 0.00859375 0.01875