8 0.52265625 0.44453125 0.03984375 0.03046875
5 0.52421875 0.453125 0.01328125 0.01875
5 0.48671875 0.44609375 0.02265625 0.0421875
8 0.46015625 0.3859375 0.03515625 0.053125
8 0.346875 0.7015625 0.0296875 0.05234375
5 0.47578125 0.49375 0.009375 0.028125
5 0.58515625 0.60078125 0.021875 0.0390625
5 0.50546875 0.64296875 0.02265625 0.03984375
5 0.44453125 0.55859375 0.0109375 0.02578125
5 0.44140625 0.72265625 0.0234375 0.03046875
5 0.3796875 0.75625 0.0171875 0.03203125
5 0.39140625 0.7140625 0.01328125 0.02890625
5 0.3984375 0.6734375 0.01640625 0.028125
5 0.42421875 0.696875 0.01953125 0.0328125
5 0.46640625 0.72890625 0.02265625 0.03359375
5 0.534375 0.71171875 0.01875 0.03125
5 0.52265625 0.53828125 0.01875 0.03984375
5 0.51328125 0.809375 0.01484375 0.025
5 0.534375 0.775 0.0203125 0.03671875
5 0.52265625 0.896875 0.02265625 0.0515625
8 0.60078125 0.6390625 0.0421875 0.053125
5 0.6015625 0.6375 0.01171875 0.02578125
5 0.42734375 0.9234375 0.021875 0.0515625
5 0.5796875 0.87890625 0.0203125 0.03359375
5 0.42890625 0.55546875 0.0125 0.02890625
5 0.465625 0.37734375 0.01953125 0.0234375
5 0.61328125 0.63125 0.01171875 0.01875
5 0.35234375 0.73828125 0.01640625 0.02109375
8 0.19296875 0.315625 0.03984375 0.0375
5 0.4546875 0.38828125 0.015625 0.02109375
5 0.19375 0.315625 0.0125 0.021875
8 0.53359375 0.284375 0.03671875 0.040625
5 0.54296875 0.2765625 0.01328125 0.0265625
5 0.52421875 0.26328125 0.01796875 0.0234375
5 0.534375 0.24375 0.015625 0.0296875