8 0.484375 0.69296875 0.03984375 0.03671875
5 0.4875 0.70546875 0.01171875 0.01640625
5 0.4515625 0.703125 0.01796875 0.03984375
8 0.43125 0.63359375 0.0375 0.04765625
8 0.3171875 0.953125 0.03359375 0.0578125
5 0.44921875 0.753125 0.01015625 0.0296875
5 0.5546875 0.8515625 0.02109375 0.03671875
5 0.471875 0.8984375 0.015625 0.03515625
5 0.41640625 0.8140625 0.01328125 0.02421875
5 0.428125 0.98359375 0.0203125 0.02578125
5 0.36015625 0.96328125 0.0125 0.028125
5 0.36640625 0.93125 0.0171875 0.0296875
5 0.409375 0.96875 0.01953125 0.0328125
5 0.39609375 0.934375 0.01796875 0.03359375
5 0.48515625 0.76328125 0.0203125 0.04375
5 0.503125 0.96328125 0.01953125 0.034375
8 0.56953125 0.88515625 0.0421875 0.0390625
5 0.58046875 0.884375 0.0109375 0.0265625
5 0.4046875 0.7984375 0.0125 0.02890625
5 0.4328125 0.63828125 0.015625 0.02890625
5 0.56484375 0.89140625 0.0125 0.01953125
8 0.15546875 0.57109375 0.0421875 0.0390625
5 0.42265625 0.64765625 0.0171875 0.0234375
5 0.15546875 0.571875 0.0125 0.021875
8 0.5046875 0.54375 0.0390625 0.0421875
5 0.5125 0.5359375 0.01484375 0.0296875
5 0.4859375 0.521875 0.0171875 0.02265625
5 0.5140625 0.50703125 0.0140625 0.0265625
5 0.5046875 0.51171875 0.0125 0.03046875
5 0.49609375 0.52421875 0.01171875 0.0265625
5 0.31796875 0.98203125 0.01171875 0.01328125