8 0.478125 0.72421875 0.0421875 0.03828125
5 0.48359375 0.73125 0.0125 0.01796875
5 0.4484375 0.7328125 0.01796875 0.03984375
8 0.42890625 0.66171875 0.0375 0.04765625
8 0.3171875 0.97734375 0.025 0.04453125
5 0.4453125 0.78125 0.01015625 0.0296875
5 0.5515625 0.88125 0.02109375 0.03671875
5 0.471875 0.92734375 0.015625 0.03515625
5 0.41328125 0.8453125 0.01328125 0.02421875
5 0.359375 0.9890625 0.0125 0.021875
5 0.3640625 0.959375 0.01796875 0.03125
5 0.3875 0.978125 0.0171875 0.03203125
5 0.48125 0.79453125 0.01953125 0.028125
5 0.50078125 0.98515625 0.0203125 0.02890625
8 0.56796875 0.9140625 0.04375 0.040625
5 0.5765625 0.915625 0.0109375 0.0265625
5 0.403125 0.82109375 0.0125 0.02890625
5 0.42734375 0.67109375 0.01640625 0.03046875
5 0.5609375 0.91953125 0.0125 0.01953125
8 0.1515625 0.59921875 0.0421875 0.0390625
5 0.41875 0.67421875 0.01640625 0.021875
5 0.15234375 0.60234375 0.01171875 0.02109375
8 0.49921875 0.57421875 0.040625 0.04453125
5 0.50703125 0.56328125 0.01484375 0.0296875
5 0.48359375 0.54453125 0.01640625 0.03671875
5 0.50703125 0.5359375 0.0125 0.03046875
5 0.5 0.54296875 0.01171875 0.0265625