8 0.50078125 0.5515625 0.0359375 0.0328125
5 0.50625 0.55859375 0.01328125 0.01875
5 0.46953125 0.55546875 0.01796875 0.03984375
8 0.44609375 0.4890625 0.0390625 0.05859375
8 0.33359375 0.80390625 0.03125 0.05546875
5 0.4625 0.60234375 0.009375 0.0265625
5 0.57109375 0.70390625 0.021875 0.0390625
5 0.49296875 0.74453125 0.01640625 0.02890625
5 0.434375 0.66171875 0.01328125 0.02421875
5 0.44921875 0.834375 0.0203125 0.02578125
5 0.36640625 0.86328125 0.01640625 0.03046875
5 0.37578125 0.81328125 0.0140625 0.03046875
5 0.38203125 0.77890625 0.01640625 0.028125
5 0.4265625 0.825 0.01953125 0.0328125
5 0.41171875 0.796875 0.01875 0.0359375
5 0.521875 0.8140625 0.01796875 0.03046875
5 0.50390625 0.6359375 0.01875 0.03984375
5 0.49609375 0.91171875 0.01328125 0.02265625
5 0.521875 0.87890625 0.01875 0.034375
8 0.5859375 0.7421875 0.03984375 0.05078125
5 0.59765625 0.73671875 0.0125 0.0265625
5 0.56796875 0.9828125 0.01875 0.03125
5 0.415625 0.65859375 0.01171875 0.02734375
5 0.45 0.48125 0.015625 0.0203125
5 0.57890625 0.7390625 0.01171875 0.01875
5 0.3359375 0.8375 0.01796875 0.02265625
8 0.1796875 0.41796875 0.03984375 0.0375
5 0.44296875 0.49375 0.01640625 0.021875
5 0.178125 0.42265625 0.0125 0.021875
8 0.51796875 0.39140625 0.03671875 0.040625
5 0.528125 0.38359375 0.01484375 0.0296875
5 0.50546875 0.35703125 0.01796875 0.0234375
5 0.5265625 0.34140625 0.01484375 0.028125