8 0.54375 0.55390625 0.0359375 0.0390625
5 0.53515625 0.54453125 0.0078125 0.015625
5 0.546875 0.55859375 0.00625 0.0140625
5 0.553125 0.56328125 0.0078125 0.0125
8 0.6203125 0.58828125 0.021875 0.04921875
5 0.61328125 0.5765625 0.0046875 0.0203125
5 0.61953125 0.58359375 0.00390625 0.01953125
5 0.6265625 0.596875 0.009375 0.02421875
8 0.65 0.57421875 0.025 0.0515625
5 0.65078125 0.553125 0.00625 0.01171875
5 0.6625 0.54375 0.0125 0.01640625
5 0.675 0.56171875 0.0109375 0.01875
5 0.6734375 0.58203125 0.0125 0.0203125
5 0.659375 0.4453125 0.0125 0.01953125
5 0.696875 0.48984375 0.0109375 0.02265625
5 0.7765625 0.465625 0.0109375 0.021875
8 0.8203125 0.4890625 0.025 0.040625
5 0.81796875 0.48125 0.009375 0.015625
5 0.81953125 0.4234375 0.0125 0.0203125
5 0.83359375 0.41796875 0.01171875 0.01796875
5 0.7703125 0.39765625 0.009375 0.02265625
5 0.77421875 0.3265625 0.0125 0.01953125
5 0.77578125 0.29296875 0.01484375 0.021875
5 0.6953125 0.3484375 0.0109375 0.02109375
5 0.69453125 0.26953125 0.02265625 0.03203125
8 0.6203125 0.2546875 0.034375 0.03671875
5 0.6125 0.246875 0.00859375 0.0140625
5 0.62109375 0.2515625 0.00703125 0.01640625
5 0.62890625 0.26171875 0.009375 0.01796875
5 0.61328125 0.28671875 0.01015625 0.01953125
5 0.71015625 0.19375 0.0109375 0.01796875
5 0.72734375 0.1890625 0.01015625 0.01328125
5 0.77109375 0.11015625 0.0109375 0.02578125
5 0.8421875 0.19453125 0.01796875 0.04375
8 0.81953125 0.97890625 0.04140625 0.04140625
5 0.72890625 0.1015625 0.0125 0.02734375