8 0.5203125 0.57265625 0.040625 0.04140625
5 0.5265625 0.58046875 0.00859375 0.01640625
5 0.528125 0.57890625 0.00546875 0.0140625
5 0.51015625 0.56796875 0.0078125 0.0125
8 0.59765625 0.60703125 0.021875 0.04921875
5 0.5953125 0.609375 0.0078125 0.02109375
8 0.628125 0.59921875 0.0234375 0.04921875
5 0.6390625 0.575 0.01171875 0.015625
5 0.6515625 0.5828125 0.0078125 0.01796875
5 0.65 0.609375 0.01328125 0.02109375
5 0.6359375 0.4609375 0.0125 0.0203125
5 0.66953125 0.509375 0.01171875 0.025
5 0.75078125 0.48359375 0.0109375 0.021875
8 0.79453125 0.50859375 0.025 0.040625
5 0.79375 0.4390625 0.01328125 0.02109375
5 0.8078125 0.434375 0.0125 0.01875
5 0.74453125 0.41328125 0.01015625 0.0234375
5 0.7484375 0.34453125 0.01328125 0.0203125
5 0.7484375 0.31328125 0.015625 0.0234375
5 0.66875 0.36796875 0.0125 0.0234375
5 0.665625 0.290625 0.0234375 0.034375
8 0.59765625 0.27578125 0.0328125 0.034375
5 0.58515625 0.2671875 0.01015625 0.0140625
5 0.58671875 0.30625 0.009375 0.0203125
5 0.684375 0.215625 0.0125 0.01953125
5 0.7015625 0.21015625 0.01328125 0.02421875
5 0.74296875 0.13125 0.01953125 0.02578125
5 0.815625 0.21328125 0.01875 0.04609375
5 0.62578125 0.58203125 0.0078125 0.0140625
5 0.7890625 0.503125 0.01484375 0.01796875
5 0.6078125 0.61328125 0.00625 0.01796875
5 0.70078125 0.12265625 0.01328125 0.02421875