8 0.51484375 0.57421875 0.0390625 0.0390625
5 0.51484375 0.58203125 0.0109375 0.01640625
5 0.5140625 0.58046875 0.00625 0.0140625
5 0.50234375 0.571875 0.00859375 0.0140625
8 0.5859375 0.60703125 0.0234375 0.0515625
5 0.58046875 0.59375 0.0078125 0.021875
8 0.62421875 0.6140625 0.0234375 0.04921875
5 0.63984375 0.59453125 0.0109375 0.01484375
5 0.646875 0.58359375 0.0078125 0.01796875
5 0.646875 0.6234375 0.01328125 0.02109375
5 0.625 0.4625 0.0125 0.01953125
5 0.66171875 0.51328125 0.0109375 0.0234375
5 0.74375 0.48359375 0.01640625 0.02265625
8 0.78203125 0.5140625 0.025 0.040625
5 0.784375 0.4421875 0.01328125 0.02109375
5 0.79453125 0.43984375 0.0125 0.01875
5 0.734375 0.415625 0.01015625 0.0234375
5 0.7375 0.35078125 0.0125 0.01953125
5 0.7359375 0.32734375 0.015625 0.0234375
5 0.6578125 0.37421875 0.01171875 0.021875
5 0.6546875 0.2984375 0.02265625 0.03203125
8 0.58828125 0.28203125 0.034375 0.03671875
5 0.578125 0.2734375 0.01015625 0.0140625
5 0.57734375 0.31171875 0.00859375 0.01953125
5 0.6734375 0.2265625 0.0125 0.01953125
5 0.6890625 0.22421875 0.01328125 0.02421875
5 0.734375 0.13046875 0.01953125 0.02578125
5 0.80390625 0.215625 0.01796875 0.04375
5 0.6234375 0.59609375 0.0078125 0.0140625
5 0.78046875 0.5140625 0.0140625 0.0171875
5 0.603125 0.61875 0.0078125 0.02578125
5 0.5859375 0.6171875 0.009375 0.01953125
5 0.69296875 0.12734375 0.01171875 0.028125