8 0.515625 0.57578125 0.040625 0.04140625
5 0.51640625 0.5828125 0.0078125 0.015625
5 0.5140625 0.58046875 0.00546875 0.0140625
5 0.503125 0.56953125 0.0078125 0.01328125
8 0.58984375 0.60859375 0.0234375 0.0515625
5 0.58203125 0.6 0.0078125 0.02109375
8 0.62265625 0.609375 0.0234375 0.04921875
5 0.63671875 0.58671875 0.01171875 0.015625
5 0.64609375 0.58828125 0.0078125 0.01796875
5 0.6453125 0.61953125 0.01328125 0.02109375
5 0.62578125 0.465625 0.0125 0.01953125
5 0.6625 0.5140625 0.0109375 0.0234375
5 0.74140625 0.48515625 0.0109375 0.02265625
8 0.78359375 0.5140625 0.025 0.040625
5 0.784375 0.44140625 0.01328125 0.02109375
5 0.79765625 0.4390625 0.0125 0.01875
5 0.7359375 0.41640625 0.01015625 0.0234375
5 0.7390625 0.34921875 0.0125 0.01953125
5 0.73828125 0.32109375 0.015625 0.0234375
5 0.65859375 0.3734375 0.0125 0.0234375
5 0.65703125 0.29609375 0.0234375 0.034375
8 0.5890625 0.28203125 0.0328125 0.034375
5 0.578125 0.2734375 0.01015625 0.0140625
5 0.578125 0.3125 0.00859375 0.01953125
5 0.67421875 0.2234375 0.0125 0.01953125
5 0.69296875 0.21953125 0.01328125 0.02421875
5 0.734375 0.13671875 0.01953125 0.02578125
5 0.80546875 0.21640625 0.01796875 0.04375
5 0.62109375 0.59375 0.0078125 0.0140625
5 0.778125 0.5078125 0.01484375 0.01796875
5 0.6015625 0.61953125 0.0078125 0.02578125
5 0.58984375 0.61796875 0.00546875 0.01953125
5 0.69296875 0.12734375 0.01171875 0.028125