8 0.515625 0.575 0.0390625 0.0390625
5 0.51484375 0.58359375 0.01015625 0.015625
5 0.5140625 0.58046875 0.00625 0.0140625
5 0.503125 0.571875 0.0078125 0.01328125
8 0.58671875 0.60625 0.0234375 0.0515625
5 0.58046875 0.59453125 0.0078125 0.021875
8 0.6234375 0.61328125 0.0234375 0.04921875
5 0.6390625 0.59375 0.01171875 0.015625
5 0.64765625 0.584375 0.0078125 0.01796875
5 0.64609375 0.62109375 0.01328125 0.02109375
5 0.62578125 0.46328125 0.0125 0.01953125
5 0.66171875 0.5140625 0.0109375 0.0234375
5 0.74296875 0.484375 0.01640625 0.02265625
8 0.78203125 0.51328125 0.025 0.040625
5 0.784375 0.44296875 0.01328125 0.02109375
5 0.7953125 0.440625 0.0125 0.01875
5 0.73515625 0.415625 0.01015625 0.0234375
5 0.73828125 0.35078125 0.0125 0.01953125
5 0.73671875 0.32578125 0.015625 0.0234375
5 0.6578125 0.37421875 0.01171875 0.021875
5 0.65546875 0.2984375 0.0234375 0.034375
8 0.5890625 0.28203125 0.034375 0.03671875
5 0.57734375 0.2734375 0.01015625 0.0140625
5 0.57734375 0.3125 0.00859375 0.01953125
5 0.6734375 0.22578125 0.0125 0.01953125
5 0.690625 0.22265625 0.01328125 0.02421875
5 0.734375 0.12734375 0.01953125 0.02578125
5 0.80390625 0.215625 0.01796875 0.04375
5 0.6234375 0.59609375 0.0078125 0.0140625
5 0.78046875 0.51171875 0.0140625 0.0171875
5 0.58515625 0.61796875 0.009375 0.01953125
5 0.69296875 0.128125 0.01171875 0.028125
5 0.60234375 0.61796875 0.0109375 0.02421875