8 0.5171875 0.57578125 0.040625 0.04140625
5 0.51875 0.58203125 0.00859375 0.01640625
5 0.52109375 0.58046875 0.00546875 0.0140625
5 0.50390625 0.5703125 0.0078125 0.01328125
8 0.590625 0.6109375 0.0234375 0.0515625
5 0.58359375 0.5984375 0.0078125 0.02109375
8 0.62265625 0.60703125 0.0234375 0.04921875
5 0.63515625 0.584375 0.01171875 0.015625
5 0.646875 0.58828125 0.0078125 0.01796875
5 0.6453125 0.61640625 0.01328125 0.02109375
5 0.628125 0.46484375 0.0125 0.0203125
5 0.66328125 0.51328125 0.0109375 0.0234375
5 0.74375 0.48515625 0.0109375 0.02265625
8 0.78515625 0.5125 0.025 0.040625
5 0.7859375 0.44140625 0.01328125 0.02109375
5 0.79921875 0.43828125 0.0125 0.01875
5 0.7375 0.415625 0.01015625 0.0234375
5 0.740625 0.34921875 0.0125 0.01953125
5 0.73984375 0.31953125 0.015625 0.0234375
5 0.6609375 0.371875 0.0125 0.0234375
5 0.659375 0.2953125 0.0234375 0.034375
8 0.590625 0.28125 0.0328125 0.034375
5 0.57890625 0.271875 0.01015625 0.0140625
5 0.5796875 0.3109375 0.00859375 0.01953125
5 0.6765625 0.221875 0.0125 0.01953125
5 0.6953125 0.21875 0.01328125 0.02421875
5 0.7359375 0.1359375 0.01953125 0.02578125
5 0.80703125 0.21640625 0.01796875 0.04375
5 0.621875 0.59140625 0.0078125 0.0140625
5 0.78046875 0.50703125 0.01484375 0.01796875
5 0.603125 0.6171875 0.0078125 0.02578125
5 0.59296875 0.61953125 0.00546875 0.01953125
5 0.6953125 0.1265625 0.01171875 0.028125