8 0.51953125 0.57421875 0.040625 0.04140625
5 0.521875 0.58125 0.00859375 0.01640625
5 0.5234375 0.58046875 0.00546875 0.0140625
5 0.50625 0.56953125 0.0078125 0.01328125
8 0.59296875 0.60859375 0.021875 0.04921875
5 0.5859375 0.5953125 0.0078125 0.02109375
8 0.62421875 0.60390625 0.0234375 0.04921875
5 0.63671875 0.57890625 0.01171875 0.015625
5 0.64765625 0.5859375 0.0078125 0.01796875
5 0.646875 0.61328125 0.01328125 0.02109375
5 0.63125 0.46328125 0.0125 0.0203125
5 0.66640625 0.51328125 0.01171875 0.025
5 0.74609375 0.484375 0.0109375 0.021875
8 0.7890625 0.5109375 0.025 0.040625
5 0.78828125 0.440625 0.01328125 0.02109375
5 0.80234375 0.43671875 0.0125 0.01875
5 0.73984375 0.4140625 0.01015625 0.0234375
5 0.74375 0.34765625 0.01328125 0.0203125
5 0.74296875 0.31796875 0.015625 0.0234375
5 0.66328125 0.37109375 0.0125 0.0234375
5 0.6609375 0.29296875 0.0234375 0.034375
8 0.59375 0.27890625 0.0328125 0.034375
5 0.58046875 0.26953125 0.01015625 0.0140625
5 0.5828125 0.31015625 0.009375 0.0203125
5 0.6796875 0.21875 0.0125 0.01953125
5 0.6984375 0.2140625 0.01328125 0.02421875
5 0.73828125 0.13359375 0.01953125 0.02578125
5 0.81015625 0.21484375 0.01796875 0.04375
5 0.6234375 0.58828125 0.0078125 0.0140625
5 0.78359375 0.50625 0.01484375 0.01796875
5 0.60390625 0.61640625 0.0078125 0.02578125
5 0.5953125 0.61875 0.00546875 0.0203125
5 0.696875 0.1234375 0.01171875 0.028125