8 0.51484375 0.57265625 0.040625 0.04140625
5 0.515625 0.58125 0.0109375 0.01640625
5 0.5140625 0.5765625 0.00625 0.0140625
5 0.503125 0.56953125 0.00859375 0.0140625
8 0.5875 0.60625 0.0234375 0.0515625
8 0.6265625 0.615625 0.0234375 0.04921875
5 0.640625 0.6015625 0.01171875 0.015625
5 0.646875 0.58203125 0.0078125 0.01640625
5 0.64765625 0.62578125 0.01328125 0.02109375
5 0.625 0.4609375 0.0125 0.0203125
5 0.6625 0.51484375 0.0109375 0.0234375
5 0.7453125 0.48046875 0.01640625 0.02265625
8 0.77890625 0.5140625 0.025 0.040625
5 0.78359375 0.440625 0.01328125 0.02109375
5 0.79375 0.4390625 0.0125 0.01875
5 0.734375 0.415625 0.009375 0.02265625
5 0.73828125 0.34921875 0.0125 0.01953125
5 0.73515625 0.33046875 0.015625 0.0234375
5 0.65625 0.37578125 0.0109375 0.02109375
5 0.65390625 0.29921875 0.021875 0.03125
8 0.5890625 0.284375 0.034375 0.03671875
5 0.57890625 0.275 0.01015625 0.0140625
5 0.57734375 0.31171875 0.00859375 0.01953125
5 0.6734375 0.228125 0.0125 0.01953125
5 0.68984375 0.23359375 0.01328125 0.02421875
5 0.73359375 0.13125 0.0203125 0.0265625
5 0.803125 0.2140625 0.01796875 0.04375
5 0.625 0.59921875 0.0078125 0.0140625
5 0.77734375 0.51484375 0.0140625 0.0171875
5 0.60234375 0.61640625 0.0078125 0.02734375
5 0.58671875 0.615625 0.009375 0.01953125
5 0.69296875 0.12890625 0.01171875 0.028125
5 0.57421875 0.5984375 0.00703125 0.01796875