8 0.515625 0.5734375 0.0390625 0.0390625
5 0.51484375 0.58125 0.0109375 0.01640625
5 0.5140625 0.5765625 0.00625 0.0140625
5 0.50234375 0.57109375 0.00859375 0.0140625
8 0.58671875 0.60625 0.0234375 0.0515625
8 0.625 0.6140625 0.0234375 0.04921875
5 0.640625 0.5984375 0.0109375 0.01484375
5 0.646875 0.58203125 0.0078125 0.01796875
5 0.646875 0.6234375 0.01328125 0.02109375
5 0.62421875 0.46171875 0.0125 0.0203125
5 0.66171875 0.51328125 0.0109375 0.0234375
5 0.74453125 0.48203125 0.01640625 0.02265625
8 0.78125 0.51484375 0.025 0.040625
5 0.78359375 0.440625 0.01328125 0.02109375
5 0.79375 0.4390625 0.0125 0.01875
5 0.734375 0.415625 0.01015625 0.0234375
5 0.7375 0.35078125 0.0125 0.01953125
5 0.7359375 0.32890625 0.015625 0.0234375
5 0.65625 0.37578125 0.0109375 0.02109375
5 0.65390625 0.2984375 0.02265625 0.03203125
8 0.58828125 0.28359375 0.034375 0.03671875
5 0.578125 0.27421875 0.01015625 0.0140625
5 0.57734375 0.31328125 0.00859375 0.01953125
5 0.6734375 0.2265625 0.0125 0.01953125
5 0.6890625 0.22890625 0.01328125 0.02421875
5 0.734375 0.13203125 0.0203125 0.0265625
5 0.80390625 0.2140625 0.01796875 0.04375
5 0.62421875 0.596875 0.0078125 0.0140625
5 0.77890625 0.5140625 0.0140625 0.0171875
5 0.603125 0.61640625 0.0078125 0.02734375
5 0.5859375 0.615625 0.009375 0.01953125
5 0.69296875 0.12890625 0.01171875 0.028125
5 0.575 0.59921875 0.009375 0.01953125