8 0.515625 0.57578125 0.0390625 0.0390625
5 0.51640625 0.584375 0.0078125 0.015625
5 0.51328125 0.58359375 0.00546875 0.0140625
5 0.50234375 0.5703125 0.0078125 0.01328125
8 0.58828125 0.60703125 0.0234375 0.0515625
5 0.58046875 0.6 0.0078125 0.021875
8 0.62265625 0.6125 0.0234375 0.04921875
5 0.63828125 0.590625 0.01171875 0.015625
5 0.646875 0.5859375 0.0078125 0.01796875
5 0.6453125 0.62109375 0.01328125 0.02109375
5 0.625 0.465625 0.0125 0.01953125
5 0.66171875 0.515625 0.0109375 0.0234375
5 0.74140625 0.4859375 0.0109375 0.02265625
8 0.78203125 0.51328125 0.025 0.040625
5 0.78515625 0.44296875 0.01328125 0.02109375
5 0.796875 0.440625 0.0125 0.01875
5 0.73515625 0.415625 0.01015625 0.0234375
5 0.7390625 0.35 0.0125 0.01953125
5 0.7375 0.3234375 0.015625 0.0234375
5 0.65859375 0.3734375 0.01171875 0.021875
5 0.65703125 0.29609375 0.0234375 0.034375
8 0.58828125 0.28125 0.0328125 0.034375
5 0.57734375 0.27421875 0.01015625 0.0140625
5 0.578125 0.31171875 0.00859375 0.01953125
5 0.67421875 0.22578125 0.0125 0.01953125
5 0.690625 0.22109375 0.01328125 0.02421875
5 0.734375 0.1359375 0.01953125 0.02578125
5 0.8046875 0.21640625 0.01796875 0.04375
5 0.621875 0.5953125 0.0078125 0.0140625
5 0.77734375 0.50859375 0.0140625 0.0171875
5 0.6015625 0.61953125 0.0078125 0.02578125
5 0.58828125 0.615625 0.00546875 0.01953125
5 0.69296875 0.1265625 0.01171875 0.028125