8 0.5171875 0.5640625 0.0453125 0.0453125
5 0.51875 0.56640625 0.009375 0.0140625
5 0.503125 0.5578125 0.0125 0.01796875
8 0.5875 0.603125 0.0234375 0.0515625
8 0.63046875 0.625 0.0234375 0.04921875
5 0.64921875 0.61640625 0.01171875 0.015625
5 0.65078125 0.57578125 0.00703125 0.01640625
5 0.65234375 0.63125 0.0140625 0.021875
5 0.6265625 0.453125 0.0125 0.0203125
5 0.6625 0.5140625 0.0109375 0.02265625
5 0.74921875 0.47109375 0.015625 0.021875
8 0.7765625 0.51328125 0.025 0.040625
5 0.775 0.43203125 0.0140625 0.02265625
5 0.79453125 0.4359375 0.0125 0.01875
5 0.73828125 0.4203125 0.009375 0.02265625
5 0.73828125 0.346875 0.0125 0.01875
5 0.73203125 0.334375 0.01484375 0.021875
5 0.65625 0.37890625 0.0109375 0.02109375
5 0.65234375 0.29609375 0.02265625 0.03203125
8 0.59140625 0.28203125 0.0359375 0.03828125
5 0.58125 0.271875 0.01015625 0.0140625
5 0.57734375 0.31015625 0.0078125 0.01875
5 0.675 0.228125 0.0125 0.01953125
5 0.6796875 0.246875 0.01328125 0.02578125
5 0.73125 0.1265625 0.0203125 0.0265625
5 0.80546875 0.20625 0.01953125 0.0484375
5 0.6296875 0.6109375 0.0078125 0.0140625
5 0.77578125 0.5140625 0.01484375 0.01796875
5 0.58828125 0.61328125 0.009375 0.01953125
5 0.6953125 0.1265625 0.0109375 0.0265625
5 0.578125 0.61484375 0.00859375 0.01640625
5 0.57265625 0.59453125 0.0078125 0.0140625
5 0.5953125 0.29375 0.009375 0.01953125