8 0.4921875 0.5984375 0.04296875 0.04296875
5 0.4921875 0.6015625 0.009375 0.0140625
5 0.47734375 0.59296875 0.0140625 0.0203125
8 0.559375 0.646875 0.0234375 0.0515625
8 0.60625 0.68515625 0.02109375 0.0546875
5 0.63671875 0.66953125 0.0109375 0.0140625
5 0.625 0.6140625 0.01328125 0.01953125
5 0.63046875 0.68046875 0.0140625 0.021875
5 0.60078125 0.4953125 0.01328125 0.02109375
5 0.634375 0.56171875 0.0109375 0.0234375
5 0.72578125 0.51484375 0.01484375 0.0203125
8 0.74765625 0.565625 0.0265625 0.0328125
5 0.74453125 0.478125 0.02265625 0.03203125
5 0.7671875 0.4796875 0.0140625 0.02109375
5 0.715625 0.47421875 0.01015625 0.0234375
5 0.7140625 0.3953125 0.01328125 0.0203125
5 0.7015625 0.38359375 0.01484375 0.021875
5 0.63046875 0.42734375 0.01171875 0.021875
5 0.62421875 0.340625 0.0234375 0.034375
8 0.5671875 0.33046875 0.0375 0.040625
5 0.553125 0.3546875 0.009375 0.02109375
5 0.64921875 0.275 0.0109375 0.01796875
5 0.65 0.3 0.01328125 0.02578125
5 0.70546875 0.17734375 0.0203125 0.0265625
5 0.778125 0.24921875 0.01953125 0.0484375
5 0.61015625 0.66796875 0.0078125 0.0140625
5 0.746875 0.56328125 0.015625 0.01875
5 0.6703125 0.17578125 0.0125 0.02890625
5 0.4734375 0.63046875 0.009375 0.0265625
5 0.56953125 0.64453125 0.009375 0.015625
5 0.5640625 0.6640625 0.00859375 0.01953125
5 0.56953125 0.340625 0.009375 0.01640625
5 0.546875 0.64296875 0.00625 0.0140625
5 0.5578125 0.32109375 0.00703125 0.0171875