8 0.49921875 0.590625 0.04296875 0.04296875
5 0.49921875 0.59375 0.009375 0.0140625
5 0.49296875 0.5828125 0.01328125 0.01953125
8 0.5671875 0.63671875 0.0234375 0.0515625
8 0.615625 0.67421875 0.025 0.0515625
5 0.6421875 0.65703125 0.0109375 0.0140625
5 0.634375 0.6046875 0.00703125 0.015625
5 0.6375 0.66953125 0.0140625 0.021875
5 0.60859375 0.48671875 0.01328125 0.02109375
5 0.64375 0.5515625 0.0109375 0.0234375
5 0.73203125 0.5046875 0.01484375 0.0203125
8 0.75625 0.55390625 0.025 0.040625
5 0.75078125 0.46875 0.02265625 0.03203125
5 0.775 0.47109375 0.01328125 0.0203125
5 0.72265625 0.4625 0.009375 0.02265625
5 0.72265625 0.384375 0.01328125 0.0203125
5 0.71171875 0.36796875 0.01484375 0.021875
5 0.6390625 0.41875 0.01171875 0.021875
5 0.63203125 0.33203125 0.0234375 0.034375
8 0.5734375 0.31953125 0.0375 0.040625
5 0.56015625 0.34453125 0.009375 0.02109375
5 0.6578125 0.265625 0.01171875 0.01875
5 0.6578125 0.290625 0.01328125 0.02578125
5 0.7125 0.1671875 0.0203125 0.0265625
5 0.78515625 0.24140625 0.01953125 0.0484375
5 0.61640625 0.65859375 0.0078125 0.0140625
5 0.7546875 0.55390625 0.015625 0.01875
5 0.67734375 0.165625 0.0125 0.02890625
5 0.4765625 0.61875 0.009375 0.0265625
5 0.5546875 0.634375 0.0109375 0.0203125
5 0.56640625 0.640625 0.009375 0.015625
5 0.57421875 0.66015625 0.00859375 0.01953125
5 0.578125 0.33125 0.009375 0.01640625
5 0.56328125 0.3140625 0.01015625 0.02109375