8 0.3625 0.6640625 0.0359375 0.03828125
5 0.36640625 0.6640625 0.0125 0.02578125
5 0.35703125 0.66484375 0.01484375 0.021875
8 0.4296875 0.72421875 0.0265625 0.06328125
8 0.48046875 0.7734375 0.02265625 0.06640625
5 0.50078125 0.678125 0.0140625 0.02109375
5 0.48359375 0.76015625 0.009375 0.02109375
5 0.46875 0.56484375 0.0125 0.01953125
5 0.5 0.640625 0.01171875 0.0234375
5 0.60234375 0.553125 0.01328125 0.025
8 0.61171875 0.640625 0.02734375 0.02421875
5 0.5984375 0.57890625 0.0125 0.02265625
5 0.63203125 0.55078125 0.01171875 0.02734375
5 0.5859375 0.5546875 0.01015625 0.0234375
5 0.5796875 0.47421875 0.01328125 0.02109375
5 0.5671875 0.44609375 0.01640625 0.02421875
5 0.49453125 0.50078125 0.0140625 0.0234375
5 0.49453125 0.41640625 0.01484375 0.02734375
8 0.43828125 0.40859375 0.034375 0.04140625
5 0.5203125 0.35 0.01328125 0.02578125
5 0.5109375 0.38046875 0.015625 0.03203125
5 0.57421875 0.26328125 0.01484375 0.0234375
5 0.64453125 0.31953125 0.0171875 0.04140625
5 0.50625 0.76484375 0.0109375 0.0203125
5 0.60390625 0.64140625 0.01640625 0.01953125
5 0.5421875 0.25703125 0.0171875 0.03046875
5 0.3484375 0.68203125 0.01171875 0.021875
5 0.43984375 0.41484375 0.009375 0.0171875
5 0.41875 0.4359375 0.0109375 0.01875
5 0.4265625 0.71953125 0.0109375 0.01875
5 0.43046875 0.7390625 0.01328125 0.0234375
5 0.49921875 0.7671875 0.01015625 0.01953125
5 0.35859375 0.709375 0.01796875 0.0265625
5 0.4265625 0.40078125 0.01171875 0.01796875