8 0.44453125 0.63359375 0.03984375 0.03671875
5 0.440625 0.6375 0.0125 0.02578125
5 0.43359375 0.6375 0.015625 0.02265625
8 0.5109375 0.68671875 0.0234375 0.05390625
8 0.55859375 0.73515625 0.021875 0.05703125
5 0.5796875 0.6515625 0.0140625 0.02109375
5 0.5921875 0.71875 0.01015625 0.021875
5 0.55078125 0.5359375 0.0125 0.01953125
5 0.590625 0.60859375 0.01171875 0.025
5 0.68984375 0.5234375 0.01640625 0.02265625
8 0.696875 0.60703125 0.03046875 0.0265625
5 0.678125 0.5484375 0.0125 0.03515625
5 0.7171875 0.521875 0.01640625 0.02421875
5 0.665625 0.521875 0.01015625 0.0234375
5 0.66015625 0.43984375 0.0125 0.01875
5 0.65078125 0.42265625 0.01640625 0.02421875
5 0.578125 0.471875 0.01328125 0.025
5 0.57734375 0.38046875 0.01640625 0.0359375
8 0.51875 0.3734375 0.0328125 0.03984375
5 0.5046875 0.39921875 0.01015625 0.021875
5 0.6015625 0.3171875 0.01328125 0.01796875
5 0.59765625 0.34609375 0.01875 0.0328125
5 0.6578125 0.22265625 0.02109375 0.028125
5 0.72734375 0.29140625 0.02265625 0.05546875
5 0.58359375 0.72578125 0.01015625 0.01953125
5 0.69453125 0.60625 0.015625 0.01875
5 0.62421875 0.21953125 0.01640625 0.02890625
5 0.42421875 0.6578125 0.009375 0.03046875
5 0.5078125 0.365625 0.009375 0.01796875
5 0.5078125 0.6890625 0.0109375 0.01875
5 0.51328125 0.709375 0.01328125 0.021875
5 0.56953125 0.7171875 0.00546875 0.0140625
5 0.52109375 0.384375 0.00859375 0.01953125