8 0.38671875 0.65546875 0.0359375 0.03828125
5 0.38984375 0.65625 0.01328125 0.0265625
5 0.3765625 0.65703125 0.01484375 0.021875
8 0.45546875 0.71328125 0.02578125 0.059375
8 0.50703125 0.76171875 0.02421875 0.06328125
5 0.5265625 0.67109375 0.01328125 0.01953125
5 0.50625 0.74609375 0.009375 0.02109375
5 0.49609375 0.55625 0.01328125 0.0203125
5 0.52734375 0.63203125 0.01171875 0.025
5 0.63203125 0.54296875 0.01796875 0.025
8 0.63828125 0.63046875 0.03046875 0.0265625
5 0.6203125 0.571875 0.0125 0.02265625
5 0.65625 0.54296875 0.01640625 0.02421875
5 0.609375 0.546875 0.009375 0.02265625
5 0.609375 0.4609375 0.0125 0.01875
5 0.59296875 0.43984375 0.015625 0.0234375
5 0.5234375 0.49609375 0.0140625 0.0234375
5 0.51875 0.40625 0.0140625 0.02578125
8 0.46484375 0.3984375 0.034375 0.04140625
5 0.546875 0.33984375 0.01328125 0.01796875
5 0.53515625 0.37734375 0.0171875 0.0296875
5 0.5953125 0.2515625 0.0140625 0.02265625
5 0.6703125 0.309375 0.02265625 0.046875
5 0.53203125 0.7578125 0.01015625 0.01953125
5 0.6359375 0.63125 0.01640625 0.01953125
5 0.56640625 0.24765625 0.01640625 0.02890625
5 0.37578125 0.678125 0.01171875 0.021875
5 0.4515625 0.3890625 0.009375 0.01640625
5 0.446875 0.4265625 0.0109375 0.01875
5 0.4484375 0.7140625 0.01015625 0.01796875
5 0.46015625 0.7328125 0.01328125 0.0234375
5 0.525 0.75625 0.009375 0.01875
5 0.38828125 0.70859375 0.01796875 0.03125
5 0.46484375 0.40859375 0.01171875 0.01796875