8 0.46953125 0.6203125 0.04296875 0.04296875
5 0.471875 0.62109375 0.0125 0.02578125
5 0.45703125 0.61640625 0.01484375 0.02109375
8 0.5359375 0.66875 0.0234375 0.05390625
8 0.58125 0.71328125 0.021875 0.05703125
5 0.6171875 0.70078125 0.0109375 0.0140625
5 0.60546875 0.63515625 0.0140625 0.02109375
5 0.61015625 0.70703125 0.0140625 0.021875
5 0.578125 0.515625 0.01328125 0.0203125
5 0.60859375 0.59296875 0.0109375 0.0234375
5 0.7171875 0.50546875 0.015625 0.021875
8 0.725 0.5875 0.03046875 0.0265625
5 0.7015625 0.5359375 0.0109375 0.03203125
5 0.74296875 0.50234375 0.01484375 0.021875
5 0.6890625 0.49921875 0.01015625 0.0234375
5 0.68828125 0.42109375 0.0125 0.01875
5 0.67578125 0.4078125 0.01484375 0.021875
5 0.6046875 0.4515625 0.01171875 0.021875
5 0.603125 0.365625 0.01640625 0.0359375
8 0.54453125 0.35390625 0.0375 0.03984375
5 0.6328125 0.29609375 0.01328125 0.01796875
5 0.6265625 0.3234375 0.01875 0.0328125
5 0.68125 0.20234375 0.0203125 0.0265625
5 0.75390625 0.2734375 0.021875 0.053125
5 0.58828125 0.6921875 0.01015625 0.01875
5 0.721875 0.58671875 0.015625 0.01875
5 0.64765625 0.1984375 0.01171875 0.028125
5 0.4515625 0.64375 0.0125 0.02734375
5 0.53125 0.34765625 0.009375 0.01796875
5 0.528125 0.37734375 0.0109375 0.01953125
5 0.53515625 0.665625 0.00703125 0.015625
5 0.53515625 0.68203125 0.0109375 0.0140625
5 0.54765625 0.3625 0.00859375 0.015625