8 0.36953125 0.66015625 0.0359375 0.03828125
5 0.37578125 0.6609375 0.01328125 0.0265625
5 0.3609375 0.6609375 0.01484375 0.021875
8 0.43984375 0.71875 0.02578125 0.059375
8 0.490625 0.76953125 0.02109375 0.06328125
5 0.51328125 0.67421875 0.01328125 0.01953125
5 0.49140625 0.7546875 0.009375 0.02109375
5 0.490625 0.55703125 0.01328125 0.0203125
5 0.51171875 0.63984375 0.01171875 0.0234375
5 0.61640625 0.54765625 0.01953125 0.0265625
8 0.62265625 0.63671875 0.02890625 0.025
5 0.60625 0.57578125 0.0125 0.0234375
5 0.64296875 0.5484375 0.0109375 0.02578125
5 0.5953125 0.55234375 0.009375 0.02265625
5 0.5921875 0.46953125 0.01171875 0.01796875
5 0.57890625 0.44375 0.01640625 0.02421875
5 0.50625 0.49765625 0.0140625 0.0234375
5 0.50390625 0.4125 0.0140625 0.02578125
8 0.4484375 0.40390625 0.034375 0.04140625
5 0.53046875 0.34609375 0.0125 0.02421875
5 0.5171875 0.38359375 0.015625 0.03203125
5 0.584375 0.259375 0.01484375 0.0234375
5 0.65390625 0.31640625 0.0171875 0.04140625
5 0.5171875 0.759375 0.01015625 0.01953125
5 0.615625 0.6375 0.015625 0.01875
5 0.55234375 0.25390625 0.0171875 0.03046875
5 0.35859375 0.67890625 0.01171875 0.021875
5 0.43828125 0.39296875 0.009375 0.01640625
5 0.43203125 0.4328125 0.0109375 0.01875
5 0.43359375 0.72265625 0.01015625 0.01796875
5 0.440625 0.73515625 0.01328125 0.0234375
5 0.509375 0.7640625 0.009375 0.01875
5 0.3703125 0.7109375 0.01796875 0.03125
5 0.4484375 0.41328125 0.01171875 0.01796875