8 0.48203125 0.609375 0.04296875 0.04296875
5 0.48203125 0.6109375 0.01171875 0.02421875
5 0.46796875 0.60546875 0.0140625 0.0203125
8 0.5484375 0.65703125 0.0234375 0.05390625
8 0.59765625 0.69921875 0.021875 0.05703125
5 0.62265625 0.690625 0.0109375 0.0140625
5 0.615625 0.62421875 0.0140625 0.02109375
5 0.6203125 0.69375 0.0140625 0.021875
5 0.5890625 0.50546875 0.01328125 0.02109375
5 0.6234375 0.5765625 0.0109375 0.0234375
5 0.71484375 0.525 0.015625 0.021875
8 0.7359375 0.5765625 0.03046875 0.0265625
5 0.7328125 0.4890625 0.02265625 0.03203125
5 0.75703125 0.4921875 0.01484375 0.021875
5 0.70390625 0.4859375 0.01015625 0.0234375
5 0.7015625 0.4078125 0.0125 0.01953125
5 0.69140625 0.39453125 0.01484375 0.021875
5 0.61796875 0.4390625 0.01171875 0.021875
5 0.61484375 0.35390625 0.0234375 0.034375
8 0.55625 0.3421875 0.0375 0.040625
5 0.5421875 0.365625 0.009375 0.02109375
5 0.6375 0.284375 0.0140625 0.01875
5 0.6375 0.31171875 0.01875 0.0328125
5 0.70078125 0.18828125 0.0203125 0.0265625
5 0.76640625 0.2625 0.02109375 0.05078125
5 0.596875 0.6796875 0.0078125 0.0140625
5 0.73515625 0.575 0.015625 0.01875
5 0.66015625 0.1890625 0.0125 0.02890625
5 0.4640625 0.634375 0.0125 0.02734375
5 0.55546875 0.6765625 0.00859375 0.01953125
5 0.559375 0.35234375 0.009375 0.01796875
5 0.546875 0.65703125 0.00625 0.02734375
5 0.54609375 0.33359375 0.01015625 0.0171875