8 0.32578125 0.671875 0.034375 0.0359375
5 0.3265625 0.67578125 0.01328125 0.0265625
5 0.31640625 0.6671875 0.015625 0.02265625
8 0.390625 0.73203125 0.0265625 0.06328125
8 0.44296875 0.79140625 0.02265625 0.05625
5 0.4671875 0.684375 0.015625 0.0234375
5 0.45078125 0.77578125 0.0109375 0.0234375
5 0.43515625 0.5703125 0.01484375 0.02265625
5 0.4640625 0.64921875 0.01171875 0.025
5 0.5625 0.56328125 0.01484375 0.028125
8 0.5625 0.6515625 0.02890625 0.02578125
5 0.5578125 0.58515625 0.0125 0.0234375
5 0.5921875 0.5609375 0.01171875 0.02734375
5 0.55078125 0.5703125 0.01015625 0.0234375
5 0.54296875 0.48984375 0.0140625 0.021875
5 0.52421875 0.44375 0.01640625 0.02421875
5 0.45390625 0.521875 0.0140625 0.0234375
5 0.4578125 0.4171875 0.01796875 0.03359375
8 0.3984375 0.41640625 0.03046875 0.0515625
5 0.4859375 0.36640625 0.01484375 0.028125
5 0.465625 0.4015625 0.0171875 0.0359375
5 0.53125 0.28125 0.01484375 0.0234375
5 0.60625 0.32578125 0.0171875 0.04140625
5 0.465625 0.78828125 0.0109375 0.0203125
5 0.5609375 0.653125 0.01796875 0.021875
5 0.5015625 0.26328125 0.0171875 0.03046875
5 0.4 0.4265625 0.01015625 0.01875
5 0.384375 0.44609375 0.0109375 0.01953125
5 0.3890625 0.73125 0.01171875 0.0203125
5 0.39296875 0.74921875 0.01328125 0.0234375
5 0.47578125 0.77578125 0.0109375 0.021875
5 0.32578125 0.71484375 0.0203125 0.02890625
5 0.38984375 0.4015625 0.01328125 0.01953125
5 0.37578125 0.721875 0.0109375 0.0203125