5 0.64453125 0.6625 0.0125 0.02109375
5 0.54140625 0.54375 0.0109375 0.01953125
5 0.5578125 0.5203125 0.01015625 0.0234375
5 0.5953125 0.5421875 0.01171875 0.02578125
5 0.63359375 0.48671875 0.0109375 0.01875
5 0.684375 0.49296875 0.0109375 0.03046875
5 0.715625 0.52734375 0.01171875 0.02578125
5 0.7203125 0.44609375 0.01171875 0.0203125
5 0.7234375 0.40390625 0.009375 0.02421875
5 0.69609375 0.3921875 0.021875 0.04453125
5 0.7015625 0.3234375 0.0125 0.0234375
5 0.68203125 0.2890625 0.01328125 0.02109375
5 0.728125 0.2359375 0.0125 0.01640625
5 0.7109375 0.196875 0.0109375 0.02734375
5 0.578125 0.46640625 0.01015625 0.0234375
5 0.57890625 0.43671875 0.0109375 0.02421875
5 0.615625 0.325 0.0125 0.02890625
5 0.65390625 0.34453125 0.0109375 0.02421875
5 0.46875 0.5265625 0.009375 0.01796875
5 0.465625 0.47890625 0.0203125 0.03828125
5 0.4921875 0.48359375 0.00859375 0.0203125
5 0.50859375 0.46484375 0.01640625 0.0328125
5 0.52890625 0.42890625 0.0109375 0.02421875
5 0.5453125 0.45078125 0.0140625 0.02421875
8 0.3765625 0.434375 0.0359375 0.04921875
8 0.29609375 0.6265625 0.03984375 0.03828125
8 0.3046875 0.68203125 0.02578125 0.05078125
8 0.640625 0.17421875 0.0234375 0.065625
8 0.63828125 0.13828125 0.04296875 0.0359375
8 0.69921875 0.2046875 0.01484375 0.0625
5 0.31015625 0.6296875 0.02265625 0.02265625
5 0.3765625 0.4421875 0.015625 0.02734375
5 0.38125 0.43125 0.0125 0.0203125
5 0.38671875 0.42265625 0.0125 0.02265625
5 0.6375 0.184375 0.00703125 0.015625
5 0.64453125 0.17890625 0.0078125 0.0140625
5 0.64609375 0.15546875 0.009375 0.0203125
5 0.6421875 0.1328125 0.0171875 0.02265625