5 0.378125 0.5640625 0.01171875 0.02578125
5 0.39609375 0.5453125 0.0140625 0.02734375
5 0.42265625 0.5078125 0.0109375 0.0203125
5 0.45703125 0.54453125 0.009375 0.01953125
5 0.47421875 0.58125 0.01171875 0.0203125
5 0.45703125 0.5953125 0.0109375 0.01953125
5 0.43828125 0.625 0.015625 0.02890625
5 0.44765625 0.6171875 0.009375 0.01875
5 0.4828125 0.64375 0.0140625 0.0234375
5 0.55859375 0.540625 0.02265625 0.0484375
5 0.8125 0.55390625 0.01484375 0.01875
5 0.675 0.51328125 0.01484375 0.0265625
5 0.37890625 0.44453125 0.009375 0.01875
5 0.34921875 0.3515625 0.01484375 0.0234375
5 0.36484375 0.26796875 0.00859375 0.01875
5 0.40625 0.1859375 0.0140625 0.0203125
5 0.39609375 0.15234375 0.0078125 0.01953125
5 0.40546875 0.128125 0.01015625 0.02109375
5 0.4546875 0.1140625 0.01015625 0.01953125
5 0.45625 0.15546875 0.01484375 0.02890625
5 0.428125 0.20390625 0.009375 0.01875
5 0.41328125 0.2578125 0.0109375 0.0265625
5 0.44140625 0.27578125 0.0125 0.02578125
5 0.45078125 0.31796875 0.0125 0.03046875
5 0.44296875 0.36953125 0.01171875 0.01875
5 0.4203125 0.38828125 0.0125 0.0234375
5 0.41875 0.403125 0.0078125 0.01875
5 0.2640625 0.39375 0.0140625 0.015625
5 0.2390625 0.428125 0.0109375 0.01640625
5 0.25234375 0.375 0.0125 0.01875
5 0.2890625 0.409375 0.0203125 0.02421875
5 0.6890625 0.5296875 0.00859375 0.01796875
5 0.69765625 0.540625 0.0078125 0.0234375
5 0.70546875 0.540625 0.0078125 0.02109375
5 0.8875 0.65546875 0.0171875 0.01640625
5 0.8953125 0.67734375 0.0125 0.01328125
5 0.64765625 0.90546875 0.0078125 0.03203125
5 0.665625 0.9078125 0.0078125 0.02421875
8 0.2375 0.42265625 0.0203125 0.05234375
8 0.2546875 0.37734375 0.0421875 0.0375
8 0.696875 0.534375 0.0359375 0.04609375
8 0.88828125 0.659375 0.028125 0.059375
8 0.65625 0.90078125 0.0390625 0.0375