5 0.0984375 0.565625 0.0234375 0.0328125
5 0.08515625 0.58203125 0.0171875 0.02734375
5 0.065625 0.68671875 0.0203125 0.03671875
5 0.1296875 0.83125 0.0203125 0.0375
5 0.13203125 0.79296875 0.0203125 0.04375
5 0.4890625 0.259375 0.0171875 0.03359375
5 0.5453125 0.26640625 0.01640625 0.0328125
5 0.55078125 0.46640625 0.040625 0.06171875
5 0.50546875 0.62421875 0.03671875 0.05078125
5 0.5046875 0.8734375 0.0203125 0.0296875
5 0.44921875 0.98046875 0.0171875 0.0390625
4 0.67421875 0.99375 0.0109375 0.0125
5 0.70234375 0.52734375 0.0171875 0.02890625
5 0.6515625 0.43671875 0.015625 0.034375
5 0.709375 0.4265625 0.01875 0.0296875
5 0.76328125 0.47578125 0.021875 0.04453125
5 0.9265625 0.54609375 0.021875 0.0265625
5 0.9390625 0.59140625 0.02109375 0.03671875
5 0.92109375 0.30546875 0.0140625 0.03125
5 0.93203125 0.30859375 0.01640625 0.0359375
4 0.728125 0.328125 0.01015625 0.02578125
5 0.04296875 0.54921875 0.021875 0.053125
5 0.01796875 0.54921875 0.015625 0.03203125
5 0.28984375 0.09765625 0.01796875 0.03203125
5 0.290625 0.0703125 0.0171875 0.02421875
5 0.35859375 0.07265625 0.0171875 0.03125
5 0.084375 0.0671875 0.01640625 0.025
5 0.471875 0.0234375 0.01875 0.02578125
5 0.91953125 0.0546875 0.025 0.03203125
5 0.534375 0.48828125 0.01484375 0.03125
5 0.17890625 0.03125 0.021875 0.03984375
5 0.92421875 0.02578125 0.0203125 0.03125
5 0.16640625 0.02109375 0.0140625 0.0234375