5 0.1 0.61171875 0.0234375 0.0328125
5 0.0828125 0.62890625 0.0171875 0.02734375
5 0.06796875 0.72890625 0.01953125 0.03515625
5 0.128125 0.87265625 0.02109375 0.0390625
5 0.13125 0.84140625 0.02109375 0.04609375
5 0.49296875 0.30390625 0.01640625 0.03203125
5 0.546875 0.3109375 0.01640625 0.0328125
5 0.55234375 0.51328125 0.040625 0.06171875
5 0.50625 0.665625 0.03671875 0.05078125
5 0.50625 0.921875 0.0203125 0.0296875
5 0.70546875 0.5703125 0.01640625 0.02734375
5 0.6515625 0.48046875 0.015625 0.034375
5 0.7078125 0.46640625 0.01796875 0.028125
5 0.76796875 0.52109375 0.021875 0.04453125
5 0.92734375 0.59375 0.0234375 0.028125
5 0.93828125 0.634375 0.021875 0.03828125
5 0.92421875 0.35234375 0.0140625 0.03125
5 0.93671875 0.35390625 0.01640625 0.0359375
4 0.728125 0.36875 0.01015625 0.02578125
5 0.04921875 0.5859375 0.0234375 0.05546875
5 0.01953125 0.5984375 0.01953125 0.03359375
5 0.2890625 0.14375 0.01875 0.03359375
5 0.29375 0.11640625 0.01796875 0.02578125
5 0.35703125 0.11796875 0.01796875 0.0328125
5 0.0859375 0.1125 0.01640625 0.025
5 0.47421875 0.06953125 0.01875 0.02578125
5 0.9171875 0.09609375 0.025 0.03203125
5 0.5359375 0.534375 0.01484375 0.03125
5 0.175 0.07890625 0.021875 0.03984375
5 0.92578125 0.06875 0.0203125 0.03125
5 0.184375 0.01640625 0.01875 0.03203125
5 0.16328125 0.06328125 0.01171875 0.02578125