5 0.10078125 0.6609375 0.02265625 0.03125
5 0.084375 0.68046875 0.0171875 0.02734375
5 0.0703125 0.7828125 0.0203125 0.03671875
5 0.13125 0.9203125 0.0203125 0.0375
5 0.1328125 0.88984375 0.02109375 0.04609375
5 0.49609375 0.35390625 0.015625 0.03046875
5 0.54921875 0.3640625 0.01640625 0.0328125
5 0.5546875 0.5609375 0.040625 0.06171875
5 0.5109375 0.71875 0.0390625 0.053125
5 0.50390625 0.97578125 0.0203125 0.03125
5 0.70546875 0.61953125 0.01640625 0.02734375
5 0.6515625 0.53046875 0.015625 0.034375
5 0.70390625 0.51171875 0.01796875 0.028125
5 0.76640625 0.578125 0.021875 0.04453125
5 0.9265625 0.64296875 0.0234375 0.028125
5 0.9421875 0.6828125 0.021875 0.03828125
5 0.9203125 0.4015625 0.01328125 0.0296875
5 0.934375 0.409375 0.0171875 0.03828125
4 0.7296875 0.421875 0.01015625 0.02578125
5 0.04921875 0.6296875 0.01953125 0.04609375
5 0.0203125 0.64609375 0.01953125 0.03359375
5 0.2921875 0.19375 0.01875 0.03359375
5 0.2953125 0.16796875 0.01796875 0.02578125
5 0.3546875 0.1734375 0.01796875 0.0328125
5 0.0890625 0.16484375 0.01640625 0.025
5 0.47578125 0.12265625 0.01875 0.02578125
5 0.91640625 0.14609375 0.025 0.03203125
5 0.53828125 0.58828125 0.01484375 0.03125
5 0.175 0.13125 0.021875 0.03984375
5 0.92578125 0.11328125 0.01953125 0.03046875
5 0.18671875 0.06796875 0.01796875 0.040625
5 0.05234375 0.22421875 0.0171875 0.03359375
5 0.16484375 0.1109375 0.01171875 0.02421875