5 0.1015625 0.70546875 0.02265625 0.03125
5 0.084375 0.72578125 0.0171875 0.02734375
5 0.06953125 0.83046875 0.0203125 0.03671875
5 0.128125 0.96875 0.0203125 0.0375
5 0.13359375 0.9359375 0.02109375 0.04609375
5 0.4984375 0.39921875 0.015625 0.03046875
5 0.55078125 0.41796875 0.0171875 0.034375
5 0.5578125 0.60859375 0.040625 0.06171875
5 0.51875 0.76171875 0.03125 0.040625
5 0.70625 0.66796875 0.015625 0.02578125
5 0.65390625 0.56953125 0.015625 0.034375
5 0.7078125 0.5515625 0.0171875 0.0265625
5 0.76875 0.61796875 0.021875 0.04453125
5 0.92890625 0.69140625 0.021875 0.0265625
5 0.94453125 0.728125 0.021875 0.03828125
5 0.925 0.44765625 0.0140625 0.03125
5 0.9375 0.44921875 0.0171875 0.03828125
4 0.72890625 0.4640625 0.01015625 0.02734375
5 0.05078125 0.67890625 0.0203125 0.0484375
5 0.02109375 0.69453125 0.0203125 0.0359375
5 0.29140625 0.24140625 0.01875 0.03359375
5 0.29296875 0.215625 0.01796875 0.02578125
5 0.35625 0.21171875 0.01796875 0.0328125
5 0.08828125 0.21171875 0.0171875 0.0265625
5 0.48046875 0.16875 0.01875 0.02578125
5 0.915625 0.19296875 0.025 0.03203125
5 0.53671875 0.63359375 0.0140625 0.03046875
5 0.1765625 0.17734375 0.021875 0.03984375
5 0.925 0.1625 0.01953125 0.03046875
5 0.1890625 0.1109375 0.01796875 0.040625
5 0.0515625 0.26328125 0.0171875 0.03359375
5 0.16640625 0.15390625 0.0109375 0.0234375