5 0.52421875 0.8671875 0.01875 0.03515625
5 0.5671875 0.90546875 0.01640625 0.04140625
5 0.9390625 0.93046875 0.0125 0.0265625
5 0.946875 0.9359375 0.01640625 0.03046875
4 0.73671875 0.95078125 0.0109375 0.03046875
5 0.303125 0.73515625 0.01953125 0.03515625
5 0.30859375 0.7078125 0.0171875 0.02421875
5 0.35859375 0.7234375 0.0171875 0.03125
5 0.12265625 0.7234375 0.01796875 0.028125
5 0.4953125 0.65625 0.01875 0.0265625
5 0.915625 0.675 0.01796875 0.03046875
5 0.18203125 0.66171875 0.0171875 0.03203125
5 0.92265625 0.64921875 0.01875 0.0359375
5 0.21484375 0.60859375 0.015625 0.034375
5 0.06640625 0.78203125 0.0171875 0.03359375
5 0.19765625 0.45859375 0.02265625 0.01640625
5 0.328125 0.44765625 0.01484375 0.034375
5 0.325 0.47890625 0.0140625 0.02890625
5 0.14375 0.42421875 0.0171875 0.03671875
5 0.10703125 0.384375 0.01875 0.02890625
5 0.74921875 0.42890625 0.015625 0.03125
5 0.75546875 0.40625 0.0203125 0.034375
5 0.77578125 0.41640625 0.015625 0.03359375
5 0.1734375 0.64296875 0.01328125 0.02890625
5 0.4015625 0.25546875 0.01640625 0.040625
5 0.52109375 0.2640625 0.0171875 0.0390625
5 0.13515625 0.2015625 0.01328125 0.0453125
5 0.484375 0.14453125 0.021875 0.03125
5 0.86640625 0.09140625 0.0203125 0.0390625
5 0.0328125 0.878125 0.02109375 0.0375