5 0.31015625 0.8859375 0.01953125 0.03515625
5 0.3125 0.85703125 0.0171875 0.03203125
5 0.35859375 0.87734375 0.01640625 0.03046875
5 0.134375 0.88046875 0.0171875 0.0265625
5 0.5015625 0.81171875 0.01796875 0.025
5 0.915625 0.81953125 0.0171875 0.02890625
5 0.1859375 0.8125 0.021875 0.0296875
5 0.9203125 0.79453125 0.01875 0.03359375
5 0.2234375 0.75859375 0.015625 0.034375
5 0.07265625 0.93046875 0.01796875 0.03515625
5 0.2046875 0.60625 0.02109375 0.0140625
5 0.334375 0.60390625 0.01484375 0.034375
5 0.33046875 0.63515625 0.01328125 0.028125
5 0.1484375 0.5765625 0.0171875 0.03671875
5 0.1109375 0.53671875 0.01796875 0.02734375
5 0.7609375 0.55703125 0.015625 0.03125
5 0.75 0.56640625 0.01953125 0.0328125
5 0.7765625 0.56171875 0.01484375 0.03203125
5 0.178125 0.78671875 0.0140625 0.03046875
5 0.40390625 0.409375 0.015625 0.03828125
5 0.52265625 0.4140625 0.0171875 0.0390625
5 0.1421875 0.3578125 0.01328125 0.04296875
5 0.48828125 0.296875 0.0140625 0.0328125
5 0.87109375 0.240625 0.02734375 0.0515625
5 0.60625 0.10703125 0.02734375 0.04609375
4 0.621875 0.04375 0.00703125 0.015625