5 0.3125 0.971875 0.01953125 0.03515625
5 0.3140625 0.94140625 0.0171875 0.03203125
5 0.3625 0.9609375 0.0171875 0.03125
5 0.14296875 0.96875 0.015625 0.03203125
5 0.50234375 0.8953125 0.01796875 0.025
5 0.91484375 0.9046875 0.0171875 0.02890625
5 0.18828125 0.90078125 0.021875 0.0296875
5 0.92265625 0.878125 0.01875 0.040625
5 0.22578125 0.84296875 0.01640625 0.03671875
5 0.20703125 0.690625 0.0234375 0.0234375
5 0.33515625 0.69140625 0.01484375 0.034375
5 0.334375 0.71953125 0.0140625 0.02890625
5 0.1546875 0.66796875 0.0171875 0.03671875
5 0.11640625 0.6234375 0.01875 0.02890625
5 0.76171875 0.64375 0.015625 0.03125
5 0.75390625 0.65859375 0.01640625 0.03359375
5 0.778125 0.64765625 0.01484375 0.03203125
5 0.1828125 0.87109375 0.01328125 0.02890625
5 0.40859375 0.4890625 0.015625 0.03828125
5 0.525 0.50390625 0.0171875 0.0390625
5 0.14453125 0.4453125 0.01328125 0.04296875
5 0.49296875 0.3734375 0.0234375 0.046875
5 0.87265625 0.32734375 0.02890625 0.0546875
5 0.60390625 0.19296875 0.02109375 0.0328125
4 0.62734375 0.11640625 0.00703125 0.01484375
5 0.9015625 0.0359375 0.02265625 0.065625
5 0.63359375 0.07890625 0.01875 0.03203125