5 0.22421875 0.9546875 0.02265625 0.02265625
5 0.34765625 0.95703125 0.01328125 0.03125
5 0.346875 0.98046875 0.01484375 0.03046875
5 0.1625 0.9359375 0.01875 0.03125
5 0.12890625 0.89140625 0.01796875 0.02734375
5 0.78203125 0.89765625 0.0140625 0.03125
5 0.7578125 0.9078125 0.0171875 0.03515625
5 0.7703125 0.896875 0.01484375 0.03203125
5 0.415625 0.7515625 0.015625 0.03828125
5 0.5265625 0.76953125 0.01640625 0.0375
5 0.15625 0.71328125 0.0140625 0.04765625
5 0.49453125 0.6203125 0.0203125 0.053125
5 0.87578125 0.56328125 0.034375 0.0640625
5 0.60625 0.453125 0.021875 0.034375
5 0.91015625 0.29453125 0.0234375 0.06875
5 0.64140625 0.34375 0.01796875 0.03125
5 0.9671875 0.146875 0.02578125 0.03671875
5 0.6828125 0.065625 0.01953125 0.0296875
5 0.72578125 0.12578125 0.015625 0.034375
5 0.225 0.04921875 0.0109375 0.03828125
5 0.25703125 0.03125 0.01875 0.034375
4 0.6390625 0.37421875 0.00859375 0.01015625