5 0.13359375 0.96015625 0.01796875 0.02734375
5 0.784375 0.95546875 0.0140625 0.03125
5 0.7640625 0.96953125 0.01796875 0.03671875
5 0.771875 0.9578125 0.01484375 0.03515625
5 0.421875 0.821875 0.015625 0.03828125
5 0.5296875 0.83515625 0.01640625 0.0375
5 0.159375 0.78359375 0.0140625 0.04765625
5 0.49609375 0.6765625 0.02109375 0.05625
5 0.884375 0.6359375 0.02890625 0.046875
5 0.609375 0.5140625 0.02109375 0.0328125
5 0.91328125 0.35390625 0.0234375 0.06875
5 0.6421875 0.40546875 0.0171875 0.0296875
5 0.96796875 0.209375 0.01953125 0.03359375
5 0.6859375 0.13125 0.01953125 0.0296875
5 0.72421875 0.19453125 0.015625 0.034375
5 0.22578125 0.1203125 0.01171875 0.0265625
5 0.26015625 0.1015625 0.01796875 0.03203125
5 0.225 0.05390625 0.015625 0.03203125
5 0.4546875 0.0203125 0.01640625 0.02734375
5 0.47265625 0.028125 0.0109375 0.0359375
4 0.6375 0.45546875 0.01171875 0.01875
5 0.9921875 0.05 0.01484375 0.034375