5 0.50546875 0.95546875 0.0203125 0.053125
5 0.90859375 0.92890625 0.02734375 0.04453125
5 0.6296875 0.83203125 0.015625 0.034375
5 0.93203125 0.63671875 0.021875 0.05703125
5 0.6546875 0.71875 0.01796875 0.03125
5 0.97890625 0.49140625 0.0171875 0.02890625
5 0.69765625 0.44140625 0.01953125 0.0296875
5 0.725 0.496875 0.0171875 0.03828125
5 0.278125 0.44453125 0.01796875 0.03203125
5 0.2265625 0.40390625 0.015625 0.03203125
5 0.459375 0.3625 0.01640625 0.02734375
5 0.4796875 0.3625 0.01171875 0.0390625
5 0.690625 0.27109375 0.015625 0.034375
5 0.42421875 0.26640625 0.01484375 0.0328125
5 0.4 0.27578125 0.01328125 0.0296875
5 0.99609375 0.17734375 0.0078125 0.0265625
5 0.6359375 0.1984375 0.01484375 0.0359375
5 0.37890625 0.18828125 0.0328125 0.03046875
5 0.240625 0.46640625 0.0171875 0.03125
5 0.28828125 0.165625 0.0125 0.02578125
5 0.325 0.1515625 0.0125 0.02421875
5 0.35234375 0.14765625 0.0171875 0.02421875
5 0.65234375 0.13125 0.0265625 0.040625