5 0.94921875 0.78515625 0.02265625 0.05859375
5 0.67578125 0.89453125 0.01796875 0.0359375
5 0.99140625 0.63671875 0.0171875 0.03046875
5 0.7109375 0.59609375 0.01953125 0.0296875
5 0.73984375 0.653125 0.0171875 0.03828125
5 0.29609375 0.64296875 0.01640625 0.0296875
5 0.46640625 0.559375 0.0140625 0.0234375
5 0.49140625 0.54609375 0.0109375 0.0359375
5 0.68671875 0.4359375 0.01640625 0.03671875
5 0.43203125 0.44453125 0.01484375 0.0328125
5 0.41015625 0.459375 0.01328125 0.0296875
5 0.640625 0.3578125 0.01484375 0.0359375
5 0.38046875 0.37890625 0.0328125 0.03046875
5 0.25703125 0.66171875 0.0171875 0.03125
5 0.29921875 0.35703125 0.0125 0.02578125
5 0.33125 0.34375 0.015625 0.02265625
5 0.36015625 0.340625 0.01640625 0.0234375
5 0.65859375 0.29453125 0.025 0.03828125
4 0.675 0.91796875 0.0109375 0.01171875
5 0.3515625 0.18203125 0.0125 0.03046875
5 0.38203125 0.1921875 0.01484375 0.02890625
5 0.9609375 0.09140625 0.0203125 0.04453125
5 0.9921875 0.09765625 0.01484375 0.0546875
5 0.36484375 0.08046875 0.01484375 0.03125
5 0.98828125 0.03203125 0.01640625 0.040625
5 0.77109375 0.05546875 0.01796875 0.034375
5 0.4359375 0.078125 0.02109375 0.034375
5 0.50859375 0.0734375 0.02109375 0.02890625
5 0.22734375 0.60234375 0.0171875 0.02890625
5 0.403125 0.0265625 0.015625 0.0359375
5 0.5484375 0.03203125 0.01875 0.040625