5 0.09921875 0.42578125 0.03046875 0.03125
5 0.0765625 0.43359375 0.0140625 0.02421875
5 0.0609375 0.53671875 0.01875 0.03359375
5 0.140625 0.64375 0.0203125 0.0375
5 0.14296875 0.68046875 0.02109375 0.02890625
5 0.05390625 0.9078125 0.01640625 0.03203125
5 0.1390625 0.98828125 0.0234375 0.0234375
5 0.47421875 0.14375 0.0171875 0.03359375
5 0.53359375 0.12421875 0.01328125 0.02734375
5 0.553125 0.30859375 0.03515625 0.053125
5 0.48671875 0.46328125 0.040625 0.0453125
5 0.51015625 0.7015625 0.02265625 0.034375
5 0.4421875 0.84453125 0.01796875 0.04609375
5 0.5125 0.87109375 0.0203125 0.028125
4 0.66796875 0.85625 0.01015625 0.01875
5 0.696875 0.39296875 0.0171875 0.02890625
5 0.6515625 0.29140625 0.015625 0.034375
5 0.7109375 0.2921875 0.01640625 0.02578125
5 0.765625 0.34296875 0.02109375 0.0421875
5 0.92265625 0.39140625 0.02890625 0.02890625
5 0.93828125 0.44765625 0.0203125 0.034375
5 0.91484375 0.165625 0.01484375 0.03203125
5 0.92265625 0.1703125 0.0171875 0.0359375
4 0.72109375 0.18046875 0.009375 0.0234375
4 0.74375 0.315625 0.01328125 0.01953125
5 0.03203125 0.42421875 0.0125 0.03203125
5 0.01171875 0.4046875 0.01875 0.03671875