5 0.98203125 0.871875 0.02265625 0.05859375
5 0.73515625 0.72421875 0.01875 0.028125
5 0.7703125 0.77109375 0.01953125 0.0265625
5 0.3140625 0.8265625 0.0171875 0.03125
5 0.49140625 0.740625 0.01328125 0.034375
5 0.5140625 0.71171875 0.01328125 0.02421875
5 0.68671875 0.57265625 0.01875 0.040625
5 0.4484375 0.61953125 0.0109375 0.0328125
5 0.42578125 0.6328125 0.0125 0.028125
5 0.6546875 0.49765625 0.015625 0.0375
5 0.38671875 0.55078125 0.01875 0.01953125
5 0.278125 0.85546875 0.01875 0.034375
5 0.31796875 0.54140625 0.01328125 0.02734375
5 0.34453125 0.52578125 0.0140625 0.02421875
5 0.3734375 0.51484375 0.0171875 0.02421875
5 0.671875 0.4234375 0.0265625 0.040625
5 0.35703125 0.353125 0.0125 0.03046875
5 0.38828125 0.3640625 0.0140625 0.028125
5 0.96796875 0.19453125 0.0203125 0.04453125
5 0.99453125 0.18828125 0.01015625 0.04296875
5 0.371875 0.225 0.01328125 0.028125
5 0.990625 0.1375 0.01875 0.046875
5 0.77578125 0.18359375 0.01875 0.0359375
5 0.45546875 0.2484375 0.01328125 0.0390625
5 0.5078125 0.23828125 0.01796875 0.025
5 0.4 0.196875 0.015625 0.0359375
5 0.5328125 0.19453125 0.01953125 0.04296875
5 0.534375 0.1453125 0.0125 0.034375
5 0.83828125 0.00703125 0.01328125 0.0140625
5 0.80546875 0.009375 0.015625 0.01875