5 0.99296875 0.8953125 0.0140625 0.06171875
5 0.7484375 0.75546875 0.0203125 0.03125
5 0.78515625 0.79921875 0.01953125 0.0265625
5 0.33203125 0.88828125 0.01640625 0.0296875
5 0.5 0.79609375 0.0140625 0.03671875
5 0.521875 0.77265625 0.01328125 0.02421875
5 0.68359375 0.60859375 0.01953125 0.0421875
5 0.459375 0.67421875 0.0109375 0.03125
5 0.434375 0.68828125 0.0125 0.028125
5 0.6609375 0.53515625 0.01640625 0.0390625
5 0.39296875 0.6078125 0.015625 0.0234375
5 0.28984375 0.91640625 0.01875 0.034375
5 0.3234375 0.60546875 0.0125 0.02578125
5 0.35234375 0.58671875 0.0140625 0.02421875
5 0.38046875 0.57421875 0.01796875 0.02578125
5 0.67578125 0.4578125 0.0265625 0.040625
5 0.35859375 0.415625 0.0125 0.03046875
5 0.390625 0.4203125 0.01484375 0.02890625
5 0.96953125 0.20859375 0.0203125 0.04453125
5 0.99453125 0.19765625 0.01015625 0.04296875
5 0.36796875 0.27890625 0.01328125 0.0265625
5 0.98828125 0.153125 0.01796875 0.04453125
5 0.7734375 0.21640625 0.01875 0.0359375
5 0.46171875 0.31328125 0.0140625 0.0328125
5 0.5078125 0.28671875 0.01796875 0.025
5 0.40625 0.259375 0.01484375 0.03359375
5 0.5234375 0.25625 0.021875 0.046875
5 0.52890625 0.19296875 0.0078125 0.034375
5 0.8328125 0.0171875 0.01484375 0.03359375
5 0.79765625 0.03828125 0.0234375 0.04296875
4 0.696875 0.0328125 0.01015625 0.015625
4 0.4734375 0.3140625 0.0078125 0.01953125
5 0.5578125 0.0109375 0.01171875 0.021875