5 0.76328125 0.84453125 0.01953125 0.0296875
5 0.803125 0.87890625 0.021875 0.02890625
5 0.35234375 0.9828125 0.01796875 0.03203125
5 0.51875 0.90703125 0.015625 0.040625
5 0.534375 0.87421875 0.01484375 0.03828125
5 0.684375 0.69375 0.01953125 0.0421875
5 0.46875 0.76484375 0.0109375 0.03125
5 0.44765625 0.77890625 0.01328125 0.0296875
5 0.66953125 0.6140625 0.01640625 0.0390625
5 0.39609375 0.6953125 0.015625 0.0234375
5 0.340625 0.70078125 0.0140625 0.02890625
5 0.3625 0.696875 0.01484375 0.02578125
5 0.3890625 0.66953125 0.01875 0.0265625
5 0.684375 0.53671875 0.0265625 0.040625
5 0.3671875 0.51171875 0.0109375 0.028125
5 0.4 0.51328125 0.01484375 0.03046875
5 0.9859375 0.278125 0.02734375 0.0359375
5 0.99609375 0.22421875 0.00703125 0.04296875
5 0.375 0.35625 0.0140625 0.0296875
5 0.78125 0.284375 0.02109375 0.03984375
5 0.48046875 0.41953125 0.0140625 0.0328125
5 0.51328125 0.39140625 0.01796875 0.025
5 0.41328125 0.36015625 0.0171875 0.03203125
5 0.52265625 0.359375 0.02265625 0.040625
5 0.53046875 0.28359375 0.01171875 0.03828125
5 0.83828125 0.09296875 0.01640625 0.03671875
5 0.80546875 0.10859375 0.0234375 0.04296875
4 0.70078125 0.10703125 0.01015625 0.015625
5 0.55859375 0.0578125 0.01171875 0.0484375
5 0.81484375 0.04375 0.01953125 0.0203125
5 0.58828125 0.05390625 0.01875 0.03203125