5 0.76328125 0.86875 0.01953125 0.0296875
5 0.80390625 0.90625 0.021875 0.02890625
5 0.51875 0.93046875 0.015625 0.040625
5 0.5359375 0.896875 0.01484375 0.03828125
5 0.67890625 0.715625 0.01953125 0.0421875
5 0.4671875 0.7859375 0.0109375 0.03359375
5 0.44765625 0.79921875 0.01328125 0.0296875
5 0.66796875 0.634375 0.01640625 0.0390625
5 0.3921875 0.73046875 0.015625 0.0234375
5 0.340625 0.71875 0.0140625 0.02890625
5 0.35859375 0.71953125 0.01484375 0.02578125
5 0.3875 0.69140625 0.01953125 0.028125
5 0.6828125 0.55625 0.0265625 0.040625
5 0.36640625 0.53203125 0.01171875 0.02890625
5 0.39921875 0.53359375 0.015625 0.03203125
5 0.9859375 0.296875 0.02734375 0.0359375
5 0.99609375 0.2453125 0.00703125 0.0453125
5 0.3765625 0.371875 0.01484375 0.03125
5 0.78125 0.31015625 0.02109375 0.03984375
5 0.48203125 0.44609375 0.0140625 0.0328125
5 0.5171875 0.39453125 0.01796875 0.025
5 0.41640625 0.3796875 0.01796875 0.034375
5 0.52578125 0.35078125 0.02265625 0.040625
5 0.528125 0.303125 0.01171875 0.03828125
5 0.8375 0.11328125 0.0171875 0.03828125
5 0.80390625 0.12734375 0.0234375 0.04296875
4 0.69921875 0.12890625 0.01015625 0.015625
5 0.5578125 0.07421875 0.01171875 0.0484375
5 0.8140625 0.06328125 0.0203125 0.02109375
5 0.5875 0.0703125 0.0203125 0.034375
5 0.26328125 0.07109375 0.01484375 0.028125