5 0.09921875 0.42578125 0.02890625 0.03046875
5 0.0765625 0.43515625 0.0140625 0.02421875
5 0.06171875 0.5375 0.01875 0.03359375
5 0.1390625 0.64609375 0.0203125 0.0375
5 0.1421875 0.678125 0.02109375 0.02890625
5 0.05390625 0.9109375 0.01640625 0.03203125
5 0.1390625 0.98671875 0.0234375 0.0234375
5 0.47578125 0.140625 0.0171875 0.03359375
5 0.534375 0.1234375 0.01328125 0.02734375
5 0.55078125 0.3109375 0.03515625 0.053125
5 0.48828125 0.46484375 0.03828125 0.04296875
5 0.50859375 0.70390625 0.02265625 0.034375
5 0.440625 0.84296875 0.01796875 0.04609375
5 0.5109375 0.86953125 0.0203125 0.028125
4 0.66875 0.85546875 0.01015625 0.01875
5 0.69765625 0.390625 0.0171875 0.02890625
5 0.65234375 0.2921875 0.015625 0.034375
5 0.71015625 0.29140625 0.01640625 0.02578125
5 0.765625 0.34453125 0.02109375 0.0421875
5 0.92578125 0.39296875 0.02890625 0.02890625
5 0.93828125 0.44609375 0.0203125 0.034375
5 0.915625 0.16640625 0.01484375 0.03203125
5 0.9234375 0.17109375 0.0171875 0.0359375
4 0.72109375 0.18046875 0.009375 0.0234375
4 0.7453125 0.3203125 0.01328125 0.01953125
5 0.03203125 0.42265625 0.01875 0.034375
5 0.01171875 0.40703125 0.015625 0.04296875