5 0.7609375 0.8890625 0.0203125 0.03125
5 0.80234375 0.921875 0.021875 0.02890625
5 0.5171875 0.953125 0.015625 0.040625
5 0.534375 0.91640625 0.015625 0.040625
5 0.67265625 0.73828125 0.01953125 0.0421875
5 0.4640625 0.80546875 0.01171875 0.034375
5 0.44609375 0.81875 0.0140625 0.03125
5 0.66328125 0.653125 0.01640625 0.0390625
5 0.396875 0.7390625 0.015625 0.0234375
5 0.33515625 0.74921875 0.0140625 0.02890625
5 0.3546875 0.74140625 0.015625 0.0265625
5 0.38359375 0.71171875 0.0203125 0.0296875
5 0.68046875 0.575 0.0265625 0.040625
5 0.36328125 0.55078125 0.01171875 0.02890625
5 0.3953125 0.55546875 0.015625 0.03203125
5 0.98359375 0.325 0.02734375 0.0359375
5 0.99453125 0.26328125 0.0109375 0.034375
5 0.37578125 0.3890625 0.015625 0.03203125
5 0.7796875 0.32890625 0.02109375 0.03984375
5 0.48125 0.471875 0.01484375 0.034375
5 0.5046875 0.43203125 0.009375 0.025
5 0.41171875 0.4 0.01796875 0.034375
5 0.5140625 0.41484375 0.02109375 0.0390625
5 0.5234375 0.32265625 0.01171875 0.03828125
5 0.8359375 0.1328125 0.0171875 0.03828125
5 0.8015625 0.14453125 0.0234375 0.04296875
4 0.696875 0.15078125 0.01015625 0.015625
5 0.5546875 0.090625 0.01171875 0.0484375
5 0.81171875 0.08125 0.02109375 0.02265625
5 0.58515625 0.08671875 0.0203125 0.034375
5 0.25859375 0.090625 0.015625 0.02890625