5 0.75546875 0.90703125 0.02109375 0.0328125
5 0.796875 0.94296875 0.02265625 0.03046875
5 0.51171875 0.975 0.015625 0.040625
5 0.52421875 0.94921875 0.015625 0.040625
5 0.659375 0.76640625 0.0203125 0.04453125
5 0.45703125 0.82421875 0.01171875 0.034375
5 0.44140625 0.83671875 0.0140625 0.03125
5 0.6578125 0.67109375 0.01640625 0.0390625
5 0.39296875 0.75078125 0.01484375 0.02265625
5 0.33046875 0.7703125 0.01484375 0.03046875
5 0.3515625 0.759375 0.01484375 0.02578125
5 0.378125 0.73046875 0.0203125 0.0296875
5 0.67265625 0.59921875 0.01796875 0.040625
5 0.3578125 0.56875 0.0125 0.03046875
5 0.38984375 0.5734375 0.015625 0.03203125
5 0.98046875 0.34140625 0.02734375 0.0359375
5 0.9921875 0.28203125 0.015625 0.0359375
5 0.3734375 0.403125 0.015625 0.03203125
5 0.77578125 0.3484375 0.02109375 0.03984375
5 0.4796875 0.50625 0.01484375 0.034375
5 0.49765625 0.45078125 0.009375 0.025
5 0.40859375 0.41875 0.01796875 0.034375
5 0.5078125 0.43671875 0.02265625 0.040625
5 0.51640625 0.34140625 0.01171875 0.040625
5 0.8296875 0.15078125 0.0171875 0.03828125
5 0.79296875 0.16171875 0.01953125 0.04140625
4 0.69140625 0.16796875 0.01015625 0.015625
5 0.54921875 0.1078125 0.01171875 0.0484375
5 0.80703125 0.09921875 0.02265625 0.0234375
5 0.58046875 0.1015625 0.0203125 0.034375
5 0.2515625 0.1078125 0.015625 0.02890625