5 0.72578125 0.9578125 0.02265625 0.034375
5 0.62734375 0.81328125 0.02109375 0.046875
5 0.41015625 0.88671875 0.01171875 0.034375
5 0.4234375 0.87734375 0.0140625 0.03125
5 0.62578125 0.715625 0.015625 0.0375
5 0.35078125 0.81875 0.02109375 0.03203125
5 0.303125 0.80703125 0.0140625 0.02890625
5 0.31953125 0.8109375 0.01484375 0.02578125
5 0.34921875 0.7765625 0.0203125 0.0296875
5 0.64296875 0.64140625 0.01796875 0.040625
5 0.32734375 0.6109375 0.01171875 0.02890625
5 0.35546875 0.6234375 0.01484375 0.03046875
5 0.9578125 0.38828125 0.0203125 0.0359375
5 0.96484375 0.33203125 0.0171875 0.03828125
5 0.34609375 0.440625 0.01640625 0.034375
5 0.75 0.38828125 0.02109375 0.03984375
5 0.4546875 0.56953125 0.015625 0.03671875
5 0.46328125 0.49921875 0.01796875 0.034375
5 0.38046875 0.4765625 0.01796875 0.034375
5 0.47421875 0.48203125 0.01484375 0.03046875
5 0.48203125 0.39140625 0.01171875 0.040625
5 0.8015625 0.18671875 0.0171875 0.03828125
5 0.76640625 0.20390625 0.02109375 0.0453125
4 0.6625 0.215625 0.009375 0.0140625
5 0.5171875 0.146875 0.0171875 0.03203125
5 0.7796875 0.14296875 0.0234375 0.025
5 0.55 0.1390625 0.0203125 0.034375
5 0.53203125 0.05 0.02265625 0.0390625
5 0.971875 0.6515625 0.01953125 0.046875
5 0.9765625 0.39609375 0.01484375 0.02578125
5 0.9703125 0.3703125 0.0171875 0.0375
5 0.71484375 0.02578125 0.01796875 0.0265625
5 0.99140625 0.01953125 0.01640625 0.03828125