5 0.43359375 0.9609375 0.01484375 0.03125
5 0.47265625 0.8625 0.0109375 0.028125
5 0.19296875 0.971875 0.021875 0.034375
5 0.1484375 0.95703125 0.01328125 0.03125
5 0.165625 0.96328125 0.01484375 0.02578125
5 0.19765625 0.915625 0.01796875 0.03125
5 0.48671875 0.78671875 0.015625 0.0484375
5 0.17265625 0.7390625 0.01171875 0.02890625
5 0.2 0.76953125 0.01484375 0.0265625
5 0.8140625 0.53359375 0.015625 0.0265625
5 0.81796875 0.5109375 0.0125 0.02265625
5 0.20078125 0.5625 0.01640625 0.034375
5 0.6 0.54140625 0.0125 0.0265625
5 0.30625 0.72578125 0.01875 0.034375
5 0.3203125 0.62109375 0.0140625 0.02421875
5 0.2375 0.66796875 0.01796875 0.03125
5 0.29375 0.65078125 0.0140625 0.0375
5 0.31796875 0.5546875 0.01640625 0.0328125
5 0.64140625 0.33203125 0.015625 0.034375
5 0.6046875 0.340625 0.01875 0.04453125
4 0.50625 0.35546875 0.009375 0.0140625
5 0.3734375 0.24921875 0.01796875 0.03359375
5 0.6234375 0.27109375 0.01796875 0.0234375
5 0.39375 0.26640625 0.0203125 0.034375
5 0.378125 0.2015625 0.01875 0.034375
5 0.81640625 0.803125 0.0265625 0.03984375
5 0.825 0.54296875 0.01015625 0.02421875
5 0.80859375 0.49296875 0.01796875 0.02734375
5 0.56171875 0.14296875 0.01171875 0.03671875
5 0.871875 0.15859375 0.01875 0.028125
5 0.84296875 0.76171875 0.028125 0.0515625
5 0.85 0.1546875 0.0171875 0.034375
5 0.89921875 0.92421875 0.0390625 0.03046875
5 0.93125 0.89140625 0.02734375 0.03828125
5 0.93125 0.63046875 0.01875 0.06953125
5 0.9515625 0.6484375 0.01875 0.046875
5 0.95703125 0.92578125 0.0203125 0.03359375
5 0.478125 0.02578125 0.0171875 0.0515625