5 0.10859375 0.96171875 0.01640625 0.03125
5 0.1328125 0.98984375 0.015625 0.01953125
5 0.75546875 0.7703125 0.0109375 0.0265625
5 0.74921875 0.734375 0.01171875 0.03203125
5 0.14140625 0.7625 0.0171875 0.0359375
5 0.540625 0.75703125 0.01171875 0.028125
5 0.2484375 0.959375 0.01875 0.034375
5 0.2234375 0.865625 0.0125 0.021875
5 0.18359375 0.9109375 0.0171875 0.02734375
5 0.2453125 0.84453125 0.01640625 0.0359375
5 0.2453125 0.784375 0.01640625 0.0328125
5 0.56796875 0.5515625 0.015625 0.034375
5 0.5375 0.55859375 0.01953125 0.046875
4 0.43359375 0.58671875 0.009375 0.0140625
5 0.3078125 0.48125 0.01875 0.03515625
5 0.55 0.49375 0.0171875 0.02265625
5 0.32578125 0.490625 0.0171875 0.0296875
5 0.309375 0.4359375 0.0203125 0.03828125
5 0.7484375 0.75625 0.0109375 0.02734375
5 0.73671875 0.721875 0.01796875 0.02734375
5 0.5015625 0.3578125 0.01171875 0.03671875
5 0.803125 0.38203125 0.01953125 0.02890625
5 0.778125 0.38359375 0.01484375 0.0296875
5 0.8609375 0.8703125 0.0265625 0.0546875
5 0.89140625 0.88671875 0.0265625 0.05078125
5 0.4125 0.23671875 0.01640625 0.05
5 0.3671875 0.12578125 0.0234375 0.046875
5 0.73984375 0.1515625 0.02421875 0.04609375
5 0.1515625 0.10546875 0.01796875 0.03046875
5 0.05078125 0.14140625 0.0265625 0.04921875