5 0.74453125 0.8140625 0.01484375 0.0265625
5 0.7421875 0.79375 0.01171875 0.03203125
5 0.1359375 0.81171875 0.0171875 0.0359375
5 0.53359375 0.8140625 0.01171875 0.028125
5 0.21328125 0.91953125 0.0125 0.02109375
5 0.18046875 0.9625 0.01796875 0.02890625
5 0.2375 0.896875 0.01640625 0.0359375
5 0.2390625 0.8390625 0.01640625 0.0328125
5 0.559375 0.60859375 0.015625 0.034375
5 0.53046875 0.609375 0.01953125 0.046875
4 0.425 0.63984375 0.009375 0.0140625
5 0.3046875 0.496875 0.01953125 0.03671875
5 0.54140625 0.546875 0.01328125 0.02265625
5 0.32109375 0.49453125 0.0171875 0.0296875
5 0.31328125 0.446875 0.0203125 0.03828125
5 0.72890625 0.778125 0.015625 0.02734375
5 0.496875 0.4109375 0.01171875 0.03671875
5 0.79609375 0.4328125 0.0203125 0.03046875
5 0.76953125 0.434375 0.0140625 0.028125
5 0.8546875 0.9265625 0.0265625 0.0546875
5 0.88125 0.94296875 0.025 0.0484375
5 0.4046875 0.290625 0.01640625 0.05
5 0.3609375 0.1765625 0.02109375 0.0390625
5 0.73359375 0.196875 0.02421875 0.04609375
5 0.14609375 0.1609375 0.01640625 0.04921875
5 0.0421875 0.19375 0.02109375 0.04765625
5 0.41640625 0.03671875 0.021875 0.04140625