5 0.534375 0.81875 0.01484375 0.0328125
5 0.5046875 0.83125 0.015625 0.0453125
4 0.4015625 0.8625 0.009375 0.01875
5 0.27734375 0.71953125 0.01875 0.03515625
5 0.5125 0.76875 0.015625 0.028125
5 0.28515625 0.7671875 0.0171875 0.0296875
5 0.27265625 0.7515625 0.0140625 0.02890625
5 0.48125 0.62890625 0.01171875 0.03671875
5 0.771875 0.6609375 0.0203125 0.03046875
5 0.74609375 0.659375 0.01953125 0.034375
5 0.38046875 0.51328125 0.0171875 0.034375
5 0.33515625 0.390625 0.02109375 0.0390625
5 0.70546875 0.4125 0.0296875 0.0484375
5 0.1265625 0.3953125 0.015625 0.0640625
5 0.0171875 0.415625 0.02265625 0.04453125
5 0.396875 0.26640625 0.0125 0.03203125
5 0.04453125 0.1671875 0.01875 0.03125
5 0.03671875 0.128125 0.02109375 0.0359375
5 0.05078125 0.13359375 0.015625 0.0359375
5 0.59609375 0.10703125 0.0203125 0.04296875
5 0.98515625 0.62890625 0.0296875 0.05546875
5 0.01484375 0.078125 0.02421875 0.04296875
5 0.5796875 0.0734375 0.01640625 0.0265625
5 0.45859375 0.04296875 0.0125 0.028125