5 0.52734375 0.8796875 0.01484375 0.0328125
5 0.4984375 0.89375 0.015625 0.0453125
4 0.3984375 0.92734375 0.01015625 0.01953125
5 0.278125 0.70859375 0.01875 0.03515625
5 0.50703125 0.82578125 0.01484375 0.0265625
5 0.28046875 0.77734375 0.0171875 0.0296875
5 0.26953125 0.74453125 0.0140625 0.02890625
5 0.478125 0.69375 0.01328125 0.028125
5 0.76875 0.7265625 0.0203125 0.03046875
5 0.73984375 0.721875 0.02109375 0.03671875
5 0.37421875 0.56875 0.0171875 0.034375
5 0.33359375 0.46171875 0.02109375 0.0390625
5 0.69765625 0.484375 0.0296875 0.0484375
5 0.12421875 0.46171875 0.015625 0.046875
5 0.0125 0.478125 0.02421875 0.046875
5 0.3921875 0.32890625 0.0125 0.03203125
5 0.0390625 0.2375 0.01875 0.03125
5 0.03125 0.19140625 0.02109375 0.0359375
5 0.0453125 0.19296875 0.015625 0.0359375
5 0.58828125 0.17265625 0.0203125 0.04296875
5 0.9828125 0.6921875 0.0296875 0.05546875
5 0.0109375 0.13671875 0.02109375 0.04296875
5 0.57421875 0.13515625 0.0171875 0.028125
5 0.45703125 0.103125 0.0125 0.028125