5 0.52578125 0.9484375 0.01484375 0.0328125
5 0.4953125 0.95078125 0.015625 0.0453125
4 0.39375 0.98984375 0.009375 0.0203125
5 0.26953125 0.84140625 0.01875 0.03515625
5 0.5015625 0.89140625 0.01484375 0.0265625
5 0.27265625 0.90078125 0.01640625 0.028125
5 0.2671875 0.8765625 0.01328125 0.02734375
5 0.47421875 0.75859375 0.01328125 0.028125
5 0.7640625 0.78828125 0.021875 0.03203125
5 0.73828125 0.79140625 0.02109375 0.03671875
5 0.371875 0.634375 0.0171875 0.034375
5 0.328125 0.52578125 0.021875 0.04140625
5 0.69609375 0.54453125 0.0296875 0.0484375
5 0.01171875 0.53984375 0.0234375 0.046875
5 0.3859375 0.39453125 0.0125 0.03203125
5 0.03359375 0.3015625 0.0203125 0.03203125
5 0.02734375 0.2609375 0.01953125 0.034375
5 0.04609375 0.25859375 0.01953125 0.04296875
5 0.58515625 0.2328125 0.0203125 0.04296875
5 0.978125 0.75390625 0.0375 0.05546875
5 0.0125 0.20234375 0.02421875 0.04296875
5 0.56953125 0.2078125 0.01796875 0.0296875
5 0.45234375 0.1703125 0.0125 0.01875
5 0.121875 0.5265625 0.021875 0.03359375