5 0.265625 0.909375 0.01875 0.03515625
5 0.496875 0.95390625 0.01484375 0.0265625
5 0.26875 0.9640625 0.01640625 0.028125
5 0.2625 0.94453125 0.01328125 0.02734375
5 0.47265625 0.82421875 0.01328125 0.0296875
5 0.7640625 0.85234375 0.0203125 0.03046875
5 0.734375 0.8546875 0.02109375 0.03671875
5 0.3671875 0.69765625 0.0171875 0.034375
5 0.32734375 0.5890625 0.021875 0.04140625
5 0.69296875 0.59609375 0.0296875 0.0484375
5 0.0109375 0.60546875 0.021875 0.046875
5 0.38515625 0.45703125 0.01328125 0.03359375
5 0.0328125 0.3640625 0.0203125 0.03203125
5 0.021875 0.3265625 0.02109375 0.0359375
5 0.0421875 0.31875 0.01953125 0.04296875
5 0.58359375 0.29453125 0.0203125 0.04296875
5 0.97265625 0.82421875 0.0359375 0.03125
5 0.01015625 0.26875 0.01953125 0.04296875
5 0.56953125 0.26796875 0.0171875 0.028125
5 0.4484375 0.23515625 0.0125 0.01875
5 0.1171875 0.59375 0.02109375 0.03203125
5 0.52265625 0.9953125 0.0078125 0.009375
5 0.02109375 0.034375 0.0125 0.03125
5 0.04921875 0.03203125 0.021875 0.034375
5 0.2375 0.03125 0.02265625 0.06171875
5 0.63046875 0.01796875 0.0203125 0.03515625