5 0.26640625 0.9640625 0.01875 0.03515625
5 0.49296875 0.990625 0.0140625 0.01875
5 0.471875 0.87421875 0.0140625 0.03125
5 0.75859375 0.90703125 0.01953125 0.02890625
5 0.73046875 0.90078125 0.021875 0.03828125
5 0.3640625 0.7515625 0.0171875 0.034375
5 0.32578125 0.64296875 0.02109375 0.0390625
5 0.68984375 0.65 0.0265625 0.03046875
5 0.0109375 0.6640625 0.021875 0.046875
5 0.38203125 0.51953125 0.0140625 0.03515625
5 0.03046875 0.42578125 0.0203125 0.03203125
5 0.021875 0.3734375 0.02109375 0.0359375
5 0.04140625 0.36875 0.01953125 0.04296875
5 0.58125 0.353125 0.01875 0.040625
5 0.96875 0.8734375 0.03125 0.03515625
5 0.009375 0.32421875 0.01875 0.0453125
5 0.565625 0.328125 0.01796875 0.0296875
5 0.44609375 0.290625 0.0125 0.01875
5 0.11640625 0.64609375 0.02109375 0.03203125
5 0.521875 0.99453125 0.0078125 0.009375
5 0.02421875 0.028125 0.0125 0.03046875
5 0.04921875 0.08515625 0.021875 0.034375
5 0.234375 0.08828125 0.021875 0.05859375
5 0.63046875 0.06953125 0.0203125 0.03515625
5 0.5140625 0.01640625 0.0234375 0.03203125
5 0.01875 0.0828125 0.0125 0.02421875
5 0.02578125 0.05625 0.0203125 0.03203125
5 0.2609375 0.99296875 0.015625 0.0140625