5 0.3609375 0.88046875 0.01640625 0.03203125
5 0.32265625 0.77578125 0.02109375 0.0390625
5 0.6859375 0.771875 0.02890625 0.03359375
5 0.00859375 0.79140625 0.0171875 0.046875
5 0.37421875 0.64453125 0.0140625 0.03515625
5 0.02734375 0.5484375 0.0203125 0.03984375
5 0.01640625 0.5015625 0.02109375 0.0359375
5 0.0359375 0.49453125 0.0234375 0.04296875
5 0.57421875 0.48046875 0.01796875 0.0390625
5 0.0125 0.453125 0.02421875 0.0453125
5 0.56015625 0.4609375 0.01796875 0.0296875
5 0.440625 0.41953125 0.0125 0.01875
5 0.11171875 0.77265625 0.02109375 0.03203125
5 0.04609375 0.21171875 0.01953125 0.03125
5 0.2328125 0.2234375 0.0203125 0.05625
5 0.625 0.19609375 0.0203125 0.03515625
5 0.50546875 0.14296875 0.02265625 0.0375
5 0.01875 0.20703125 0.0125 0.02578125
5 0.02109375 0.1890625 0.02109375 0.034375
5 0.2 0.10703125 0.021875 0.03671875
5 0.990625 0.27734375 0.01875 0.06796875
5 0.99140625 0.63828125 0.015625 0.03203125
4 0.98515625 0.05625 0.0109375 0.0203125
5 0.83515625 0.0421875 0.025 0.05859375