5 0.31796875 0.8984375 0.02109375 0.0390625
5 0.68203125 0.8953125 0.028125 0.03203125
5 0.3703125 0.778125 0.01484375 0.03671875
5 0.0234375 0.678125 0.01875 0.03828125
5 0.01328125 0.63203125 0.02109375 0.0359375
5 0.0328125 0.621875 0.02109375 0.03828125
5 0.57109375 0.609375 0.0171875 0.03671875
5 0.0109375 0.5734375 0.021875 0.04140625
5 0.56171875 0.590625 0.01953125 0.0328125
5 0.434375 0.54609375 0.0125 0.02109375
5 0.1078125 0.9015625 0.02109375 0.03203125
5 0.04921875 0.340625 0.01953125 0.03125
5 0.22890625 0.36328125 0.0203125 0.05625
5 0.61640625 0.33203125 0.0203125 0.03515625
5 0.50546875 0.27109375 0.02265625 0.0375
5 0.01640625 0.340625 0.0125 0.02578125
5 0.0203125 0.3140625 0.021875 0.0234375
5 0.1953125 0.24140625 0.02109375 0.03515625
5 0.99140625 0.41640625 0.0171875 0.0640625
5 0.98671875 0.7703125 0.0265625 0.04765625
4 0.9828125 0.1859375 0.0109375 0.0203125
5 0.82734375 0.1640625 0.02421875 0.046875
5 0.76640625 0.1078125 0.0265625 0.06875
4 0.35859375 0.10078125 0.01015625 0.0203125
5 0.05546875 0.11953125 0.025 0.03671875
5 0.01015625 0.08125 0.0203125 0.040625
5 0.52265625 0.01953125 0.01953125 0.0390625
5 0.546875 0.0125 0.01875 0.025