5 0.02109375 0.9125 0.0203125 0.03984375
5 0.01328125 0.8765625 0.02265625 0.02421875
5 0.025 0.8453125 0.0203125 0.03359375
5 0.5640625 0.84140625 0.015625 0.03359375
5 0.0140625 0.8046875 0.0234375 0.0265625
5 0.5546875 0.821875 0.0171875 0.0421875
5 0.4234375 0.778125 0.0125 0.02890625
5 0.0578125 0.5609375 0.01875 0.03046875
5 0.2265625 0.61171875 0.01953125 0.053125
5 0.60546875 0.56875 0.01953125 0.03359375
5 0.49921875 0.50546875 0.01875 0.0328125
5 0.01953125 0.57421875 0.01953125 0.02578125
5 0.02109375 0.54375 0.01953125 0.021875
5 0.18046875 0.48046875 0.02109375 0.03515625
5 0.98828125 0.64921875 0.0234375 0.0734375
4 0.975 0.42109375 0.0109375 0.0203125
5 0.825 0.39140625 0.02421875 0.046875
5 0.7578125 0.353125 0.0234375 0.0484375
4 0.35625 0.34140625 0.01015625 0.0203125
5 0.04453125 0.36015625 0.02265625 0.0234375
5 0.009375 0.31640625 0.01875 0.03671875
5 0.51953125 0.24765625 0.01953125 0.0390625
5 0.54375 0.24609375 0.01640625 0.02578125
5 0.42890625 0.1546875 0.015625 0.02890625
5 0.43125 0.128125 0.0109375 0.01875
5 0.4125 0.11484375 0.01953125 0.03203125
5 0.2953125 0.02890625 0.01953125 0.03671875
5 0.22734375 0.046875 0.02109375 0.0359375
5 0.19609375 0.0203125 0.0296875 0.0359375