5 0.02265625 0.97109375 0.0203125 0.03984375
5 0.0125 0.93203125 0.02265625 0.02421875
5 0.0203125 0.89765625 0.0203125 0.03359375
5 0.565625 0.89140625 0.015625 0.03359375
5 0.01328125 0.865625 0.0234375 0.0265625
5 0.55390625 0.87578125 0.0171875 0.0421875
5 0.41953125 0.834375 0.0125 0.02890625
5 0.05546875 0.61640625 0.01875 0.03046875
5 0.22890625 0.66796875 0.0203125 0.05625
5 0.60234375 0.6265625 0.01953125 0.03359375
5 0.49765625 0.56328125 0.01875 0.0328125
5 0.02109375 0.62578125 0.01953125 0.02578125
5 0.01953125 0.60625 0.01875 0.02109375
5 0.17734375 0.5296875 0.01953125 0.03359375
5 0.98828125 0.709375 0.0234375 0.0609375
4 0.975 0.48125 0.0109375 0.01953125
5 0.82265625 0.45 0.0203125 0.0359375
5 0.75859375 0.40234375 0.02265625 0.04609375
4 0.35703125 0.39453125 0.0109375 0.02109375
5 0.04140625 0.4203125 0.02265625 0.0234375
5 0.01015625 0.37421875 0.01875 0.03671875
5 0.51796875 0.29921875 0.01875 0.0375
5 0.540625 0.3 0.015625 0.02421875
5 0.428125 0.21875 0.015625 0.02890625
5 0.43046875 0.1859375 0.021875 0.01875
5 0.40859375 0.171875 0.01953125 0.03203125
5 0.29453125 0.084375 0.01953125 0.03671875
5 0.22578125 0.1046875 0.021875 0.0375
5 0.19296875 0.075 0.0296875 0.0359375
5 0.72734375 0.0109375 0.0203125 0.021875
5 0.13203125 0.03828125 0.021875 0.0484375
5 0.20859375 0.04375 0.021875 0.03515625