5 0.01796875 0.9703125 0.021875 0.0296875
5 0.02265625 0.94140625 0.0203125 0.03359375
5 0.56484375 0.940625 0.01640625 0.03515625
5 0.01640625 0.90859375 0.0234375 0.03828125
5 0.5546875 0.92578125 0.0171875 0.0421875
5 0.4171875 0.87578125 0.0125 0.02890625
5 0.05625 0.6609375 0.01875 0.03046875
5 0.22890625 0.715625 0.0203125 0.05625
5 0.60390625 0.67265625 0.01875 0.03203125
5 0.49375 0.6109375 0.01875 0.0328125
5 0.0171875 0.65 0.01796875 0.02421875
5 0.01796875 0.67109375 0.01875 0.02109375
5 0.17421875 0.58046875 0.01953125 0.03359375
5 0.9875 0.75546875 0.02421875 0.0640625
4 0.97421875 0.5234375 0.0109375 0.0203125
5 0.8234375 0.49921875 0.0203125 0.0359375
5 0.7578125 0.45859375 0.02265625 0.04609375
4 0.3546875 0.44296875 0.0109375 0.02109375
5 0.0359375 0.46328125 0.02265625 0.0234375
5 0.00859375 0.42109375 0.0171875 0.03671875
5 0.51640625 0.34765625 0.01875 0.0375
5 0.54296875 0.34375 0.015625 0.02421875
5 0.42734375 0.26796875 0.01640625 0.03046875
5 0.43125 0.23125 0.0171875 0.01953125
5 0.41015625 0.215625 0.01953125 0.03203125
5 0.29375 0.12734375 0.01953125 0.03671875
5 0.2234375 0.153125 0.021875 0.0375
5 0.1921875 0.12109375 0.03125 0.0375
5 0.7265625 0.05234375 0.021875 0.0328125
5 0.13046875 0.08203125 0.021875 0.0484375
5 0.2046875 0.08671875 0.01953125 0.03671875
5 0.0046875 0.0359375 0.009375 0.03125
5 0.11015625 0.0421875 0.0234375 0.0375