5 0.4109375 0.98359375 0.0125 0.02890625
5 0.05703125 0.76640625 0.01953125 0.03125
5 0.23046875 0.821875 0.02109375 0.06640625
5 0.5953125 0.77890625 0.0171875 0.02890625
5 0.4953125 0.7109375 0.01328125 0.02109375
5 0.02109375 0.753125 0.0171875 0.0234375
5 0.0203125 0.77734375 0.01796875 0.01953125
5 0.1625 0.6953125 0.02109375 0.03515625
5 0.9828125 0.865625 0.0265625 0.0640625
4 0.97109375 0.63359375 0.0109375 0.0203125
5 0.81953125 0.59765625 0.01875 0.03359375
5 0.75625 0.56640625 0.02265625 0.04609375
4 0.353125 0.54296875 0.01015625 0.0203125
5 0.03046875 0.57109375 0.021875 0.02265625
5 0.00859375 0.52578125 0.0171875 0.03671875
5 0.51796875 0.45234375 0.0171875 0.03359375
5 0.5390625 0.453125 0.015625 0.02421875
5 0.428125 0.36796875 0.0171875 0.03125
5 0.43203125 0.3453125 0.021875 0.0234375
5 0.41015625 0.32734375 0.0203125 0.034375
5 0.29609375 0.2359375 0.0203125 0.03828125
5 0.2203125 0.26328125 0.021875 0.0375
5 0.18828125 0.23125 0.03125 0.03046875
5 0.7265625 0.15859375 0.021875 0.0328125
5 0.12734375 0.1890625 0.021875 0.0484375
5 0.1953125 0.20625 0.01953125 0.03671875
5 0.1078125 0.15078125 0.021875 0.0359375
5 0.00390625 0.13046875 0.0078125 0.05
5 0.4953125 0.72734375 0.01171875 0.02578125
5 0.04765625 0.01484375 0.021875 0.02890625