5 0.05390625 0.81328125 0.01953125 0.03125
5 0.2296875 0.87421875 0.02109375 0.06640625
5 0.59375 0.82890625 0.0171875 0.02890625
5 0.496875 0.76171875 0.0125 0.0203125
5 0.02109375 0.80703125 0.02421875 0.03046875
5 0.015625 0.83046875 0.01796875 0.01953125
5 0.16015625 0.74609375 0.02109375 0.03515625
5 0.9859375 0.9234375 0.028125 0.078125
4 0.971875 0.68359375 0.01171875 0.02109375
5 0.8171875 0.65 0.01875 0.03359375
5 0.75703125 0.625 0.02265625 0.04609375
4 0.353125 0.5984375 0.01015625 0.01953125
5 0.0265625 0.62109375 0.021875 0.02265625
5 0.009375 0.5765625 0.01796875 0.0390625
5 0.51640625 0.49921875 0.01640625 0.03203125
5 0.5390625 0.4984375 0.01640625 0.02578125
5 0.42734375 0.42109375 0.01640625 0.03046875
5 0.4328125 0.39453125 0.02109375 0.0234375
5 0.40703125 0.378125 0.01796875 0.040625
5 0.29609375 0.28125 0.01953125 0.03671875
5 0.21484375 0.3140625 0.0234375 0.0390625
5 0.18359375 0.284375 0.0296875 0.02890625
5 0.72578125 0.21328125 0.021875 0.0328125
5 0.1265625 0.24140625 0.0203125 0.04140625
5 0.1921875 0.26328125 0.01875 0.03515625
5 0.109375 0.19609375 0.021875 0.0359375
5 0.00390625 0.1765625 0.0078125 0.046875
5 0.49453125 0.78203125 0.01171875 0.02578125
5 0.04453125 0.05703125 0.021875 0.02890625
5 0.16875 0.04453125 0.01953125 0.03203125