5 0.05390625 0.90625 0.01875 0.03046875
5 0.234375 0.9640625 0.021875 0.06953125
5 0.590625 0.915625 0.01640625 0.028125
5 0.4953125 0.85234375 0.01171875 0.01953125
5 0.0203125 0.89765625 0.02265625 0.02890625
5 0.0171875 0.92578125 0.01875 0.02109375
5 0.146875 0.83828125 0.01953125 0.03359375
4 0.9703125 0.77421875 0.0125 0.021875
5 0.81640625 0.74375 0.02109375 0.0375
5 0.7578125 0.71640625 0.02265625 0.04609375
4 0.3515625 0.68671875 0.01015625 0.01953125
5 0.0203125 0.71640625 0.02109375 0.021875
5 0.0078125 0.67109375 0.015625 0.0390625
5 0.51796875 0.590625 0.01640625 0.03203125
5 0.5359375 0.590625 0.01640625 0.02578125
5 0.43046875 0.5140625 0.01640625 0.03046875
5 0.43359375 0.4828125 0.015625 0.0234375
5 0.4046875 0.46640625 0.0171875 0.03828125
5 0.29609375 0.38046875 0.01953125 0.03671875
5 0.20859375 0.40234375 0.01953125 0.03359375
5 0.1765625 0.375 0.03125 0.03046875
5 0.72421875 0.2984375 0.02265625 0.034375
5 0.12421875 0.33046875 0.0203125 0.04140625
5 0.18125 0.3515625 0.01875 0.02890625
5 0.1078125 0.29609375 0.021875 0.0359375
5 0.003125 0.26171875 0.00625 0.0265625
5 0.49375 0.8765625 0.01171875 0.02578125
5 0.0390625 0.140625 0.02265625 0.03046875
5 0.165625 0.13671875 0.01875 0.03125
5 0.11875 0.0078125 0.015625 0.015625
5 0.11640625 0.05234375 0.01875 0.0390625
5 0.234375 0.021875 0.0203125 0.04375