5 0.4953125 0.98984375 0.0125 0.0203125
4 0.971875 0.92265625 0.01328125 0.02421875
5 0.81484375 0.88203125 0.02109375 0.0375
5 0.75859375 0.8671875 0.02109375 0.04375
4 0.35390625 0.82890625 0.009375 0.01875
5 0.01328125 0.85859375 0.02265625 0.0234375
5 0.00625 0.81171875 0.01171875 0.03125
5 0.51640625 0.73046875 0.015625 0.03125
5 0.53984375 0.73203125 0.01640625 0.02578125
5 0.4296875 0.66484375 0.01796875 0.0328125
5 0.43359375 0.6265625 0.015625 0.0234375
5 0.4046875 0.60546875 0.02109375 0.0390625
5 0.29765625 0.51875 0.01875 0.034375
5 0.20546875 0.5515625 0.01953125 0.03359375
5 0.1671875 0.521875 0.0328125 0.02578125
5 0.7234375 0.43671875 0.02265625 0.034375
5 0.1234375 0.47421875 0.0203125 0.04140625
5 0.17265625 0.5015625 0.01796875 0.02734375
5 0.10625 0.43359375 0.02109375 0.03359375
5 0.028125 0.28046875 0.021875 0.02890625
5 0.16328125 0.2828125 0.01875 0.03125
5 0.11484375 0.1953125 0.01875 0.0390625
5 0.00546875 0.553125 0.0109375 0.03359375
5 0.2328125 0.14609375 0.0109375 0.065625
5 0.2109375 0.08046875 0.00625 0.0234375
5 0.25390625 0.0734375 0.0203125 0.04140625
5 0.73203125 0.0234375 0.015625 0.02890625