4 0.97265625 0.96328125 0.01328125 0.02421875
5 0.81796875 0.9296875 0.02109375 0.0375
5 0.759375 0.91484375 0.01875 0.034375
4 0.35390625 0.878125 0.009375 0.01875
5 0.01015625 0.91015625 0.0203125 0.0234375
5 0.00546875 0.85390625 0.0109375 0.03125
5 0.51796875 0.77890625 0.015625 0.03125
5 0.540625 0.778125 0.0171875 0.0265625
5 0.42734375 0.7140625 0.01796875 0.0328125
5 0.42890625 0.66953125 0.015625 0.0234375
5 0.4046875 0.65 0.02109375 0.028125
5 0.29453125 0.5625 0.01875 0.034375
5 0.2015625 0.6 0.01953125 0.03359375
5 0.1671875 0.56875 0.0328125 0.02578125
5 0.72265625 0.48515625 0.02265625 0.034375
5 0.12421875 0.51953125 0.0203125 0.04140625
5 0.17109375 0.55390625 0.01953125 0.02890625
5 0.11015625 0.484375 0.02109375 0.03359375
5 0.02578125 0.32890625 0.0203125 0.028125
5 0.16328125 0.32890625 0.01875 0.03125
5 0.115625 0.246875 0.01875 0.0390625
5 0.00625 0.603125 0.01171875 0.03515625
5 0.2328125 0.18984375 0.01015625 0.0625
5 0.2125 0.121875 0.00546875 0.02265625
5 0.25546875 0.11875 0.021875 0.04375
5 0.7328125 0.06640625 0.015625 0.02890625
5 0.73828125 0.028125 0.0265625 0.0328125
5 0.83203125 0.02109375 0.0171875 0.04140625
5 0.1734375 0.0234375 0.03515625 0.04609375