5 0.10078125 0.23671875 0.01875 0.06640625
5 0.14453125 0.2375 0.0125 0.0234375
5 0.13125 0.0890625 0.01875 0.03125
5 0.14609375 0.0875 0.015625 0.028125
5 0.26171875 0.29609375 0.01875 0.02734375
5 0.39140625 0.21171875 0.0125 0.0265625
5 0.259375 0.4046875 0.01953125 0.0265625
5 0.38984375 0.3734375 0.0203125 0.0296875
5 0.32421875 0.72578125 0.01875 0.02890625
5 0.321875 0.74921875 0.01484375 0.028125
5 0.16171875 0.77734375 0.01875 0.02734375
5 0.12578125 0.88203125 0.0171875 0.04140625
4 0.13203125 0.853125 0.00703125 0.01328125
5 0.47265625 0.84375 0.0234375 0.03359375
5 0.48828125 0.834375 0.0140625 0.028125
5 0.49375 0.5421875 0.01796875 0.0203125
5 0.703125 0.609375 0.01875 0.02734375
5 0.684375 0.65703125 0.015625 0.03671875
5 0.740625 0.63359375 0.01875 0.03828125
5 0.771875 0.5765625 0.02734375 0.03203125
4 0.78515625 0.46875 0.00859375 0.0109375
5 0.77578125 0.6390625 0.0171875 0.05078125
5 0.76328125 0.72109375 0.01953125 0.03828125
5 0.721875 0.69375 0.01875 0.03203125