5 0.07578125 0.3296875 0.0234375 0.03125
5 0.02265625 0.3171875 0.01953125 0.03515625
5 0.084375 0.234375 0.01484375 0.02421875
5 0.0828125 0.2640625 0.0140625 0.021875
5 0.1140625 0.2265625 0.01328125 0.03203125
5 0.11796875 0.378125 0.01796875 0.0296875
5 0.1796875 0.45390625 0.01328125 0.02578125
5 0.26015625 0.4265625 0.01484375 0.02890625
4 0.240625 0.3328125 0.00703125 0.0140625
5 0.29921875 0.21640625 0.01015625 0.03828125
5 0.3421875 0.215625 0.01640625 0.028125
5 0.4 0.21484375 0.009375 0.021875
5 0.5078125 0.1625 0.01171875 0.021875
5 0.5078125 0.19140625 0.00859375 0.01875
5 0.5515625 0.046875 0.0109375 0.015625
5 0.5421875 0.03671875 0.009375 0.01796875
5 0.53671875 0.43984375 0.01484375 0.0359375
5 0.540625 0.36875 0.0125 0.03046875
5 0.51640625 0.48828125 0.01171875 0.02265625
5 0.52421875 0.47578125 0.00859375 0.01796875
5 0.5203125 0.4640625 0.01328125 0.01953125
5 0.40234375 0.45625 0.01640625 0.04609375
4 0.4421875 0.71640625 0.00859375 0.025
4 0.46015625 0.734375 0.0140625 0.01171875
5 0.43984375 0.73125 0.01015625 0.0203125
4 0.4265625 0.78671875 0.00703125 0.0109375
4 0.6046875 0.7609375 0.01015625 0.0140625
4 0.25625 0.81796875 0.009375 0.01796875
5 0.6109375 0.6546875 0.02421875 0.03203125
5 0.634375 0.496875 0.0203125 0.0328125
5 0.56171875 0.27734375 0.00703125 0.01875
5 0.68046875 0.503125 0.01328125 0.025
5 0.32734375 0.31796875 0.009375 0.021875
5 0.7265625 0.415625 0.01640625 0.02421875
5 0.546875 0.26875 0.0078125 0.01640625
4 0.54453125 0.32421875 0.0078125 0.015625
5 0.44765625 0.74765625 0.01328125 0.02109375
4 0.7734375 0.29609375 0.01015625 0.015625
4 0.7859375 0.76875 0.01015625 0.01796875
5 0.328125 0.3140625 0.0125 0.02578125
5 0.80390625 0.6234375 0.0171875 0.02578125
5 0.85546875 0.48125 0.01328125 0.028125
5 0.85859375 0.165625 0.01484375 0.028125
5 0.0484375 0.18671875 0.0171875 0.02421875
5 0.4703125 0.034375 0.01015625 0.02421875
5 0.90078125 0.34609375 0.0125 0.02890625
5 0.94609375 0.346875 0.009375 0.025
5 0.96171875 0.3078125 0.01171875 0.01796875
5 0.9703125 0.30078125 0.00859375 0.0328125
5 0.9203125 0.37890625 0.0125 0.01640625