5 0.175 0.31875 0.01484375 0.02890625
5 0.12890625 0.30859375 0.01796875 0.03359375
5 0.190625 0.23203125 0.0140625 0.0234375
5 0.1859375 0.24765625 0.01015625 0.02109375
5 0.2203125 0.22109375 0.0125 0.02890625
5 0.2203125 0.36171875 0.01640625 0.0265625
5 0.28828125 0.44453125 0.01328125 0.02734375
5 0.36484375 0.4234375 0.0203125 0.021875
4 0.34921875 0.32890625 0.00625 0.0125
5 0.40625 0.21640625 0.01015625 0.0359375
5 0.45 0.20625 0.0140625 0.02578125
5 0.50703125 0.203125 0.01015625 0.0234375
5 0.6125 0.18125 0.0125 0.0234375
5 0.615625 0.15703125 0.01171875 0.02265625
5 0.65546875 0.05078125 0.0109375 0.015625
5 0.646875 0.03359375 0.01015625 0.01953125
5 0.63984375 0.41640625 0.01953125 0.0359375
5 0.659375 0.36171875 0.01328125 0.021875
5 0.62265625 0.471875 0.0140625 0.01953125
5 0.628125 0.45390625 0.0109375 0.0171875
5 0.6359375 0.47109375 0.0125 0.01796875
5 0.50859375 0.45546875 0.01484375 0.04140625
4 0.55390625 0.70625 0.0078125 0.025
4 0.5703125 0.73046875 0.0140625 0.01953125
5 0.55390625 0.7390625 0.01328125 0.02265625
4 0.53359375 0.7765625 0.0078125 0.01171875
4 0.71328125 0.75546875 0.0109375 0.015625
4 0.3625 0.8109375 0.00859375 0.015625
5 0.72421875 0.6453125 0.02578125 0.02421875
5 0.74609375 0.49140625 0.021875 0.0390625
5 0.65390625 0.26875 0.0109375 0.0203125
5 0.7921875 0.49921875 0.01171875 0.028125
5 0.44296875 0.3140625 0.00859375 0.01328125
5 0.8328125 0.40078125 0.01640625 0.02421875
5 0.6640625 0.28359375 0.0109375 0.01796875
4 0.65234375 0.31484375 0.0078125 0.009375
5 0.546875 0.7265625 0.00859375 0.01875
4 0.88515625 0.2859375 0.01015625 0.015625
4 0.8953125 0.75703125 0.01328125 0.01796875
5 0.434375 0.315625 0.01015625 0.01796875
5 0.909375 0.61640625 0.01953125 0.034375
5 0.9609375 0.48125 0.0125 0.0265625
5 0.96484375 0.16328125 0.015625 0.0296875
5 0.1609375 0.18046875 0.015625 0.021875