5 0.1859375 0.31796875 0.01484375 0.02890625
5 0.140625 0.30703125 0.0171875 0.03203125
5 0.20703125 0.23046875 0.0140625 0.0234375
5 0.20078125 0.246875 0.01015625 0.02890625
5 0.234375 0.21953125 0.0140625 0.03203125
5 0.234375 0.3609375 0.01328125 0.02734375
5 0.3015625 0.44609375 0.01328125 0.02734375
5 0.38203125 0.42265625 0.0140625 0.02890625
4 0.3625 0.32734375 0.00625 0.01328125
5 0.4203125 0.2171875 0.01015625 0.0359375
5 0.46640625 0.2078125 0.01484375 0.0265625
5 0.5203125 0.20078125 0.0109375 0.02421875
5 0.62734375 0.18046875 0.01328125 0.025
5 0.63046875 0.15625 0.01171875 0.0234375
5 0.6671875 0.04765625 0.0109375 0.015625
5 0.6609375 0.02890625 0.01015625 0.01953125
5 0.65 0.41015625 0.01796875 0.034375
5 0.66484375 0.3640625 0.0140625 0.0234375
5 0.63671875 0.47421875 0.0140625 0.0203125
5 0.64296875 0.45390625 0.0109375 0.0171875
5 0.65 0.47109375 0.0109375 0.02578125
5 0.53046875 0.46171875 0.0125 0.0375
4 0.56640625 0.709375 0.0078125 0.025
4 0.58203125 0.7265625 0.0171875 0.0140625
5 0.56484375 0.7390625 0.01328125 0.02265625
4 0.5484375 0.77578125 0.0078125 0.01171875
4 0.7265625 0.75234375 0.0109375 0.015625
4 0.37578125 0.8078125 0.00859375 0.01640625
5 0.740625 0.64609375 0.02734375 0.03671875
5 0.76015625 0.4890625 0.0203125 0.0375
5 0.66875 0.26953125 0.0078125 0.0203125
5 0.80625 0.50546875 0.01640625 0.03828125
5 0.45859375 0.31328125 0.00859375 0.01328125
5 0.85 0.39765625 0.01953125 0.03671875
5 0.6796875 0.284375 0.0109375 0.01875
4 0.66484375 0.31171875 0.0078125 0.009375
5 0.56171875 0.721875 0.00859375 0.01875
4 0.89921875 0.2859375 0.0109375 0.01640625
4 0.91015625 0.759375 0.01328125 0.01796875
5 0.45 0.315625 0.01015625 0.01796875
5 0.921875 0.621875 0.01875 0.0328125
5 0.975 0.47421875 0.0125 0.0265625
5 0.97578125 0.16015625 0.015625 0.0296875
5 0.17578125 0.17890625 0.01015625 0.02421875