5 0.10390625 0.32734375 0.021875 0.03046875
5 0.05 0.31796875 0.01796875 0.03359375
5 0.1125 0.23359375 0.01484375 0.02421875
5 0.1109375 0.25859375 0.0140625 0.021875
5 0.140625 0.22109375 0.01328125 0.03203125
5 0.14296875 0.371875 0.01640625 0.0265625
5 0.20859375 0.45 0.01328125 0.02734375
5 0.2890625 0.42734375 0.01328125 0.02578125
4 0.26796875 0.33046875 0.00703125 0.0140625
5 0.3265625 0.21484375 0.009375 0.0359375
5 0.36953125 0.2125 0.015625 0.028125
5 0.42890625 0.2078125 0.01015625 0.0234375
5 0.53671875 0.1609375 0.01171875 0.02265625
5 0.53359375 0.19296875 0.01328125 0.021875
5 0.58046875 0.04921875 0.0109375 0.015625
5 0.57109375 0.0375 0.01015625 0.01875
5 0.56484375 0.43828125 0.01953125 0.05234375
5 0.57109375 0.365625 0.0125 0.03125
5 0.5421875 0.48828125 0.01171875 0.02265625
5 0.55390625 0.47421875 0.0109375 0.01796875
5 0.5484375 0.46015625 0.0125 0.01796875
5 0.42890625 0.45546875 0.01640625 0.04609375
4 0.471875 0.71640625 0.0078125 0.028125
4 0.4875 0.7328125 0.015625 0.02109375
5 0.47421875 0.74609375 0.0171875 0.02890625
4 0.45390625 0.78359375 0.0078125 0.01171875
4 0.634375 0.759375 0.009375 0.0140625
4 0.28359375 0.81328125 0.009375 0.01796875
5 0.64140625 0.65390625 0.0296875 0.03671875
5 0.665625 0.4984375 0.0203125 0.0328125
5 0.57734375 0.2703125 0.01171875 0.02109375
5 0.7078125 0.5015625 0.01015625 0.028125
5 0.35546875 0.321875 0.0109375 0.015625
5 0.75390625 0.409375 0.01640625 0.02421875
5 0.5890625 0.27421875 0.00859375 0.0171875
4 0.571875 0.31796875 0.0078125 0.015625
5 0.46640625 0.7328125 0.01015625 0.01953125
4 0.80390625 0.29453125 0.01015625 0.0140625
4 0.8171875 0.76171875 0.0109375 0.01875
5 0.35859375 0.30703125 0.0125 0.021875
5 0.83046875 0.62265625 0.0203125 0.03359375
5 0.88515625 0.475 0.01328125 0.028125
5 0.8859375 0.16328125 0.015625 0.0296875
5 0.0796875 0.18359375 0.01640625 0.0234375
5 0.496875 0.02578125 0.01640625 0.0265625
5 0.93125 0.346875 0.015625 0.02890625
5 0.97265625 0.34453125 0.009375 0.0265625
5 0.9859375 0.29921875 0.01171875 0.01796875