5 0.1546875 0.3234375 0.01484375 0.02890625
5 0.1015625 0.30859375 0.01796875 0.03359375
5 0.16484375 0.23125 0.015625 0.02578125
5 0.16328125 0.253125 0.01015625 0.02109375
5 0.19453125 0.22421875 0.01328125 0.03046875
5 0.1953125 0.365625 0.01640625 0.0265625
5 0.2625 0.446875 0.01328125 0.02578125
5 0.34140625 0.42578125 0.02109375 0.02265625
4 0.32265625 0.3296875 0.00625 0.01328125
5 0.38046875 0.21796875 0.01015625 0.0359375
5 0.425 0.2078125 0.01484375 0.0265625
5 0.48046875 0.203125 0.01015625 0.0234375
5 0.58671875 0.1859375 0.01328125 0.025
5 0.5890625 0.1578125 0.0140625 0.0234375
5 0.63046875 0.0453125 0.0109375 0.015625
5 0.621875 0.0328125 0.009375 0.01796875
5 0.615625 0.4203125 0.0171875 0.0453125
5 0.62421875 0.36875 0.0125 0.03125
5 0.596875 0.478125 0.0109375 0.021875
5 0.60625 0.471875 0.0109375 0.0171875
5 0.60234375 0.45859375 0.01171875 0.01640625
5 0.48203125 0.45859375 0.015625 0.04375
4 0.52578125 0.71015625 0.00703125 0.0234375
4 0.54140625 0.72734375 0.0140625 0.01953125
5 0.52578125 0.7390625 0.01640625 0.028125
4 0.50859375 0.77734375 0.0078125 0.01171875
4 0.6875 0.75390625 0.01015625 0.01484375
4 0.3515625 0.81328125 0.00859375 0.01640625
5 0.696875 0.64296875 0.028125 0.03515625
5 0.71875 0.49375 0.02265625 0.04140625
5 0.62890625 0.26640625 0.0109375 0.0203125
5 0.7640625 0.4984375 0.01015625 0.03203125
5 0.41796875 0.3109375 0.01015625 0.01875
5 0.80546875 0.40390625 0.0171875 0.02578125
5 0.64140625 0.27890625 0.0109375 0.01796875
4 0.625 0.31640625 0.0078125 0.009375
5 0.5203125 0.728125 0.009375 0.01875
4 0.8578125 0.2890625 0.01015625 0.0140625
4 0.87109375 0.76171875 0.01015625 0.01796875
5 0.40859375 0.315625 0.009375 0.01640625
5 0.88359375 0.61796875 0.01875 0.03046875
5 0.93515625 0.47421875 0.0125 0.0265625
5 0.93828125 0.16484375 0.01640625 0.03125
5 0.13359375 0.18125 0.01484375 0.02109375
5 0.54765625 0.01484375 0.015625 0.02578125
5 0.98125 0.34609375 0.015625 0.02890625