5 0.05 0.3328125 0.02109375 0.03046875
5 0.059375 0.2390625 0.01484375 0.02421875
5 0.05859375 0.26875 0.01484375 0.0234375
5 0.08828125 0.23046875 0.01328125 0.02734375
5 0.0921875 0.38046875 0.01875 0.03125
5 0.153125 0.453125 0.0125 0.02421875
5 0.23515625 0.42890625 0.0109375 0.02734375
4 0.2171875 0.3328125 0.00703125 0.0140625
5 0.27578125 0.22109375 0.0109375 0.03984375
5 0.3171875 0.21640625 0.01484375 0.0265625
5 0.3734375 0.2125 0.009375 0.021875
5 0.48125 0.16328125 0.01171875 0.021875
5 0.48125 0.19609375 0.01328125 0.01953125
5 0.52578125 0.0515625 0.0109375 0.015625
5 0.51640625 0.0390625 0.01015625 0.01875
5 0.49453125 0.45625 0.015625 0.01875
5 0.515625 0.36796875 0.0125 0.03046875
5 0.4921875 0.48671875 0.01171875 0.01796875
5 0.5015625 0.4703125 0.00859375 0.01875
5 0.51328125 0.44921875 0.0140625 0.0390625
5 0.37890625 0.45390625 0.01640625 0.04609375
4 0.4171875 0.721875 0.0078125 0.0234375
4 0.43515625 0.73828125 0.01328125 0.0109375
5 0.4125 0.7390625 0.0109375 0.02109375
4 0.4 0.7859375 0.0078125 0.0125
4 0.57890625 0.7609375 0.0109375 0.015625
4 0.2296875 0.81640625 0.009375 0.01796875
5 0.584375 0.66328125 0.02734375 0.0359375
5 0.60859375 0.49765625 0.01953125 0.03125
5 0.53515625 0.27578125 0.0078125 0.01875
5 0.65390625 0.5046875 0.0125 0.0234375
5 0.30390625 0.3296875 0.009375 0.015625
5 0.7015625 0.41640625 0.0171875 0.02578125
5 0.521875 0.26875 0.00859375 0.015625
4 0.515625 0.32109375 0.0078125 0.015625
5 0.42265625 0.75078125 0.0140625 0.021875
4 0.74921875 0.29921875 0.01015625 0.0140625
4 0.76015625 0.76796875 0.01015625 0.0171875
5 0.3 0.3140625 0.0125 0.02578125
5 0.778125 0.628125 0.01875 0.02890625
5 0.8328125 0.484375 0.01328125 0.028125
5 0.83046875 0.16484375 0.01171875 0.02109375
5 0.028125 0.18671875 0.01796875 0.02578125
5 0.44453125 0.03828125 0.01015625 0.02421875
5 0.87421875 0.35 0.0125 0.02421875
5 0.91796875 0.3515625 0.009375 0.025
5 0.940625 0.309375 0.00859375 0.01796875
5 0.9484375 0.29375 0.00859375 0.03125
5 0.89140625 0.3796875 0.0125 0.01640625
5 0.98046875 0.3890625 0.015625 0.0265625
5 0.98125 0.146875 0.0109375 0.01640625
5 0.9828125 0.165625 0.0109375 0.02265625