5 0.021875 0.3375 0.021875 0.03203125
5 0.03359375 0.2421875 0.015625 0.02578125
5 0.0296875 0.27578125 0.015625 0.025
5 0.06171875 0.234375 0.01328125 0.02578125
5 0.0609375 0.378125 0.0140625 0.028125
5 0.12578125 0.45390625 0.0125 0.02421875
5 0.20625 0.43359375 0.0125 0.0234375
4 0.18515625 0.3328125 0.00703125 0.0140625
5 0.24609375 0.2171875 0.0109375 0.03984375
5 0.28671875 0.21796875 0.01484375 0.0265625
5 0.34375 0.21328125 0.01015625 0.0234375
5 0.45390625 0.16484375 0.0109375 0.02109375
5 0.4515625 0.19609375 0.01328125 0.01953125
5 0.4984375 0.0484375 0.01015625 0.01484375
5 0.4890625 0.03828125 0.009375 0.01796875
5 0.4671875 0.45625 0.0171875 0.015625
5 0.48828125 0.371875 0.0203125 0.025
5 0.4640625 0.4890625 0.009375 0.01875
5 0.46875 0.4765625 0.00859375 0.01875
5 0.48125 0.4453125 0.01484375 0.040625
5 0.34609375 0.44921875 0.0140625 0.03515625
4 0.38828125 0.7234375 0.00859375 0.025
4 0.40703125 0.73828125 0.01328125 0.01171875
5 0.38515625 0.7390625 0.0109375 0.02109375
4 0.37109375 0.7890625 0.0078125 0.01328125
4 0.54921875 0.765625 0.0109375 0.015625
4 0.1984375 0.82109375 0.00859375 0.01640625
5 0.55546875 0.6609375 0.02734375 0.0359375
5 0.5765625 0.4984375 0.0171875 0.02890625
5 0.50859375 0.2765625 0.0078125 0.01953125
5 0.6203125 0.50625 0.01328125 0.025
5 0.275 0.33203125 0.009375 0.01484375
5 0.67265625 0.415625 0.01796875 0.01640625
5 0.49375 0.26796875 0.0078125 0.0140625
4 0.48828125 0.3234375 0.0078125 0.0140625
5 0.39375 0.753125 0.0140625 0.021875
4 0.71953125 0.303125 0.009375 0.0140625
4 0.746875 0.76953125 0.01015625 0.0171875
5 0.2703125 0.3203125 0.0125 0.02578125
5 0.74921875 0.628125 0.01875 0.02890625
5 0.79921875 0.48125 0.00859375 0.021875
5 0.8 0.16484375 0.015625 0.021875
5 0.415625 0.04609375 0.01015625 0.02421875
5 0.84609375 0.34921875 0.01171875 0.0234375
5 0.890625 0.35625 0.009375 0.0265625
5 0.921875 0.2953125 0.01171875 0.01796875
5 0.94921875 0.153125 0.0109375 0.01796875
5 0.95234375 0.16015625 0.0125 0.01875
5 0.953125 0.3875 0.015625 0.028125
5 0.86328125 0.37734375 0.0078125 0.01328125