5 0.0546875 0.459375 0.015625 0.02421875
5 0.13515625 0.43359375 0.0125 0.02421875
4 0.11484375 0.33828125 0.00703125 0.01328125
5 0.17734375 0.22578125 0.01015625 0.040625
5 0.21796875 0.21953125 0.01484375 0.0265625
5 0.2671875 0.24296875 0.01796875 0.02734375
5 0.38125 0.165625 0.01015625 0.01953125
5 0.38125 0.19921875 0.01328125 0.01953125
5 0.428125 0.04921875 0.0109375 0.015625
5 0.41640625 0.034375 0.009375 0.01796875
5 0.396875 0.45546875 0.0109375 0.015625
5 0.41328125 0.37109375 0.0140625 0.02421875
5 0.396875 0.49765625 0.009375 0.01875
5 0.3984375 0.48125 0.00859375 0.01875
5 0.41328125 0.4484375 0.0125 0.0234375
5 0.27734375 0.446875 0.0125 0.0390625
4 0.3171875 0.728125 0.009375 0.0265625
4 0.3359375 0.74296875 0.01328125 0.0109375
5 0.3234375 0.75546875 0.01328125 0.01875
4 0.30078125 0.79453125 0.0078125 0.0125
4 0.47578125 0.7671875 0.0109375 0.015625
4 0.13125 0.82421875 0.00859375 0.01640625
5 0.47734375 0.6609375 0.0265625 0.034375
5 0.5046875 0.50078125 0.0203125 0.02578125
5 0.43828125 0.26953125 0.0078125 0.01953125
5 0.54296875 0.50625 0.01328125 0.025
5 0.2046875 0.3296875 0.00859375 0.0140625
5 0.60078125 0.42265625 0.01796875 0.01796875
5 0.42578125 0.2625 0.00625 0.021875
4 0.4171875 0.328125 0.0078125 0.0140625
5 0.315625 0.7453125 0.009375 0.01796875
4 0.64921875 0.303125 0.00859375 0.01328125
4 0.6609375 0.76953125 0.0109375 0.01875
5 0.19921875 0.33671875 0.01171875 0.02421875
5 0.67890625 0.6265625 0.009375 0.02578125
5 0.72890625 0.4875 0.00859375 0.021875
5 0.728125 0.165625 0.00859375 0.02109375
5 0.34765625 0.06484375 0.0109375 0.0234375
5 0.7765625 0.353125 0.01171875 0.0234375
5 0.821875 0.35625 0.01015625 0.02109375
5 0.85390625 0.29296875 0.01171875 0.01484375
5 0.87890625 0.15078125 0.0109375 0.01875
5 0.88125 0.165625 0.0078125 0.01875
5 0.88203125 0.38828125 0.01484375 0.0265625
5 0.79140625 0.37890625 0.00859375 0.01796875
5 0.92890625 0.44140625 0.0140625 0.0234375
5 0.73828125 0.1484375 0.00625 0.01796875
5 0.73515625 0.16484375 0.00859375 0.02265625
5 0.37109375 0.3171875 0.01015625 0.01875
5 0.95078125 0.4265625 0.0109375 0.01953125
5 0.98359375 0.69453125 0.0140625 0.02265625