5 0.00703125 0.23515625 0.0140625 0.02890625
5 0.00859375 0.38203125 0.01484375 0.01953125
5 0.071875 0.4625 0.01640625 0.02578125
5 0.1515625 0.434375 0.0125 0.02421875
4 0.1296875 0.3359375 0.00703125 0.01328125
5 0.190625 0.22421875 0.01015625 0.03828125
5 0.2328125 0.21953125 0.01484375 0.0265625
5 0.28515625 0.2328125 0.01875 0.02890625
5 0.39453125 0.16484375 0.0109375 0.02109375
5 0.39609375 0.19921875 0.01328125 0.01953125
5 0.44140625 0.046875 0.0109375 0.015625
5 0.4328125 0.03828125 0.009375 0.01796875
5 0.4109375 0.45703125 0.0109375 0.015625
5 0.42890625 0.36875 0.0140625 0.02421875
5 0.41171875 0.49921875 0.009375 0.01875
5 0.4125 0.47890625 0.00859375 0.01875
5 0.4296875 0.45234375 0.01328125 0.03125
5 0.29375 0.44453125 0.01328125 0.040625
4 0.33203125 0.72890625 0.009375 0.0265625
4 0.353125 0.74296875 0.01328125 0.0109375
5 0.3375 0.75625 0.0140625 0.01953125
4 0.31640625 0.79375 0.0078125 0.0125
4 0.490625 0.7671875 0.0109375 0.015625
4 0.14609375 0.82421875 0.00859375 0.01640625
5 0.4953125 0.66328125 0.025 0.03203125
5 0.52109375 0.49921875 0.0171875 0.03828125
5 0.45234375 0.271875 0.0078125 0.01953125
5 0.5609375 0.509375 0.01328125 0.0265625
5 0.22109375 0.32890625 0.00859375 0.0140625
5 0.615625 0.42109375 0.01796875 0.01796875
5 0.440625 0.2640625 0.00625 0.021875
4 0.4328125 0.3265625 0.0078125 0.0140625
5 0.3296875 0.74375 0.0109375 0.01953125
4 0.66484375 0.30078125 0.00859375 0.01328125
4 0.67734375 0.76953125 0.01015625 0.01796875
5 0.2140625 0.334375 0.01328125 0.02578125
5 0.69296875 0.62734375 0.009375 0.02578125
5 0.74375 0.4828125 0.009375 0.02265625
5 0.7421875 0.16484375 0.009375 0.01640625
5 0.3625 0.059375 0.01171875 0.02421875
5 0.79140625 0.353125 0.01171875 0.0234375
5 0.83515625 0.35625 0.01015625 0.02109375
5 0.8609375 0.31171875 0.01171875 0.01484375
5 0.89609375 0.15 0.0109375 0.01875
5 0.89921875 0.16328125 0.0078125 0.01875
5 0.896875 0.38671875 0.015625 0.028125
5 0.80625 0.3796875 0.0078125 0.01640625
5 0.94296875 0.44453125 0.0140625 0.0234375
5 0.7546875 0.14765625 0.00625 0.01796875
5 0.74921875 0.16171875 0.009375 0.01953125
5 0.38203125 0.31640625 0.01015625 0.01875
5 0.9671875 0.42578125 0.0109375 0.0125