5 0.00859375 0.334375 0.0171875 0.03203125
5 0.0203125 0.24375 0.015625 0.02578125
5 0.0140625 0.278125 0.015625 0.025
5 0.04609375 0.23359375 0.01328125 0.02578125
5 0.04765625 0.38046875 0.0140625 0.028125
5 0.11171875 0.45546875 0.0125 0.02421875
5 0.19296875 0.42890625 0.0125 0.0234375
4 0.171875 0.334375 0.00703125 0.0140625
5 0.23203125 0.2203125 0.0109375 0.03984375
5 0.27421875 0.21796875 0.01484375 0.0265625
5 0.3296875 0.215625 0.01015625 0.0234375
5 0.43671875 0.16796875 0.0109375 0.02109375
5 0.43671875 0.19453125 0.01328125 0.01953125
5 0.48359375 0.046875 0.01015625 0.01484375
5 0.47265625 0.03359375 0.009375 0.01796875
5 0.45234375 0.45703125 0.0109375 0.015625
5 0.47265625 0.37265625 0.02109375 0.02578125
5 0.44921875 0.49296875 0.009375 0.01875
5 0.453125 0.478125 0.009375 0.01953125
5 0.465625 0.44765625 0.015625 0.04296875
5 0.334375 0.44921875 0.01328125 0.03359375
4 0.37421875 0.72265625 0.009375 0.0265625
4 0.3921875 0.73984375 0.01328125 0.01171875
5 0.3796875 0.75078125 0.0109375 0.02109375
4 0.35703125 0.79140625 0.0078125 0.01328125
4 0.5359375 0.765625 0.01015625 0.0140625
4 0.1859375 0.81953125 0.00859375 0.015625
5 0.53984375 0.659375 0.02265625 0.03125
5 0.56171875 0.496875 0.01640625 0.02734375
5 0.49140625 0.275 0.0078125 0.01953125
5 0.6046875 0.50703125 0.01328125 0.025
5 0.2609375 0.3265625 0.009375 0.015625
5 0.659375 0.41640625 0.01875 0.0171875
5 0.48046875 0.26484375 0.0078125 0.01328125
4 0.47265625 0.32578125 0.0078125 0.0140625
5 0.3703125 0.740625 0.0109375 0.01953125
4 0.7078125 0.303125 0.009375 0.0140625
4 0.71796875 0.76640625 0.01015625 0.0171875
5 0.2578125 0.3265625 0.0125 0.02578125
5 0.73515625 0.62734375 0.01953125 0.03046875
5 0.78515625 0.48515625 0.00859375 0.021875
5 0.78359375 0.1625 0.00859375 0.0171875
5 0.4015625 0.04609375 0.01015625 0.02421875
5 0.83203125 0.35 0.01171875 0.0234375
5 0.875 0.35625 0.009375 0.0265625
5 0.8984375 0.3109375 0.0109375 0.01640625
5 0.93515625 0.153125 0.0109375 0.01796875
5 0.9359375 0.1625 0.0125 0.01875
5 0.93984375 0.3875 0.015625 0.028125
5 0.8484375 0.37734375 0.00703125 0.0140625
5 0.98515625 0.44140625 0.01328125 0.02265625
5 0.79296875 0.1640625 0.0078125 0.01796875
5 0.79375 0.14140625 0.00859375 0.01875
5 0.4265625 0.309375 0.009375 0.0171875