5 0.0265625 0.45625 0.015625 0.02421875
5 0.10703125 0.4328125 0.01171875 0.021875
4 0.08515625 0.3390625 0.00703125 0.01328125
5 0.14921875 0.2234375 0.01015625 0.040625
5 0.18671875 0.21796875 0.01484375 0.0265625
5 0.2421875 0.25234375 0.01796875 0.0453125
5 0.353125 0.16796875 0.01015625 0.01875
5 0.3515625 0.19921875 0.0125 0.01875
5 0.3984375 0.04921875 0.01015625 0.01484375
5 0.38515625 0.03671875 0.009375 0.01796875
5 0.3671875 0.45390625 0.01171875 0.01640625
5 0.3859375 0.37265625 0.01484375 0.02578125
5 0.365625 0.4984375 0.009375 0.01875
5 0.36875 0.47890625 0.00859375 0.01875
5 0.38515625 0.45078125 0.0125 0.0234375
5 0.265625 0.46328125 0.01328125 0.040625
4 0.2875 0.73046875 0.009375 0.0265625
4 0.309375 0.740625 0.015625 0.01796875
5 0.29375 0.7578125 0.01328125 0.01875
4 0.271875 0.7953125 0.0078125 0.0125
4 0.44609375 0.76875 0.0109375 0.015625
4 0.10234375 0.82109375 0.00859375 0.015625
5 0.4484375 0.6609375 0.0265625 0.034375
5 0.475 0.49921875 0.0203125 0.02578125
5 0.41171875 0.26875 0.00703125 0.01953125
5 0.5140625 0.509375 0.01796875 0.0203125
5 0.17578125 0.32734375 0.0078125 0.01328125
5 0.571875 0.42421875 0.0203125 0.01953125
5 0.4 0.259375 0.009375 0.02109375
4 0.3890625 0.32578125 0.00703125 0.01328125
5 0.28828125 0.74375 0.01015625 0.01875
4 0.621875 0.30078125 0.00859375 0.01328125
4 0.63203125 0.76953125 0.0109375 0.01875
5 0.1703125 0.34140625 0.01171875 0.02421875
5 0.65 0.6265625 0.01171875 0.02421875
5 0.71171875 0.49765625 0.009375 0.02265625
5 0.69765625 0.16640625 0.00859375 0.02109375
5 0.31875 0.06875 0.0109375 0.021875
5 0.746875 0.35546875 0.01171875 0.0234375
5 0.79375 0.35546875 0.01015625 0.02109375
5 0.8234375 0.2921875 0.01171875 0.0140625
5 0.85390625 0.16640625 0.0109375 0.01875
5 0.85 0.1515625 0.00859375 0.01875
5 0.8515625 0.3828125 0.015625 0.028125
5 0.7625 0.38203125 0.009375 0.01875
5 0.9015625 0.44296875 0.01484375 0.025
5 0.709375 0.14375 0.00703125 0.01796875
5 0.70546875 0.16171875 0.00859375 0.01953125
5 0.3390625 0.31640625 0.009375 0.01796875
5 0.92265625 0.42265625 0.0109375 0.0125
5 0.95703125 0.69375 0.01328125 0.021875
5 0.9734375 0.06953125 0.01796875 0.028125