5 0.0046875 0.45 0.009375 0.025
5 0.08359375 0.428125 0.01328125 0.02421875
4 0.065625 0.33359375 0.00703125 0.01328125
5 0.1265625 0.2171875 0.0109375 0.040625
5 0.16796875 0.21328125 0.01640625 0.0296875
5 0.21953125 0.2609375 0.01875 0.04765625
5 0.3296875 0.16171875 0.01015625 0.01875
5 0.33046875 0.19296875 0.01171875 0.01953125
5 0.3625 0.028125 0.0109375 0.015625
5 0.375 0.0421875 0.01015625 0.01796875
5 0.34375 0.44453125 0.0125 0.01796875
5 0.3625 0.3625 0.0140625 0.02421875
5 0.346875 0.49140625 0.009375 0.02109375
5 0.34765625 0.471875 0.00859375 0.01875
5 0.3609375 0.4421875 0.01328125 0.025
5 0.2359375 0.44296875 0.0125 0.03671875
4 0.2640625 0.721875 0.01015625 0.028125
4 0.2859375 0.73828125 0.01328125 0.01640625
5 0.27109375 0.74765625 0.009375 0.0203125
4 0.2484375 0.78828125 0.0078125 0.0125
4 0.42265625 0.7609375 0.01015625 0.0140625
4 0.078125 0.81484375 0.0078125 0.01484375
5 0.425 0.65703125 0.0265625 0.034375
5 0.4515625 0.4953125 0.021875 0.028125
5 0.38984375 0.259375 0.00703125 0.01953125
5 0.4921875 0.5015625 0.01953125 0.02265625
5 0.153125 0.31875 0.0125 0.015625
5 0.54921875 0.41640625 0.01640625 0.01953125
5 0.3765625 0.2484375 0.0078125 0.01953125
4 0.365625 0.31875 0.00703125 0.01328125
5 0.2640625 0.74296875 0.0109375 0.01953125
4 0.596875 0.29296875 0.00859375 0.01328125
4 0.60859375 0.759375 0.01015625 0.01796875
5 0.1515625 0.33671875 0.0125 0.0265625
5 0.625 0.6234375 0.0125 0.02578125
5 0.6765625 0.47578125 0.009375 0.02265625
5 0.675 0.16484375 0.00859375 0.02109375
5 0.29609375 0.06640625 0.01015625 0.02109375
5 0.72421875 0.34609375 0.0125 0.02421875
5 0.76953125 0.35 0.01015625 0.02109375
5 0.80078125 0.284375 0.01171875 0.0140625
5 0.8296875 0.16171875 0.0109375 0.01796875
5 0.82890625 0.14453125 0.0078125 0.01796875
5 0.83671875 0.37578125 0.01484375 0.0265625
5 0.7390625 0.3765625 0.009375 0.01875
5 0.88046875 0.43125 0.0140625 0.0234375
5 0.6875 0.1359375 0.00703125 0.01796875
5 0.6828125 0.15703125 0.00859375 0.01953125
5 0.31640625 0.30625 0.009375 0.0171875
5 0.9015625 0.4140625 0.0109375 0.0171875
5 0.9328125 0.68828125 0.01328125 0.02265625
5 0.9515625 0.06328125 0.01796875 0.028125