5 0.07421875 0.4234375 0.01328125 0.02578125
4 0.053125 0.3234375 0.00703125 0.01328125
5 0.11484375 0.20546875 0.009375 0.04140625
5 0.1546875 0.20546875 0.01640625 0.0296875
5 0.2046875 0.2484375 0.01875 0.04765625
5 0.3203125 0.15390625 0.01015625 0.01953125
5 0.3171875 0.18203125 0.01171875 0.0203125
5 0.3515625 0.0234375 0.0109375 0.015625
5 0.3640625 0.0375 0.009375 0.0171875
5 0.33515625 0.440625 0.0125 0.01796875
5 0.35078125 0.35390625 0.01484375 0.02578125
5 0.33515625 0.4828125 0.00859375 0.0203125
5 0.33515625 0.46328125 0.0078125 0.01796875
5 0.35078125 0.43359375 0.01328125 0.025
5 0.21484375 0.4234375 0.0125 0.03671875
4 0.253125 0.7140625 0.0109375 0.028125
4 0.2734375 0.7296875 0.0140625 0.0171875
5 0.2609375 0.7359375 0.01015625 0.02109375
4 0.2359375 0.78046875 0.00703125 0.01171875
4 0.41328125 0.75078125 0.0109375 0.015625
4 0.06484375 0.8109375 0.0078125 0.01484375
5 0.409375 0.6484375 0.02265625 0.03203125
5 0.43984375 0.48671875 0.021875 0.028125
5 0.36328125 0.240625 0.0125 0.01953125
5 0.4765625 0.48828125 0.0203125 0.0234375
5 0.14140625 0.309375 0.0125 0.015625
5 0.53671875 0.40859375 0.0171875 0.02109375
5 0.378125 0.25078125 0.0078125 0.01953125
4 0.35390625 0.30859375 0.00703125 0.0125
5 0.25078125 0.73125 0.0109375 0.01953125
4 0.58515625 0.2859375 0.009375 0.0140625
4 0.59375 0.75390625 0.01015625 0.01796875
5 0.1421875 0.32734375 0.0125 0.0265625
5 0.61484375 0.6140625 0.0125 0.02578125
5 0.66328125 0.47109375 0.01015625 0.0234375
5 0.6609375 0.15546875 0.00859375 0.02109375
5 0.28359375 0.05703125 0.0109375 0.021875
5 0.71328125 0.33515625 0.01171875 0.0234375
5 0.75703125 0.34140625 0.009375 0.01953125
5 0.7890625 0.27890625 0.01171875 0.0140625
5 0.81640625 0.13671875 0.0109375 0.01796875
5 0.81875 0.153125 0.0109375 0.01796875
5 0.81875 0.36953125 0.01484375 0.0265625
5 0.7265625 0.36640625 0.009375 0.01875
5 0.8671875 0.42109375 0.0140625 0.0234375
5 0.67421875 0.12734375 0.00703125 0.01796875
5 0.671875 0.153125 0.009375 0.0203125
5 0.30390625 0.30078125 0.009375 0.01484375
5 0.8890625 0.40546875 0.0109375 0.0171875
5 0.92421875 0.68125 0.01328125 0.02265625
5 0.934375 0.05703125 0.01796875 0.028125