5 0.06015625 0.4078125 0.01328125 0.02421875
4 0.04140625 0.31328125 0.00703125 0.01328125
5 0.10390625 0.19453125 0.009375 0.04140625
5 0.1453125 0.19453125 0.01640625 0.0296875
5 0.1921875 0.24375 0.01953125 0.04375
5 0.30625 0.14140625 0.01015625 0.01953125
5 0.30703125 0.175 0.01171875 0.01875
5 0.3546875 0.0296875 0.0109375 0.015625
5 0.3640625 0.034375 0.009375 0.0171875
5 0.32265625 0.428125 0.0125 0.01796875
5 0.33984375 0.34375 0.015625 0.0265625
5 0.3234375 0.47109375 0.00859375 0.01953125
5 0.32421875 0.45625 0.0078125 0.01796875
5 0.340625 0.421875 0.0125 0.0234375
5 0.20390625 0.415625 0.0125 0.03671875
4 0.24296875 0.703125 0.01015625 0.0265625
4 0.2640625 0.71953125 0.01328125 0.01640625
5 0.2515625 0.7265625 0.01015625 0.021875
4 0.22421875 0.76796875 0.00703125 0.01171875
4 0.4015625 0.73828125 0.0109375 0.015625
4 0.05703125 0.79921875 0.0078125 0.01484375
5 0.3984375 0.63984375 0.02265625 0.03203125
5 0.42890625 0.475 0.0234375 0.0296875
5 0.35625 0.22578125 0.0078125 0.01953125
5 0.46484375 0.47734375 0.01953125 0.02265625
5 0.13046875 0.2984375 0.0125 0.015625
5 0.525 0.3984375 0.01875 0.021875
5 0.36875 0.2359375 0.0078125 0.02109375
4 0.34296875 0.2984375 0.00703125 0.0125
5 0.24140625 0.7203125 0.0109375 0.01953125
4 0.575 0.2734375 0.009375 0.0140625
4 0.58671875 0.74140625 0.01015625 0.01796875
5 0.13203125 0.3140625 0.0125 0.0265625
5 0.60390625 0.60234375 0.0125 0.02578125
5 0.65234375 0.459375 0.01015625 0.025
5 0.653125 0.14375 0.00859375 0.02109375
5 0.29296875 0.06015625 0.0109375 0.021875
5 0.703125 0.32421875 0.01171875 0.0234375
5 0.74609375 0.33203125 0.009375 0.01953125
5 0.7765625 0.2703125 0.01171875 0.0140625
5 0.8046875 0.12734375 0.0109375 0.01796875
5 0.809375 0.14375 0.0109375 0.01796875
5 0.80859375 0.359375 0.0140625 0.02578125
5 0.71640625 0.35234375 0.00859375 0.01796875
5 0.85625 0.40546875 0.0140625 0.0234375
5 0.66484375 0.11796875 0.00703125 0.01640625
5 0.6609375 0.14296875 0.00859375 0.01953125
5 0.29296875 0.2859375 0.009375 0.01484375
5 0.8796875 0.3953125 0.0109375 0.0171875
5 0.91171875 0.66796875 0.01328125 0.0265625
5 0.9265625 0.04765625 0.01796875 0.028125