5 0.38046875 0.309375 0.0140625 0.0234375
5 0.3625 0.3015625 0.01328125 0.03203125
5 0.41640625 0.2453125 0.015625 0.025
5 0.4203125 0.22890625 0.009375 0.021875
5 0.453125 0.2109375 0.0109375 0.0265625
5 0.4515625 0.34296875 0.0109375 0.0234375
5 0.52734375 0.425 0.01171875 0.02421875
5 0.6015625 0.41015625 0.009375 0.021875
4 0.5796875 0.309375 0.00703125 0.01328125
5 0.63828125 0.21171875 0.01875 0.04921875
5 0.6859375 0.1890625 0.01484375 0.0234375
5 0.746875 0.16953125 0.0140625 0.0234375
5 0.84296875 0.16875 0.0125 0.0203125
5 0.84921875 0.1421875 0.01796875 0.025
5 0.890625 0.05546875 0.0109375 0.015625
5 0.87890625 0.0203125 0.01328125 0.0203125
5 0.884375 0.26953125 0.009375 0.01953125
5 0.85859375 0.38515625 0.01328125 0.02890625
5 0.8828125 0.35 0.01171875 0.0234375
5 0.87578125 0.4453125 0.01328125 0.0265625
5 0.84921875 0.44921875 0.01328125 0.025
5 0.86015625 0.41953125 0.01484375 0.021875
5 0.73671875 0.4484375 0.01328125 0.01953125
4 0.7859375 0.684375 0.00859375 0.02890625
4 0.8046875 0.715625 0.0171875 0.01953125
5 0.78359375 0.71484375 0.0140625 0.0234375
4 0.76796875 0.7609375 0.0109375 0.01328125
4 0.94765625 0.7375 0.01171875 0.01796875
4 0.60078125 0.790625 0.01015625 0.0140625
5 0.0296875 0.04921875 0.01328125 0.0265625
5 0.39921875 0.16171875 0.0109375 0.01796875
5 0.96875 0.63359375 0.02421875 0.0484375
5 0.6734375 0.303125 0.009375 0.01875
5 0.98828125 0.46953125 0.0171875 0.03125