5 0.31796875 0.31796875 0.0140625 0.040625
5 0.29296875 0.30390625 0.015625 0.03828125
5 0.35078125 0.24609375 0.015625 0.02578125
5 0.34921875 0.23203125 0.01015625 0.0234375
5 0.38359375 0.21484375 0.0140625 0.03203125
5 0.38359375 0.34921875 0.01171875 0.02421875
5 0.45703125 0.43125 0.0140625 0.02890625
5 0.53359375 0.41796875 0.0125 0.02578125
4 0.51171875 0.315625 0.00703125 0.01328125
5 0.57109375 0.2203125 0.02109375 0.05390625
5 0.61484375 0.20234375 0.01484375 0.0234375
5 0.675 0.18046875 0.0109375 0.0234375
5 0.775 0.171875 0.0125 0.028125
5 0.78046875 0.1484375 0.01953125 0.028125
5 0.82109375 0.05078125 0.01484375 0.02421875
5 0.81171875 0.0265625 0.01484375 0.02578125
5 0.79140625 0.38671875 0.0140625 0.03046875
5 0.81484375 0.35703125 0.0140625 0.02890625
5 0.80390625 0.4515625 0.01328125 0.0265625
5 0.78046875 0.46328125 0.0171875 0.0390625
5 0.79140625 0.4328125 0.01875 0.0296875
5 0.67109375 0.4484375 0.015625 0.03359375
4 0.715625 0.6953125 0.0078125 0.028125
4 0.73515625 0.72109375 0.0171875 0.01953125
5 0.71171875 0.7265625 0.01875 0.03203125
4 0.6984375 0.76796875 0.009375 0.01171875
4 0.878125 0.7421875 0.01171875 0.01796875
4 0.53203125 0.796875 0.01015625 0.01484375
5 0.33046875 0.17109375 0.01171875 0.01953125
5 0.89765625 0.6375 0.0265625 0.04375
5 0.91953125 0.4796875 0.01953125 0.034375
5 0.821875 0.28828125 0.0078125 0.01640625
5 0.96171875 0.48671875 0.01171875 0.028125
5 0.603125 0.30546875 0.01328125 0.015625
5 0.9890625 0.38515625 0.0171875 0.0375