5 0.290625 0.31875 0.01484375 0.04296875
5 0.26484375 0.30625 0.01484375 0.028125
5 0.31875 0.2484375 0.01640625 0.025
5 0.3234375 0.23203125 0.01015625 0.0234375
5 0.35625 0.2125 0.01328125 0.0296875
5 0.35625 0.35390625 0.0125 0.02578125
5 0.42890625 0.434375 0.0140625 0.02890625
5 0.50546875 0.41796875 0.01171875 0.02421875
4 0.48359375 0.31953125 0.00703125 0.01328125
5 0.54140625 0.21875 0.0109375 0.03984375
5 0.5859375 0.203125 0.015625 0.034375
5 0.64609375 0.18671875 0.0125 0.03125
5 0.746875 0.1734375 0.0125 0.028125
5 0.75 0.15 0.0171875 0.03125
5 0.79140625 0.05078125 0.0140625 0.0234375
5 0.78359375 0.02578125 0.0140625 0.02421875
5 0.76328125 0.3875 0.0140625 0.03046875
5 0.78671875 0.3609375 0.0203125 0.04140625
5 0.77265625 0.4546875 0.01328125 0.0265625
5 0.7515625 0.465625 0.01328125 0.028125
5 0.7640625 0.4359375 0.015625 0.02578125
5 0.6421875 0.45 0.01484375 0.03203125
4 0.68828125 0.69765625 0.00859375 0.02890625
4 0.70546875 0.721875 0.01796875 0.02109375
5 0.6859375 0.73046875 0.0140625 0.0234375
4 0.66875 0.771875 0.009375 0.0140625
4 0.84765625 0.74765625 0.0109375 0.01640625
4 0.50078125 0.803125 0.009375 0.01796875
5 0.3015625 0.171875 0.01171875 0.01953125
5 0.86796875 0.64375 0.0265625 0.04375
5 0.88984375 0.484375 0.02109375 0.03828125
5 0.7953125 0.28828125 0.0078125 0.015625
5 0.93359375 0.49375 0.015625 0.0359375
5 0.5765625 0.3046875 0.0109375 0.015625
5 0.96484375 0.3859375 0.01875 0.04140625
5 0.78984375 0.27109375 0.01015625 0.01328125
4 0.78515625 0.30703125 0.00703125 0.0109375
5 0.6796875 0.71796875 0.009375 0.0203125