5 0.25859375 0.31484375 0.015625 0.034375
5 0.22578125 0.3109375 0.015625 0.02890625
5 0.28046875 0.25 0.01328125 0.028125
5 0.2859375 0.2359375 0.01015625 0.0234375
5 0.3171875 0.21171875 0.01328125 0.03125
5 0.31484375 0.3609375 0.0125 0.02578125
5 0.39140625 0.4328125 0.0140625 0.02890625
5 0.46875 0.4203125 0.0125 0.02578125
4 0.4453125 0.32265625 0.00703125 0.0140625
5 0.503125 0.21640625 0.0109375 0.03984375
5 0.55 0.20546875 0.015625 0.028125
5 0.60625 0.19140625 0.01171875 0.03046875
5 0.70546875 0.178125 0.01328125 0.0234375
5 0.71171875 0.1515625 0.01171875 0.02265625
5 0.74921875 0.04375 0.0109375 0.02109375
5 0.7421875 0.0265625 0.0109375 0.02109375
5 0.72734375 0.390625 0.015625 0.03359375
5 0.746875 0.3609375 0.01875 0.03125
5 0.7328125 0.45859375 0.0109375 0.0203125
5 0.72734375 0.44296875 0.0140625 0.028125
5 0.71640625 0.46953125 0.0109375 0.02578125
5 0.6109375 0.4484375 0.01484375 0.03203125
4 0.64921875 0.7015625 0.0078125 0.028125
4 0.665625 0.7265625 0.01875 0.01640625
5 0.64375 0.73203125 0.01015625 0.02265625
4 0.63125 0.771875 0.009375 0.01328125
4 0.809375 0.74921875 0.0109375 0.01640625
4 0.46171875 0.80546875 0.00859375 0.0171875
5 0.2578125 0.175 0.0109375 0.01875
5 0.825 0.64609375 0.028125 0.03828125
5 0.85 0.4859375 0.01875 0.03359375
5 0.7578125 0.28671875 0.00703125 0.0140625
5 0.8984375 0.4921875 0.01484375 0.034375
5 0.53984375 0.3171875 0.0109375 0.015625
5 0.92578125 0.39140625 0.01953125 0.0359375
5 0.74921875 0.2703125 0.0109375 0.0125
4 0.746875 0.30859375 0.00703125 0.0109375
5 0.64296875 0.721875 0.009375 0.01953125
4 0.97890625 0.28203125 0.00703125 0.015625
4 0.990625 0.74921875 0.0109375 0.01796875