5 0.234375 0.31875 0.01640625 0.0359375
5 0.196875 0.30859375 0.01640625 0.03046875
5 0.25859375 0.23203125 0.0125 0.025
5 0.2515625 0.24765625 0.009375 0.021875
5 0.2890625 0.21640625 0.01328125 0.03125
5 0.2875 0.3609375 0.0125 0.02578125
5 0.36015625 0.43515625 0.0140625 0.02890625
5 0.43515625 0.42265625 0.0125 0.02578125
4 0.41640625 0.32265625 0.00703125 0.01328125
5 0.47578125 0.21796875 0.0109375 0.03984375
5 0.52265625 0.20390625 0.015625 0.028125
5 0.57578125 0.19453125 0.01171875 0.03046875
5 0.67890625 0.1765625 0.0125 0.01796875
5 0.68125 0.15625 0.0109375 0.021875
5 0.7171875 0.05078125 0.0109375 0.02109375
5 0.715625 0.0296875 0.0109375 0.02109375
5 0.7015625 0.3984375 0.0171875 0.03203125
5 0.71640625 0.36015625 0.015625 0.02578125
5 0.70390625 0.46328125 0.01484375 0.02421875
5 0.7 0.44921875 0.01171875 0.01875
5 0.68984375 0.46953125 0.0109375 0.02578125
5 0.578125 0.45390625 0.0140625 0.03125
4 0.6203125 0.70390625 0.0078125 0.028125
4 0.63671875 0.72890625 0.0171875 0.0140625
5 0.61796875 0.73203125 0.0140625 0.02578125
4 0.603125 0.77578125 0.0078125 0.0125
4 0.78125 0.7515625 0.0109375 0.01640625
4 0.43359375 0.80546875 0.00859375 0.01640625
5 0.23046875 0.17734375 0.0109375 0.01875
5 0.79609375 0.6484375 0.02890625 0.040625
5 0.81875 0.4875 0.01875 0.03359375
5 0.73125 0.28671875 0.0078125 0.01953125
5 0.8640625 0.496875 0.0140625 0.03203125
5 0.51328125 0.31875 0.0078125 0.01171875
5 0.89921875 0.39453125 0.02109375 0.0390625
5 0.721875 0.271875 0.01171875 0.01640625
4 0.72109375 0.31171875 0.0078125 0.01015625
5 0.6125 0.71953125 0.00859375 0.01953125
4 0.95 0.28203125 0.00703125 0.01484375
4 0.96484375 0.753125 0.0109375 0.01875
5 0.50546875 0.3109375 0.00546875 0.01875
5 0.9765625 0.615625 0.0140625 0.03046875
5 0.6609375 0.30703125 0.00546875 0.015625