5 0.21171875 0.31953125 0.01796875 0.03984375
5 0.16953125 0.30625 0.01640625 0.03046875
5 0.2328125 0.23203125 0.01328125 0.0265625
5 0.22734375 0.246875 0.009375 0.03203125
5 0.2625 0.21328125 0.01328125 0.03125
5 0.26171875 0.36328125 0.01328125 0.02734375
5 0.3328125 0.4390625 0.01328125 0.02578125
5 0.4109375 0.41953125 0.0140625 0.02890625
4 0.390625 0.32578125 0.00703125 0.01328125
5 0.45 0.2171875 0.01015625 0.03828125
5 0.49609375 0.20625 0.01484375 0.0265625
5 0.55 0.1984375 0.01171875 0.02890625
5 0.65546875 0.17734375 0.01171875 0.025
5 0.65859375 0.15625 0.01171875 0.02265625
5 0.69609375 0.04765625 0.00859375 0.015625
5 0.6890625 0.03046875 0.01015625 0.01953125
5 0.67578125 0.40078125 0.0171875 0.03203125
5 0.69140625 0.365625 0.015625 0.02578125
5 0.6640625 0.47109375 0.0125 0.0203125
5 0.67578125 0.45234375 0.01171875 0.01875
5 0.678125 0.465625 0.0109375 0.02578125
5 0.55078125 0.453125 0.01328125 0.0390625
4 0.5953125 0.70625 0.0078125 0.0265625
4 0.61171875 0.72890625 0.0171875 0.0140625
5 0.59375 0.73515625 0.0125 0.03125
4 0.5765625 0.77578125 0.0078125 0.01171875
4 0.75546875 0.75390625 0.0109375 0.015625
4 0.40390625 0.8078125 0.00859375 0.015625
5 0.76875 0.64609375 0.0265625 0.034375
5 0.79375 0.48359375 0.01953125 0.0359375
5 0.69609375 0.27109375 0.0078125 0.0203125
5 0.83515625 0.496875 0.01484375 0.034375
5 0.4875 0.31640625 0.0078125 0.01328125
5 0.875 0.396875 0.02265625 0.04140625
5 0.70703125 0.2859375 0.0109375 0.01875
4 0.69375 0.31328125 0.0078125 0.009375
5 0.58671875 0.72578125 0.00859375 0.01875
4 0.925 0.284375 0.015625 0.01640625
4 0.9421875 0.753125 0.0109375 0.01875
5 0.47890625 0.3140625 0.00546875 0.01875
5 0.95078125 0.61796875 0.0171875 0.03046875
5 0.20234375 0.17890625 0.01328125 0.0234375