5 0.1984375 0.315625 0.0140625 0.02734375
5 0.1578125 0.30625 0.0171875 0.03203125
5 0.21875 0.23046875 0.0125 0.025
5 0.21484375 0.24609375 0.009375 0.03046875
5 0.24921875 0.21640625 0.0140625 0.03203125
5 0.24921875 0.3640625 0.01328125 0.02734375
5 0.31640625 0.44375 0.01328125 0.02578125
5 0.3953125 0.42421875 0.01484375 0.03046875
4 0.37734375 0.3265625 0.00625 0.01328125
5 0.4375 0.21875 0.01015625 0.0359375
5 0.48125 0.20625 0.01484375 0.0265625
5 0.5359375 0.2 0.01171875 0.02890625
5 0.6421875 0.178125 0.01328125 0.025
5 0.64375 0.1546875 0.01171875 0.0234375
5 0.68359375 0.0484375 0.00859375 0.015625
5 0.67578125 0.0296875 0.01015625 0.01953125
5 0.66484375 0.40546875 0.01796875 0.034375
5 0.678125 0.3640625 0.01484375 0.02421875
5 0.65078125 0.471875 0.0171875 0.0203125
5 0.66015625 0.45546875 0.0109375 0.01796875
5 0.66328125 0.47109375 0.0109375 0.02578125
5 0.5375 0.4546875 0.01328125 0.0390625
4 0.58203125 0.70390625 0.0078125 0.0265625
4 0.59765625 0.7265625 0.0171875 0.0140625
5 0.58125 0.734375 0.01328125 0.02265625
4 0.5625 0.77578125 0.0078125 0.01171875
4 0.7421875 0.753125 0.0109375 0.015625
4 0.38984375 0.8109375 0.00859375 0.01640625
5 0.75546875 0.64296875 0.0265625 0.034375
5 0.77890625 0.48984375 0.0203125 0.0375
5 0.68203125 0.27109375 0.0078125 0.0203125
5 0.8203125 0.49140625 0.015625 0.0359375
5 0.47421875 0.31171875 0.0078125 0.01328125
5 0.8609375 0.40078125 0.0234375 0.04296875
5 0.69296875 0.28359375 0.0109375 0.01875
4 0.6796875 0.31328125 0.0078125 0.009375
5 0.57421875 0.72421875 0.00859375 0.01875
4 0.9125 0.28203125 0.0109375 0.01640625
4 0.92421875 0.75625 0.0109375 0.01796875
5 0.46484375 0.31484375 0.00703125 0.01875
5 0.93671875 0.61953125 0.01796875 0.03125
5 0.98828125 0.4765625 0.0125 0.02578125
5 0.9890625 0.159375 0.015625 0.0296875
5 0.190625 0.17890625 0.01484375 0.0234375