5 0.49921875 0.49375 0.0140625 0.0203125
5 0.50546875 0.46875 0.00859375 0.0234375
5 0.5171875 0.48125 0.015625 0.0390625
5 0.56640625 0.39375 0.01171875 0.0265625
5 0.5140625 0.3609375 0.015625 0.0265625
5 0.53125 0.3375 0.0140625 0.02421875
5 0.475 0.42421875 0.01484375 0.0265625
5 0.59765625 0.528125 0.015625 0.02734375
5 0.603125 0.5 0.009375 0.034375
5 0.59375 0.62578125 0.01484375 0.0234375
5 0.715625 0.67734375 0.015625 0.028125
5 0.71875 0.6515625 0.0109375 0.028125
5 0.5765625 0.634375 0.009375 0.0234375
5 0.6609375 0.909375 0.025 0.03203125
5 0.66796875 0.9234375 0.01328125 0.03359375
5 0.6578125 0.92109375 0.0171875 0.02890625
3 0.9515625 0.215625 0.096875 0.08984375
5 0.8515625 0.509375 0.02265625 0.021875
5 0.8515625 0.52109375 0.028125 0.02578125
5 0.865625 0.621875 0.0234375 0.03515625
5 0.87734375 0.60859375 0.0171875 0.01953125