5 0.4953125 0.490625 0.015625 0.0296875
5 0.4921875 0.4640625 0.01171875 0.021875
5 0.51328125 0.48359375 0.0140625 0.028125
5 0.55859375 0.3890625 0.0234375 0.02890625
5 0.5109375 0.3671875 0.0234375 0.03046875
5 0.53671875 0.340625 0.0140625 0.02265625
5 0.4703125 0.43125 0.01640625 0.02890625
5 0.59453125 0.51796875 0.015625 0.028125
5 0.6015625 0.49765625 0.01328125 0.0328125
5 0.5921875 0.62109375 0.01875 0.03671875
5 0.71875 0.6765625 0.0140625 0.0265625
5 0.72265625 0.65234375 0.01171875 0.02890625
5 0.659375 0.915625 0.0234375 0.03046875
5 0.6625 0.9234375 0.01328125 0.03359375
5 0.6546875 0.921875 0.0171875 0.02890625
3 0.953125 0.21328125 0.0921875 0.08515625
5 0.8515625 0.50546875 0.02265625 0.021875
5 0.8515625 0.51484375 0.028125 0.02578125
5 0.86953125 0.6203125 0.0234375 0.03515625
5 0.878125 0.60859375 0.0171875 0.01953125