5 0.5171875 0.3296875 0.034375 0.0328125
5 0.51484375 0.3578125 0.015625 0.0296875
5 0.475 0.421875 0.01640625 0.02578125
5 0.4984375 0.4921875 0.01015625 0.0234375
5 0.50078125 0.46875 0.0109375 0.01640625
5 0.51640625 0.48984375 0.0109375 0.0171875
5 0.5171875 0.47734375 0.01796875 0.01875
5 0.56640625 0.390625 0.01328125 0.04765625
5 0.6015625 0.49296875 0.0140625 0.034375
5 0.5953125 0.53046875 0.015625 0.02421875
5 0.590625 0.634375 0.015625 0.03046875
5 0.578125 0.634375 0.01171875 0.021875
5 0.6640625 0.90859375 0.021875 0.03359375
5 0.66796875 0.92109375 0.0140625 0.0359375
5 0.6578125 0.9265625 0.0140625 0.02578125
5 0.71953125 0.6578125 0.0109375 0.02265625
5 0.7140625 0.6765625 0.0109375 0.01953125
5 0.865625 0.62578125 0.025 0.0328125
5 0.8671875 0.61875 0.0171875 0.02578125
5 0.8515625 0.5203125 0.0234375 0.01953125
5 0.8515625 0.50859375 0.0234375 0.02109375
3 0.9484375 0.21796875 0.103125 0.08515625