5 0.53046875 0.32890625 0.01875 0.03125
5 0.5140625 0.359375 0.015625 0.0296875
5 0.475 0.41953125 0.01640625 0.02578125
5 0.5 0.49375 0.01015625 0.0234375
5 0.50390625 0.471875 0.0109375 0.0171875
5 0.521875 0.49375 0.0125 0.01875
5 0.521875 0.49140625 0.0203125 0.02109375
5 0.56953125 0.38828125 0.0203125 0.04296875
5 0.603125 0.49453125 0.01484375 0.0359375
5 0.5953125 0.528125 0.015625 0.02421875
5 0.5953125 0.628125 0.015625 0.03046875
5 0.57890625 0.634375 0.0109375 0.021875
5 0.6609375 0.9140625 0.021875 0.03359375
5 0.665625 0.9234375 0.0140625 0.0359375
5 0.653125 0.9296875 0.0140625 0.02578125
5 0.71875 0.6578125 0.0125 0.025
5 0.7140625 0.67578125 0.0109375 0.01953125
5 0.8671875 0.62421875 0.025 0.0328125
5 0.86875 0.6203125 0.0171875 0.02578125
5 0.8515625 0.51796875 0.025 0.0203125
5 0.85 0.51015625 0.0234375 0.02109375
3 0.9484375 0.215625 0.103125 0.08515625