3 0.415625 0.8375 0.07421875 0.15859375
3 0.471875 0.8390625 0.0390625 0.10078125
7 0.23984375 0.66640625 0.10625 0.52734375
7 0.30546875 0.628125 0.0546875 0.30703125
3 0.2671875 0.73984375 0.0578125 0.071875
3 0.23828125 0.7265625 0.078125 0.0921875
3 0.12734375 0.82734375 0.184375 0.23046875
3 0.0859375 0.715625 0.034375 0.05390625
3 0.203125 0.659375 0.03125 0.0390625
3 0.11640625 0.6171875 0.0203125 0.0265625
3 0.0453125 0.61328125 0.01328125 0.025
3 0.38984375 0.615625 0.03984375 0.040625
3 0.4859375 0.65390625 0.0390625 0.05546875
3 0.48125 0.7515625 0.0375 0.075
3 0.3640625 0.6046875 0.0359375 0.040625
3 0.03125 0.7203125 0.034375 0.0734375