3 0.4546875 0.79609375 0.06484375 0.125
3 0.50234375 0.79375 0.03203125 0.084375
7 0.3109375 0.6296875 0.0953125 0.4984375
7 0.34609375 0.60546875 0.04921875 0.2671875
3 0.3125 0.709375 0.0546875 0.06796875
3 0.2890625 0.6984375 0.06328125 0.084375
3 0.2078125 0.771875 0.13828125 0.2359375
3 0.1484375 0.684375 0.028125 0.0484375
3 0.10078125 0.69375 0.0359375 0.05546875
3 0.0390625 0.6640625 0.02578125 0.05390625
3 0.0328125 0.63125 0.0234375 0.03828125
3 0.0265625 0.60859375 0.01796875 0.0265625
3 0.01328125 0.64140625 0.0265625 0.090625
3 0.2640625 0.63828125 0.0265625 0.02578125
3 0.1625 0.59765625 0.0203125 0.0265625
3 0.096875 0.58515625 0.01328125 0.025
3 0.41484375 0.59609375 0.03984375 0.040625
3 0.50625 0.628125 0.0359375 0.03828125
3 0.503125 0.71875 0.0328125 0.0671875
3 0.39375 0.5796875 0.0359375 0.040625