5 0.1703125 0.934375 0.0203125 0.03125
5 0.17890625 0.94140625 0.0171875 0.0265625
5 0.48515625 0.759375 0.00859375 0.02421875
5 0.49375 0.75703125 0.009375 0.02578125
5 0.496875 0.76875 0.0125 0.0359375
5 0.628125 0.8171875 0.0125 0.04140625
5 0.6359375 0.8140625 0.0125 0.04375
5 0.646875 0.809375 0.0125 0.040625
5 0.65546875 0.80703125 0.0109375 0.03515625
5 0.665625 0.809375 0.009375 0.03828125
5 0.675 0.790625 0.0140625 0.0171875
5 0.58671875 0.5515625 0.0171875 0.015625
5 0.59296875 0.56171875 0.0140625 0.01796875
5 0.63984375 0.528125 0.0125 0.02734375
5 0.58046875 0.45703125 0.009375 0.0171875
5 0.60625 0.4578125 0.0078125 0.01875
5 0.6125 0.4390625 0.02109375 0.01640625
5 0.653125 0.45546875 0.009375 0.0234375
5 0.6515625 0.484375 0.0140625 0.021875
3 0.9546875 0.7828125 0.08984375 0.16015625