0 0.5453125 0.85625 0.03828125 0.0984375
0 0.51875 0.68828125 0.02734375 0.0796875
0 0.2796875 0.35078125 0.046875 0.04609375
0 0.42265625 0.34609375 0.0390625 0.05546875
0 0.4234375 0.42109375 0.0453125 0.0609375
0 0.5375 0.559375 0.034375 0.078125
0 0.5578125 0.534375 0.03125 0.07578125
0 0.54921875 0.64296875 0.03203125 0.07421875
0 0.46796875 0.55546875 0.034375 0.07421875
0 0.490625 0.5203125 0.0328125 0.07421875
0 0.57734375 0.7484375 0.03828125 0.08515625
0 0.61015625 0.92890625 0.040625 0.10546875
0 0.8625 0.26953125 0.03515625 0.04609375