0 0.56875 0.93203125 0.0234375 0.0984375
0 0.44921875 0.30078125 0.040625 0.05390625
0 0.54375 0.378125 0.03203125 0.06640625
0 0.53515625 0.49296875 0.0296875 0.08125
0 0.59140625 0.525 0.028125 0.07578125
0 0.61640625 0.51015625 0.0265625 0.07578125
0 0.59140625 0.61015625 0.02421875 0.071875
0 0.53046875 0.69921875 0.028125 0.090625
0 0.559375 0.690625 0.028125 0.08515625
0 0.60625 0.72109375 0.03125 0.08359375
0 0.61484375 0.9015625 0.03046875 0.10390625
0 0.8734375 0.353125 0.040625 0.04296875