2 0.0453125 0.41171875 0.090625 0.07578125
0 0.36796875 0.55 0.04375 0.04453125
0 0.4484375 0.65 0.03828125 0.07421875
0 0.5109375 0.4359375 0.03125 0.04609375
0 0.7796875 0.3515625 0.03046875 0.03671875
1 0.8375 0.30859375 0.0421875 0.05703125
0 0.509375 0.79609375 0.0390625 0.0890625
0 0.07890625 0.52421875 0.04609375 0.04453125
0 0.08984375 0.5703125 0.0484375 0.04453125
0 0.53828125 0.6703125 0.03515625 0.0703125
0 0.55625 0.64375 0.0359375 0.071875
0 0.5625 0.75 0.03515625 0.0703125
0 0.2375 0.553125 0.0484375 0.04296875
0 0.25390625 0.50703125 0.046875 0.040625
0 0.6046875 0.8484375 0.03984375 0.08515625
0 0.978125 0.1984375 0.025 0.03671875