0 0.55625 0.940625 0.0359375 0.1
0 0.5375 0.75078125 0.0265625 0.08671875
0 0.34296875 0.31484375 0.0421875 0.0484375
0 0.471875 0.34453125 0.03828125 0.059375
0 0.46796875 0.4265625 0.03828125 0.071875
0 0.55390625 0.54296875 0.03046875 0.078125
0 0.5765625 0.521875 0.0296875 0.078125
0 0.5609375 0.6296875 0.03046875 0.07421875
0 0.49296875 0.584375 0.03046875 0.0796875
0 0.5171875 0.5609375 0.0296875 0.08125
0 0.58203125 0.740625 0.0328125 0.08515625
0 0.60625 0.9234375 0.034375 0.10546875
0 0.87578125 0.309375 0.0390625 0.04453125