2 0.1890625 0.3140625 0.103125 0.08359375
0 0.0453125 0.35390625 0.03984375 0.04453125
0 0.23671875 0.45390625 0.0421875 0.0484375
0 0.3765625 0.4640625 0.0375 0.05703125
0 0.5671875 0.30625 0.03046875 0.04296875
0 0.68671875 0.309375 0.028125 0.03359375
1 0.7546875 0.26953125 0.0421875 0.05703125
0 0.44375 0.534375 0.03515625 0.06484375
0 0.52890625 0.571875 0.0359375 0.078125
0 0.54609375 0.5453125 0.0328125 0.071875
0 0.553125 0.646875 0.03515625 0.07578125
0 0.084375 0.48203125 0.046875 0.0390625
0 0.0671875 0.44296875 0.046875 0.03671875
0 0.59296875 0.73828125 0.03828125 0.0796875
0 0.6734375 0.9484375 0.04609375 0.09296875