0 0.05 0.46953125 0.04609375 0.08359375
1 0.10859375 0.88203125 0.1171875 0.15703125
0 0.5109375 0.5015625 0.0625 0.08125
0 0.84609375 0.55546875 0.05 0.09296875
0 0.91953125 0.43671875 0.04375 0.0703125
0 0.08828125 0.346875 0.03203125 0.05390625
0 0.1578125 0.56953125 0.0796875 0.10546875
0 0.5984375 0.28515625 0.046875 0.06328125
0 0.7078125 0.3609375 0.05546875 0.06328125
0 0.028125 0.40703125 0.03828125 0.059375
0 0.903125 0.11640625 0.028125 0.04453125
0 0.69609375 0.2265625 0.0359375 0.05703125
0 0.7234375 0.1515625 0.0359375 0.04453125
0 0.91796875 0.02421875 0.0296875 0.03671875
0 0.9796875 0.04609375 0.0234375 0.03359375