0 0.3796875 0.2796875 0.07890625 0.1296875
0 0.3078125 0.13046875 0.0390625 0.071875
0 0.80703125 0.6765625 0.15703125 0.23125
0 0.534375 0.503125 0.13359375 0.15
0 0.628125 0.25625 0.07890625 0.11640625
0 0.18828125 0.515625 0.059375 0.19453125
0 0.2921875 0.47109375 0.0703125 0.18359375
0 0.19375 0.2640625 0.04375 0.1203125
0 0.20234375 0.12109375 0.03828125 0.09453125
0 0.2609375 0.21015625 0.04296875 0.109375
0 0.56171875 0.328125 0.078125 0.1296875
0 0.48671875 0.38515625 0.10859375 0.11484375
0 0.29296875 0.05390625 0.0375 0.09609375
0 0.9453125 0.22578125 0.103125 0.09296875
0 0.33046875 0.2015625 0.0515625 0.0890625