0 0.85390625 0.740625 0.10625 0.08515625
0 0.7140625 0.50859375 0.028125 0.0609375
0 0.26640625 0.79140625 0.08671875 0.15390625
0 0.7328125 0.3203125 0.025 0.04453125
0 0.58125 0.4046875 0.028125 0.05
0 0.5984375 0.32890625 0.0203125 0.04609375
0 0.35 0.4765625 0.0453125 0.0796875
0 0.3171875 0.41640625 0.03984375 0.05546875
0 0.75859375 0.884375 0.10234375 0.21640625
0 0.74296875 0.63671875 0.07890625 0.30390625
0 0.871875 0.81796875 0.1234375 0.10546875
0 0.78828125 0.5015625 0.0359375 0.07421875
0 0.771875 0.44375 0.03046875 0.071875
0 0.71171875 0.40546875 0.040625 0.12578125
0 0.6390625 0.6234375 0.0390625 0.09453125