0 0.8890625 0.73046875 0.10625 0.07578125
0 0.6 0.28828125 0.01953125 0.0390625
0 0.72890625 0.50625 0.03203125 0.0609375
0 0.39765625 0.5734375 0.04609375 0.090625
0 0.584375 0.465625 0.03046875 0.071875
0 0.59453125 0.36953125 0.02421875 0.04609375
0 0.4125 0.3890625 0.03203125 0.06328125
0 0.375 0.36015625 0.0328125 0.04609375
0 0.8296875 0.884375 0.1375 0.22421875
0 0.7796875 0.6390625 0.10234375 0.32578125
0 0.9125 0.8046875 0.121875 0.0984375
0 0.80078125 0.496875 0.0375 0.06484375
0 0.78203125 0.43828125 0.034375 0.06875
0 0.72109375 0.39921875 0.04765625 0.10546875
0 0.66328125 0.7359375 0.0515625 0.1203125