0 0.6515625 0.459375 0.046875 0.06640625
0 0.79453125 0.475 0.0515625 0.05390625
0 0.3375 0.90703125 0.0578125 0.159375
0 0.47578125 0.69375 0.04375 0.109375
0 0.48671875 0.34140625 0.02421875 0.04609375
0 0.696875 0.353125 0.03203125 0.04296875
0 0.5984375 0.35625 0.03203125 0.04609375
0 0.4671875 0.27578125 0.0203125 0.03671875
0 0.840625 0.8203125 0.0921875 0.1296875
0 0.74375 0.64140625 0.0640625 0.090625
0 0.91015625 0.59375 0.17578125 0.30546875
0 0.809375 0.415625 0.04296875 0.0609375
0 0.73984375 0.38046875 0.07890625 0.11328125