0 0.84296875 0.74296875 0.10625 0.08515625
0 0.7328125 0.31171875 0.02421875 0.04296875
0 0.58671875 0.3796875 0.0265625 0.04453125
0 0.60625 0.3140625 0.0203125 0.0390625
0 0.30390625 0.53828125 0.05546875 0.0984375
0 0.2828125 0.453125 0.04765625 0.0609375
0 0.73515625 0.88359375 0.1015625 0.22578125
0 0.7296875 0.64140625 0.07890625 0.30546875
0 0.85703125 0.81796875 0.121875 0.10546875
0 0.7859375 0.50390625 0.0359375 0.07421875
0 0.77109375 0.4453125 0.03046875 0.071875
0 0.71015625 0.40859375 0.040625 0.128125
0 0.53359375 0.928125 0.07734375 0.12578125
0 0.634375 0.5859375 0.03984375 0.090625