0 0.7328125 0.58671875 0.078125 0.0703125
0 0.73515625 0.79375 0.121875 0.109375
0 0.73203125 0.7359375 0.10625 0.090625
0 0.57734375 0.78359375 0.15 0.421875
0 0.64453125 0.50703125 0.0796875 0.2109375
0 0.73359375 0.62890625 0.0921875 0.08359375
0 0.7234375 0.43671875 0.028125 0.06640625
0 0.721875 0.396875 0.028125 0.0609375
0 0.56875 0.36171875 0.0234375 0.0390625
0 0.4390625 0.74375 0.0578125 0.109375
0 0.66875 0.35703125 0.0390625 0.09609375
0 0.37578125 0.33828125 0.03125 0.04609375
0 0.62734375 0.33125 0.01875 0.03671875
0 0.6421875 0.2546875 0.015625 0.03125
0 0.35 0.43359375 0.03984375 0.05546875