0 0.775 0.68203125 0.096875 0.08359375
0 0.134375 0.634375 0.075 0.10546875
0 0.78359375 0.89140625 0.1296875 0.09453125
0 0.621875 0.84140625 0.12421875 0.31328125
0 0.66796875 0.584375 0.08984375 0.271875
0 0.775 0.74296875 0.10859375 0.09609375
0 0.753125 0.48203125 0.03203125 0.07578125
0 0.74765625 0.42890625 0.03046875 0.071875
0 0.5171875 0.56015625 0.04296875 0.071875
0 0.68828125 0.38671875 0.03984375 0.12578125
0 0.628125 0.41015625 0.028125 0.05390625
0 0.64140625 0.33828125 0.02734375 0.04296875