0 0.28984375 0.465625 0.1234375 0.128125
0 0.86875 0.43203125 0.09375 0.1015625
0 0.39765625 0.275 0.04296875 0.08359375
0 0.9 0.303125 0.07421875 0.07578125
0 0.9734375 0.3453125 0.0484375 0.0796875
0 0.5703125 0.28828125 0.0859375 0.08359375
0 0.28671875 0.20859375 0.04609375 0.06875
0 0.3484375 0.14921875 0.04375 0.05
0 0.36171875 0.2140625 0.04609375 0.06484375
0 0.81953125 0.175 0.05625 0.0609375
0 0.67890625 0.19296875 0.05859375 0.059375
0 0.5046875 0.478125 0.1234375 0.12578125
0 0.0625 0.56484375 0.125 0.1296875