0 0.38125 0.49609375 0.09375 0.11484375
0 0.3625 0.25859375 0.040625 0.06875
0 0.1265625 0.521875 0.125 0.11875
0 0.2875 0.2765625 0.04609375 0.06875
0 0.2875 0.14296875 0.028125 0.040625
0 0.30703125 0.21015625 0.0359375 0.05390625
0 0.659375 0.27890625 0.059375 0.06484375
0 0.51328125 0.25078125 0.059375 0.05390625
0 0.8296875 0.4234375 0.08203125 0.090625
0 0.2703125 0.61640625 0.1359375 0.121875
0 0.83828125 0.2859375 0.05546875 0.0609375
0 0.43203125 0.7140625 0.13359375 0.14296875
0 0.1109375 0.76875 0.1671875 0.1484375
0 0.0421875 0.71875 0.078125 0.1109375
0 0.95859375 0.20859375 0.05 0.04609375