0 0.35625 0.30390625 0.0875 0.1296875
0 0.26484375 0.14375 0.03984375 0.07578125
0 0.546875 0.30078125 0.08203125 0.11328125
0 0.55546875 0.51796875 0.1375 0.14609375
0 0.44453125 0.06875 0.0515625 0.0703125
0 0.14140625 0.83984375 0.0984375 0.2984375
0 0.31328125 0.89140625 0.1125 0.20546875
0 0.14921875 0.44609375 0.065625 0.159375
0 0.15546875 0.21953125 0.0421875 0.0984375
0 0.24140625 0.384375 0.06171875 0.14296875
0 0.409375 0.146875 0.0578125 0.0796875
0 0.4703125 0.41015625 0.10625 0.1203125
0 0.24765625 0.06796875 0.03984375 0.0984375
0 0.8921875 0.21484375 0.09453125 0.0890625
0 0.290625 0.2265625 0.05546875 0.10546875