0 0.7390625 0.60546875 0.0828125 0.07421875
0 0.740625 0.81796875 0.12421875 0.11328125
0 0.7375 0.76015625 0.10625 0.090625
0 0.5765625 0.79140625 0.153125 0.409375
0 0.65 0.51953125 0.08125 0.21640625
0 0.740625 0.64609375 0.0921875 0.08125
0 0.7296875 0.4453125 0.028125 0.06875
0 0.72734375 0.39921875 0.028125 0.0609375
0 0.56484375 0.37890625 0.02421875 0.04296875
0 0.38984375 0.90625 0.07890625 0.15
0 0.67265625 0.365625 0.03984375 0.109375
0 0.63046875 0.33515625 0.01875 0.03671875
0 0.64375 0.265625 0.01640625 0.03125
0 0.375 0.40078125 0.03515625 0.04609375