0 0.040625 0.4640625 0.05078125 0.090625
1 0.52421875 0.47578125 0.06640625 0.09296875
0 0.72421875 0.303125 0.04765625 0.05
0 0.8640625 0.5453125 0.0484375 0.08359375
0 0.9390625 0.4359375 0.04765625 0.06875
0 0.0328125 0.26328125 0.028125 0.040625
0 0.4578125 0.4 0.05546875 0.07421875
0 0.82890625 0.2546875 0.04375 0.05
0 0.01875 0.41640625 0.028125 0.0484375
0 0.559375 0.3515625 0.0453125 0.05546875
0 0.6109375 0.2546875 0.04375 0.05703125
0 0.87578125 0.08828125 0.03203125 0.0390625
0 0.93828125 0.04609375 0.02421875 0.03359375