0 0.39140625 0.47890625 0.07734375 0.11328125
0 0.33984375 0.234375 0.0390625 0.0609375
0 0.28828125 0.28203125 0.04609375 0.06875
0 0.27109375 0.1265625 0.028125 0.0390625
0 0.28515625 0.19140625 0.03515625 0.05
0 0.59453125 0.3015625 0.065625 0.0703125
0 0.46640625 0.246875 0.06328125 0.05390625
0 0.90703125 0.39140625 0.07421875 0.0796875
0 0.33671875 0.59453125 0.12421875 0.10703125
0 0.77265625 0.31171875 0.059375 0.0609375
0 0.62734375 0.60859375 0.10859375 0.11640625
0 0.43828125 0.6203125 0.1203125 0.11875
0 0.24453125 0.86328125 0.16484375 0.178125
0 0.090625 0.69453125 0.15 0.1515625
0 0.9 0.2296875 0.05078125 0.05546875
0 0.95078125 0.2390625 0.04765625 0.06640625