0 0.67421875 0.48828125 0.05 0.071875
0 0.8 0.471875 0.0515625 0.05546875
0 0.37109375 0.7609375 0.046875 0.1484375
0 0.47265625 0.58125 0.040625 0.08515625
0 0.48046875 0.3265625 0.021875 0.0390625
0 0.69453125 0.3515625 0.034375 0.04453125
0 0.6078125 0.37890625 0.03515625 0.04609375
0 0.46015625 0.26328125 0.01953125 0.03671875
0 0.9171875 0.9015625 0.1125 0.1515625
0 0.7875 0.684375 0.075 0.0984375
0 0.91171875 0.58515625 0.17109375 0.29296875
0 0.80390625 0.41015625 0.04296875 0.0609375
0 0.740625 0.38046875 0.07890625 0.11328125