0 0.24765625 0.4765625 0.13359375 0.12421875
0 0.7296875 0.50078125 0.1125 0.1203125
0 0.3953125 0.29375 0.05 0.08671875
0 0.815625 0.33359375 0.08125 0.078125
0 0.903125 0.37421875 0.09296875 0.08125
0 0.66796875 0.25625 0.078125 0.08359375
0 0.2875 0.2046875 0.04609375 0.06875
0 0.3734375 0.1640625 0.046875 0.05703125
0 0.3796875 0.2265625 0.046875 0.06484375
0 0.8578125 0.15625 0.0546875 0.05390625
0 0.7328125 0.184375 0.05859375 0.05703125
0 0.334375 0.5265625 0.1359375 0.1390625
0 0.04375 0.56328125 0.0859375 0.121875