0 0.78984375 0.72109375 0.10234375 0.08359375
0 0.31796875 0.41015625 0.03984375 0.05703125
0 0.8078125 0.95703125 0.14453125 0.078125
0 0.6390625 0.86171875 0.11796875 0.2609375
0 0.6796875 0.621875 0.08984375 0.30390625
0 0.79609375 0.78984375 0.11796875 0.10546875
0 0.76484375 0.4984375 0.0359375 0.07421875
0 0.75703125 0.43984375 0.03046875 0.071875
0 0.403125 0.91015625 0.08515625 0.14296875
0 0.69609375 0.4046875 0.04375 0.128125
0 0.6078125 0.54140625 0.0421875 0.07578125
0 0.6328125 0.415625 0.0296875 0.05703125