0 0.55390625 0.6859375 0.059375 0.11328125
0 0.8125 0.61484375 0.0765625 0.0890625
0 0.81328125 0.46015625 0.05546875 0.0609375
0 0.38515625 0.45625 0.03203125 0.07578125
0 0.428125 0.37890625 0.02734375 0.05390625
0 0.51796875 0.26953125 0.02421875 0.03125
0 0.44375 0.27890625 0.02265625 0.0390625
0 0.68671875 0.34296875 0.03984375 0.03671875
0 0.6796875 0.46796875 0.053125 0.0609375
0 0.93125 0.54453125 0.13359375 0.20703125
0 0.73984375 0.36328125 0.0828125 0.10390625
0 0.70546875 0.31796875 0.03203125 0.03515625
0 0.5796875 0.3453125 0.03984375 0.04609375