1 0.3421875 0.84921875 0.06328125 0.05390625
0 0.2484375 0.9015625 0.04375 0.03671875
0 0.21171875 0.8765625 0.04375 0.0390625
1 0.278125 0.83125 0.05390625 0.04453125
1 0.68046875 0.346875 0.078125 0.05703125
0 0.371875 0.7046875 0.0375 0.03515625
1 0.1859375 0.8265625 0.13671875 0.0609375
0 0.13359375 0.896875 0.02265625 0.071875
0 0.25703125 0.6953125 0.04296875 0.0390625
0 0.9640625 0.84375 0.0546875 0.04609375
0 0.17265625 0.68984375 0.03984375 0.0390625
0 0.0890625 0.69375 0.03984375 0.0390625
1 0.07734375 0.8140625 0.059375 0.05390625
0 0.68671875 0.5046875 0.03984375 0.03515625
0 0.890625 0.7140625 0.040625 0.03515625
0 0.1078125 0.89296875 0.0234375 0.0703125
0 0.0578125 0.88125 0.02421875 0.06640625
0 0.040625 0.8796875 0.02265625 0.07421875
0 0.0515625 0.21328125 0.1015625 0.42578125