1 0.30625 0.89140625 0.06328125 0.05390625
0 0.2140625 0.94296875 0.04296875 0.03671875
0 0.175 0.91796875 0.04375 0.0390625
1 0.240625 0.875 0.0515625 0.04609375
1 0.6453125 0.384375 0.078125 0.05703125
0 0.303125 0.73828125 0.040625 0.0390625
1 0.14609375 0.86796875 0.1359375 0.071875
0 0.0953125 0.9359375 0.02265625 0.071875
0 0.19375 0.734375 0.04296875 0.0390625
0 0.884375 0.884375 0.0515625 0.04609375
0 0.1140625 0.7265625 0.03984375 0.0390625
0 0.98125 0.94609375 0.0328125 0.04453125
0 0.0359375 0.73046875 0.03984375 0.0390625
1 0.0328125 0.846875 0.059375 0.05390625
0 0.67890625 0.54375 0.0390625 0.0390625
0 0.7859375 0.7546875 0.040625 0.03515625
0 0.06953125 0.93125 0.0234375 0.0703125
0 0.0171875 0.92109375 0.0234375 0.071875
0 0.0515625 0.21328125 0.1015625 0.42578125