1 0.2359375 0.93828125 0.06328125 0.05703125
0 0.14296875 0.9796875 0.04375 0.03359375
0 0.10859375 0.95078125 0.04375 0.0390625
1 0.17109375 0.9140625 0.0515625 0.05
1 0.5828125 0.44140625 0.0765625 0.0609375
0 0.49140625 0.58984375 0.0390625 0.0390625
0 0.15 0.76484375 0.03984375 0.03671875
1 0.06640625 0.8984375 0.1328125 0.08515625
0 0.025 0.96328125 0.0265625 0.06328125
0 0.065625 0.76953125 0.04375 0.04296875
0 0.6984375 0.96015625 0.0515625 0.04609375
0 0.68125 0.61796875 0.04375 0.0390625
0 0.53203125 0.81953125 0.0421875 0.03515625
0 0.0515625 0.21328125 0.1015625 0.42578125