1 0.221875 0.85625 0.0578125 0.06875
0 0.13125 0.875 0.0421875 0.04609375
0 0.103125 0.83828125 0.03984375 0.04296875
1 0.15390625 0.809375 0.05390625 0.059375
1 0.6015625 0.45703125 0.0765625 0.0703125
0 0.5640625 0.60625 0.03984375 0.0390625
0 0.10703125 0.63359375 0.0421875 0.040625
1 0.05625 0.7640625 0.1125 0.10546875
0 0.01796875 0.83203125 0.03046875 0.07578125
0 0.0359375 0.6359375 0.03984375 0.04296875
0 0.60390625 0.9765625 0.05390625 0.0390625
0 0.71953125 0.6734375 0.04296875 0.04609375
0 0.4171875 0.7796875 0.0453125 0.04453125
0 0.0515625 0.21328125 0.1015625 0.42578125