1 0.27265625 0.9234375 0.0625 0.05390625
0 0.18125 0.9703125 0.04375 0.03359375
0 0.146875 0.9453125 0.04375 0.0390625
1 0.209375 0.90078125 0.0515625 0.04609375
1 0.615625 0.41015625 0.07890625 0.05390625
0 0.24453125 0.76328125 0.03828125 0.03359375
1 0.1140625 0.89375 0.1375 0.06484375
0 0.0640625 0.9609375 0.02265625 0.06640625
0 0.140625 0.76015625 0.04296875 0.0390625
0 0.81484375 0.91953125 0.0515625 0.04609375
0 0.06171875 0.75078125 0.03984375 0.0390625
0 0.95625 0.9796875 0.04296875 0.03359375
0 0.671875 0.575 0.040625 0.0390625
0 0.6890625 0.79140625 0.040625 0.03515625
0 0.03828125 0.95703125 0.02265625 0.06640625
0 0.0515625 0.21328125 0.1015625 0.42578125