0 0.33125 0.596875 0.034375 0.07578125
0 0.50703125 0.6109375 0.0265625 0.07421875
0 0.51171875 0.52421875 0.021875 0.059375
0 0.503125 0.37578125 0.021875 0.0515625
0 0.53125 0.38125 0.0234375 0.05546875
0 0.5109375 0.46796875 0.01953125 0.0609375
0 0.5359375 0.44375 0.0203125 0.05390625
0 0.57421875 0.49453125 0.01953125 0.06328125
0 0.57578125 0.59375 0.02265625 0.07578125
0 0.6109375 0.515625 0.0203125 0.0609375
0 0.61484375 0.6203125 0.02421875 0.07421875
0 0.584375 0.42578125 0.01875 0.0515625
0 0.73984375 0.3390625 0.03984375 0.03359375
0 0.73515625 0.31171875 0.0421875 0.0390625
0 0.73125 0.29140625 0.03984375 0.03515625
0 0.78828125 0.31328125 0.040625 0.03359375
0 0.8015625 0.33671875 0.05390625 0.04453125
0 0.840625 0.3140625 0.0390625 0.03515625
0 0.8484375 0.33984375 0.0375 0.03515625
0 0.89375 0.34140625 0.046875 0.03515625
0 0.91015625 0.31875 0.04296875 0.040625
0 0.97109375 0.31796875 0.04609375 0.03515625
0 0.975 0.34296875 0.04296875 0.03671875
0 0.16796875 0.45078125 0.0484375 0.0390625
0 0.03828125 0.38203125 0.0515625 0.0390625
0 0.0828125 0.40859375 0.0453125 0.03515625
0 0.1 0.38046875 0.04609375 0.03515625
0 0.13203125 0.40546875 0.04296875 0.040625
0 0.2421875 0.46484375 0.0453125 0.0484375
0 0.16953125 0.37109375 0.04375 0.0390625
0 0.6078125 0.43203125 0.01640625 0.05390625
0 0.23046875 0.371875 0.0453125 0.03359375
0 0.29765625 0.5140625 0.040625 0.06875
0 0.2390625 0.4015625 0.03828125 0.03359375
0 0.290625 0.3640625 0.046875 0.04609375
0 0.303125 0.39609375 0.04296875 0.03671875
0 0.37109375 0.93359375 0.0390625 0.10703125
0 0.44375 0.67890625 0.02734375 0.08671875
0 0.834375 0.40390625 0.0453125 0.040625
0 0.425 0.51171875 0.0234375 0.0984375
0 0.3890625 0.59296875 0.025 0.0703125
0 0.46015625 0.51953125 0.0203125 0.06484375
0 0.81875 0.459375 0.0453125 0.040625
0 0.56875 0.7015625 0.0265625 0.08515625
0 0.70546875 0.36796875 0.03984375 0.04609375
0 0.65390625 0.93515625 0.0265625 0.10703125
0 0.4421875 0.325 0.01640625 0.05390625
0 0.4671875 0.36640625 0.01875 0.05546875
0 0.47109375 0.26796875 0.01640625 0.04609375
0 0.446875 0.19921875 0.015625 0.0390625
0 0.46640625 0.18125 0.01640625 0.0484375
0 0.55234375 0.23515625 0.03046875 0.04453125
0 0.41875 0.17109375 0.021875 0.1015625
0 0.9015625 0.296875 0.040625 0.03125
0 0.01875 0.41875 0.0375 0.04453125
0 0.075 0.45546875 0.0484375 0.04453125
0 0.596875 0.35078125 0.021875 0.05
0 0.63984375 0.42421875 0.03515625 0.1515625
0 0.1875 0.4015625 0.04296875 0.03671875
0 0.3109375 0.946875 0.03828125 0.0984375
0 0.3375 0.75 0.025 0.09609375