0 0.028125 0.328125 0.046875 0.03671875
0 0.01875 0.3609375 0.0375 0.04453125
0 0.0671875 0.3765625 0.0546875 0.04296875
0 0.0984375 0.3453125 0.0484375 0.04609375
0 0.165625 0.35390625 0.046875 0.040625
0 0.13984375 0.3859375 0.05546875 0.04296875
0 0.18359375 0.33046875 0.0484375 0.04296875
0 0.27265625 0.334375 0.0609375 0.06484375
0 0.23671875 0.3984375 0.0515625 0.04453125
0 0.2390625 0.36484375 0.04609375 0.040625
0 0.53125 0.2515625 0.1109375 0.07421875
0 0.4421875 0.23046875 0.021875 0.03515625
0 0.57109375 0.20078125 0.03515625 0.0390625
0 0.88828125 0.3734375 0.05546875 0.05
0 0.0421875 0.6796875 0.059375 0.09609375
0 0.1171875 0.8015625 0.084375 0.078125
0 0.090625 0.875 0.090625 0.071875
0 0.45078125 0.80078125 0.0359375 0.11328125
0 0.5078125 0.80546875 0.0375 0.10703125
0 0.58984375 0.3546875 0.05859375 0.05
0 0.71171875 0.34921875 0.053125 0.04609375
0 0.66484375 0.315625 0.04765625 0.04296875
0 0.59296875 0.3234375 0.04296875 0.03515625
0 0.5125 0.29140625 0.04609375 0.04296875
0 0.3859375 0.278125 0.0453125 0.040625
0 0.23359375 0.2796875 0.0421875 0.03671875
0 0.17265625 0.29296875 0.0453125 0.03359375
0 0.21875 0.434375 0.05625 0.05390625
0 0.49140625 0.18046875 0.01875 0.0390625