0 0.65625 0.41328125 0.021875 0.0484375
0 0.4546875 0.70078125 0.028125 0.0796875
0 0.43828125 0.54140625 0.02421875 0.06484375
0 0.50234375 0.3984375 0.01640625 0.0515625
1 0.4796875 0.28359375 0.0171875 0.06328125
0 0.5421875 0.12109375 0.0125 0.02421875
0 0.5171875 0.071875 0.01171875 0.02578125
0 0.63671875 0.56953125 0.0234375 0.0609375
0 0.6921875 0.95078125 0.0390625 0.09453125
0 0.565625 0.01484375 0.009375 0.01875
0 0.59453125 0.06875 0.009375 0.02578125
0 0.59140625 0.021875 0.0125 0.021875
0 0.57890625 0.03828125 0.01171875 0.0203125
0 0.603125 0.1296875 0.01484375 0.03359375