0 0.0421875 0.396875 0.0546875 0.04296875
0 0.07421875 0.3609375 0.0484375 0.04453125
0 0.1484375 0.375 0.0484375 0.04296875
0 0.12265625 0.40859375 0.05546875 0.04296875
0 0.19609375 0.35625 0.0484375 0.04296875
0 0.3078125 0.36171875 0.0609375 0.06484375
0 0.26875 0.42890625 0.05078125 0.04609375
0 0.23125 0.3890625 0.04609375 0.040625
0 0.5140625 0.26484375 0.11015625 0.07421875
0 0.42890625 0.2453125 0.021875 0.03515625
0 0.5609375 0.2140625 0.03515625 0.0390625
0 0.809375 0.35390625 0.04609375 0.04453125
0 0.71953125 0.36875 0.0515625 0.0484375
0 0.02109375 0.715625 0.0421875 0.09453125
0 0.07734375 0.8546875 0.08671875 0.07578125
0 0.05 0.9296875 0.0921875 0.0703125
0 0.425 0.83359375 0.0328125 0.11484375
0 0.4859375 0.853125 0.0359375 0.11328125
0 0.38359375 0.34453125 0.05625 0.0484375
0 0.5421875 0.35625 0.053125 0.04609375
0 0.51484375 0.3140625 0.046875 0.0390625
0 0.44609375 0.3265625 0.04296875 0.03515625
0 0.35859375 0.28671875 0.0421875 0.040625
0 0.21640625 0.27109375 0.04375 0.0390625
0 0.0609375 0.27421875 0.0421875 0.03671875
0 0.30234375 0.47421875 0.059375 0.0515625
0 0.4796875 0.19140625 0.01875 0.0390625