0 0.6140625 0.27109375 0.03203125 0.05
0 0.4234375 0.23671875 0.015625 0.04453125
0 0.27421875 0.465625 0.04296875 0.05390625
0 0.44453125 0.27578125 0.01484375 0.0484375
0 0.4859375 0.80390625 0.034375 0.10390625
0 0.5015625 0.665625 0.028125 0.071875
0 0.51484375 0.43125 0.01640625 0.05546875
0 0.5421875 0.45625 0.0203125 0.0609375
0 0.509375 0.56484375 0.0203125 0.06640625
0 0.540625 0.53125 0.01953125 0.06328125
0 0.57265625 0.6234375 0.02265625 0.0796875
0 0.56875 0.77421875 0.02734375 0.09296875
0 0.6109375 0.721875 0.025 0.08125
0 0.303125 0.384375 0.04296875 0.0390625
0 0.34453125 0.81328125 0.08125 0.2703125
0 0.396875 0.94140625 0.03203125 0.0984375
0 0.06875 0.29921875 0.04375 0.0390625
0 0.4234375 0.13828125 0.01640625 0.04296875
0 0.5328125 0.0453125 0.021875 0.03125
0 0.565625 0.1015625 0.02421875 0.03671875
0 0.61953125 0.17109375 0.028125 0.03515625
0 0.54375 0.2109375 0.028125 0.040625
0 0.403125 0.76796875 0.03046875 0.09453125
0 0.44609375 0.746875 0.03203125 0.0984375
0 0.8421875 0.390625 0.04765625 0.03671875
0 0.47109375 0.2890625 0.01484375 0.0484375
0 0.4640625 0.428125 0.0203125 0.06328125
0 0.434375 0.5265625 0.0203125 0.06875
0 0.49453125 0.140625 0.01875 0.040625
0 0.5890625 0.51171875 0.01875 0.06484375
0 0.740625 0.328125 0.0390625 0.03359375
0 0.7359375 0.3 0.040625 0.03671875
0 0.7328125 0.278125 0.0390625 0.03359375
0 0.7890625 0.3 0.040625 0.03359375
0 0.80234375 0.32421875 0.0515625 0.04453125
0 0.84609375 0.2984375 0.03828125 0.03671875
0 0.8515625 0.3234375 0.0375 0.03125
0 0.8953125 0.3296875 0.04609375 0.03671875
0 0.91328125 0.30390625 0.0453125 0.03671875
0 0.9734375 0.30625 0.0453125 0.03515625
0 0.978125 0.3296875 0.0421875 0.03671875
0 0.0375 0.35859375 0.05078125 0.0390625
0 0.25859375 0.24609375 0.03984375 0.03671875
0 0.08359375 0.38671875 0.04375 0.040625
0 0.1 0.35625 0.0453125 0.03515625
0 0.128125 0.384375 0.04375 0.0390625
0 0.09453125 0.4296875 0.05 0.040625
0 0.16953125 0.35078125 0.04375 0.0390625
0 0.6140625 0.5859375 0.0203125 0.06484375
0 0.23046875 0.35078125 0.0453125 0.0390625
0 0.21875 0.43359375 0.046875 0.04453125
0 0.240625 0.3859375 0.03828125 0.0390625
0 0.29140625 0.34375 0.04375 0.04609375
0 0.30390625 0.378125 0.04375 0.03671875
0 0.43984375 0.10859375 0.01484375 0.0390625
0 0.021875 0.396875 0.0390625 0.0390625
0 0.60859375 0.415625 0.01953125 0.0609375
0 0.64609375 0.45390625 0.0359375 0.159375
0 0.18671875 0.38515625 0.040625 0.03671875
0 0.403125 0.49140625 0.02265625 0.06484375
0 0.33515625 0.6515625 0.03046875 0.08515625
0 0.31953125 0.51640625 0.0390625 0.06328125
0 0.46484375 0.16484375 0.0140625 0.040625