0 0.034375 0.32421875 0.046875 0.03671875
0 0.021875 0.35703125 0.04375 0.04453125
0 0.0734375 0.3734375 0.0546875 0.04296875
0 0.10625 0.34375 0.05 0.05
0 0.1734375 0.35 0.046875 0.040625
0 0.14765625 0.384375 0.05546875 0.04296875
0 0.16484375 0.3234375 0.0484375 0.04296875
0 0.26640625 0.3265625 0.0609375 0.06484375
0 0.2296875 0.39609375 0.0515625 0.04453125
0 0.24375 0.36171875 0.046875 0.04296875
0 0.56328125 0.253125 0.11328125 0.08359375
0 0.44921875 0.225 0.021875 0.03515625
0 0.57734375 0.196875 0.03515625 0.0390625
0 0.05234375 0.67421875 0.059375 0.09609375
0 0.125 0.8 0.084375 0.078125
0 0.0984375 0.86875 0.09453125 0.07421875
0 0.46171875 0.8453125 0.0359375 0.11640625
0 0.51640625 0.8015625 0.0375 0.10703125
0 0.78359375 0.37890625 0.0671875 0.04609375
0 0.84921875 0.36171875 0.059375 0.04296875
0 0.78828125 0.33125 0.05546875 0.0484375
0 0.6984375 0.34140625 0.04609375 0.04609375
0 0.63125 0.30546875 0.04765625 0.04453125
0 0.521875 0.29296875 0.0453125 0.040625
0 0.39140625 0.296875 0.04609375 0.0390625
0 0.38125 0.3234375 0.04765625 0.03515625
0 0.1578125 0.42109375 0.05625 0.05390625
0 0.49765625 0.175 0.01875 0.0390625