0 0.66015625 0.43359375 0.021875 0.0484375
0 0.4859375 0.90625 0.02734375 0.10546875
0 0.49609375 0.728125 0.021875 0.08515625
0 0.4171875 0.74296875 0.02421875 0.0890625
0 0.4703125 0.6390625 0.02265625 0.07421875
0 0.5296875 0.25625 0.0125 0.0390625
0 0.5515625 0.28203125 0.015625 0.05390625
0 0.50546875 0.25546875 0.0125 0.03359375
0 0.54375 0.20859375 0.01484375 0.03125
0 0.49140625 0.19453125 0.0125 0.03359375
0 0.51015625 0.11953125 0.0125 0.03125
0 0.50703125 0.07890625 0.0125 0.028125
0 0.534375 0.04296875 0.00859375 0.03359375
0 0.51328125 0.0140625 0.0109375 0.0203125
0 0.66171875 0.7265625 0.03046875 0.08359375
0 0.59609375 0.04921875 0.00859375 0.02421875
0 0.59375 0.0109375 0.01171875 0.021875
0 0.5828125 0.03515625 0.009375 0.01875
0 0.61015625 0.2234375 0.01484375 0.03125