0 0.08359375 0.46328125 0.0578125 0.0484375
0 0.08828125 0.41640625 0.05546875 0.04453125
0 0.2296875 0.446875 0.05546875 0.04296875
0 0.23515625 0.49375 0.0578125 0.04609375
0 0.36953125 0.43828125 0.05546875 0.04609375
0 0.528125 0.45546875 0.0640625 0.078125
0 0.5375 0.54921875 0.05859375 0.05703125
0 0.72265625 0.428125 0.0546875 0.040625
0 0.39609375 0.48515625 0.05 0.0515625
0 0.5046875 0.3109375 0.11796875 0.08125
0 0.41484375 0.28046875 0.021875 0.03515625
0 0.55390625 0.25078125 0.03515625 0.0390625
0 0.39921875 0.33515625 0.040625 0.040625
0 0.34453125 0.36171875 0.0484375 0.04609375
0 0.38984375 0.9546875 0.034375 0.08671875
0 0.12265625 0.35390625 0.05 0.04453125
0 0.17578125 0.30859375 0.046875 0.0390625
0 0.10078125 0.321875 0.0421875 0.040625
0 0.02890625 0.28125 0.0421875 0.040625
0 0.709375 0.62421875 0.0703125 0.0703125
0 0.9328125 0.47109375 0.06171875 0.04609375
0 0.69609375 0.45078125 0.0515625 0.05
0 0.4703125 0.221875 0.0203125 0.03671875