0 0.68125 0.53359375 0.028125 0.0515625
1 0.428125 0.49375 0.02734375 0.08359375
0 0.54609375 0.02109375 0.0109375 0.02421875
0 0.65859375 0.94453125 0.0359375 0.10703125
0 0.50625 0.02421875 0.0125 0.02578125
0 0.5890625 0.48671875 0.021875 0.05546875
0 0.63359375 0.59296875 0.028125 0.0703125
0 0.5453125 0.06796875 0.009375 0.02421875
0 0.571875 0.0890625 0.01171875 0.021875
0 0.56953125 0.040625 0.0125 0.021875
0 0.55859375 0.0546875 0.0140625 0.02421875
0 0.58515625 0.06328125 0.0125 0.0296875
0 0.55625 0.01953125 0.0140625 0.0203125