0 0.3171875 0.5390625 0.0359375 0.06640625
0 0.50859375 0.64375 0.0265625 0.07578125
0 0.515625 0.54296875 0.021875 0.06328125
0 0.50859375 0.37421875 0.0203125 0.0515625
0 0.53828125 0.38671875 0.0234375 0.05546875
0 0.51640625 0.47578125 0.01875 0.06328125
0 0.5421875 0.45390625 0.0171875 0.05546875
0 0.57890625 0.49453125 0.01953125 0.06328125
0 0.57890625 0.62109375 0.0234375 0.07578125
0 0.615625 0.53984375 0.021875 0.06484375
0 0.61875 0.66953125 0.025 0.0796875
0 0.3796875 0.8953125 0.03984375 0.12421875
0 0.92890625 0.39296875 0.0453125 0.03671875
0 0.88203125 0.41484375 0.04765625 0.040625
0 0.5890625 0.41640625 0.01875 0.0515625
0 0.74453125 0.33359375 0.03984375 0.03359375
0 0.73984375 0.30625 0.0421875 0.0390625
0 0.7359375 0.2859375 0.03984375 0.03515625
0 0.7921875 0.309375 0.040625 0.03359375
0 0.80625 0.33125 0.05390625 0.04453125
0 0.846875 0.30625 0.0390625 0.03515625
0 0.853125 0.33046875 0.0375 0.03515625
0 0.8984375 0.3359375 0.046875 0.03515625
0 0.91484375 0.31484375 0.04296875 0.040625
0 0.975 0.3140625 0.04609375 0.03515625
0 0.978125 0.3359375 0.03984375 0.03515625
0 0.13984375 0.44375 0.0484375 0.0390625
0 0.04140625 0.3734375 0.0515625 0.0390625
0 0.0875 0.39921875 0.04609375 0.03515625
0 0.103125 0.37109375 0.04609375 0.03515625
0 0.1328125 0.39609375 0.04296875 0.040625
0 0.21953125 0.4453125 0.04609375 0.04296875
0 0.17421875 0.365625 0.04375 0.0390625
0 0.6125 0.4390625 0.0171875 0.05546875
0 0.23359375 0.36328125 0.0453125 0.03359375
0 0.2796875 0.47421875 0.04296875 0.059375
0 0.24375 0.39296875 0.03828125 0.03359375
0 0.2953125 0.36015625 0.046875 0.04609375
0 0.30546875 0.39296875 0.04296875 0.03671875
0 0.42890625 0.5390625 0.0234375 0.0703125
0 0.46796875 0.3984375 0.01640625 0.05546875
0 0.6375 0.31171875 0.0359375 0.04609375
0 0.44453125 0.31328125 0.0171875 0.078125
0 0.41875 0.378125 0.01875 0.05546875
0 0.471875 0.3 0.0171875 0.0515625
0 0.70546875 0.56875 0.03203125 0.06328125
0 0.56953125 0.7859375 0.028125 0.09453125
0 0.553125 0.23359375 0.03125 0.040625
0 0.446875 0.18515625 0.01484375 0.040625
0 0.471875 0.20703125 0.0140625 0.0484375
0 0.46796875 0.14296875 0.01484375 0.03671875
0 0.01875 0.40703125 0.0375 0.04453125
0 0.046875 0.44609375 0.053125 0.04453125
0 0.60234375 0.34921875 0.021875 0.05
0 0.64453125 0.41484375 0.03515625 0.1515625
0 0.19140625 0.39453125 0.04296875 0.03671875
0 0.3375 0.7640625 0.028125 0.0984375
0 0.3453125 0.62109375 0.025 0.0796875
0 0.4390625 0.640625 0.02734375 0.08515625