0 0.65859375 0.4640625 0.02265625 0.04609375
0 0.45390625 0.60859375 0.0265625 0.08359375
1 0.46171875 0.2890625 0.01640625 0.0484375
0 0.54921875 0.01171875 0.0109375 0.0234375
0 0.6859375 0.95625 0.0375 0.0796875
0 0.6015625 0.4890625 0.021875 0.05546875
0 0.64375 0.63671875 0.03125 0.078125
0 0.55078125 0.0453125 0.009375 0.02421875
0 0.57890625 0.08203125 0.0109375 0.02421875
0 0.575 0.03515625 0.0125 0.021875
0 0.56640625 0.04921875 0.0140625 0.02421875
0 0.59453125 0.06875 0.0125 0.0296875
0 0.5625 0.01171875 0.0140625 0.0203125