0 0.13828125 0.50546875 0.0578125 0.0703125
0 0.16640625 0.5703125 0.06171875 0.06328125
0 0.3 0.6484375 0.0703125 0.0703125
0 0.30625 0.5796875 0.065625 0.06328125
0 0.5390625 0.68984375 0.071875 0.06875
0 0.6 0.7953125 0.08203125 0.08671875
0 0.790625 0.74375 0.08515625 0.0796875
0 0.79296875 0.634375 0.071875 0.0609375
0 0.5875 0.50703125 0.06640625 0.0515625
0 0.42421875 0.48125 0.0578125 0.0515625
0 0.871875 0.859375 0.0859375 0.09609375
0 0.584375 0.425 0.14453125 0.11640625
0 0.48828125 0.371875 0.02734375 0.0515625
0 0.65390625 0.35546875 0.0421875 0.0515625
0 0.14296875 0.3203125 0.03828125 0.04453125
0 0.09296875 0.35078125 0.05078125 0.05
0 0.1703125 0.47109375 0.053125 0.05390625
0 0.0421875 0.45703125 0.05390625 0.06328125
0 0.6859375 0.5234375 0.0578125 0.05390625
0 0.56875 0.54375 0.06171875 0.05390625
0 0.3328125 0.475 0.053125 0.0609375
0 0.5578125 0.30703125 0.02734375 0.0515625