0 0.66015625 0.4296875 0.021875 0.0484375
0 0.521875 0.40625 0.01953125 0.05390625
0 0.56328125 0.503125 0.02734375 0.071875
0 0.48515625 0.4640625 0.0203125 0.05390625
0 0.5453125 0.3703125 0.01953125 0.0515625
0 0.4703125 0.33515625 0.0203125 0.040625
0 0.5046875 0.23203125 0.0171875 0.03125
0 0.49296875 0.16953125 0.0125 0.028125
0 0.5296875 0.11875 0.0125 0.0296875
1 0.50859375 0.0765625 0.0109375 0.028125
0 0.6515625 0.675 0.03046875 0.08359375
0 0.57109375 0.009375 0.0109375 0.01484375
0 0.596875 0.05859375 0.00859375 0.02421875
0 0.5953125 0.01953125 0.0109375 0.01640625
0 0.58359375 0.03671875 0.0109375 0.01875
0 0.60625 0.19375 0.01484375 0.03125