0 0.53984375 0.01015625 0.0109375 0.0203125
0 0.6125 0.734375 0.0296875 0.071875
0 0.47578125 0.23359375 0.01875 0.03671875
0 0.5703125 0.44375 0.01953125 0.04296875
0 0.61875 0.4484375 0.02265625 0.05546875
0 0.53359375 0.1390625 0.0109375 0.02578125
0 0.4828125 0.0546875 0.01171875 0.028125
0 0.50703125 0.0453125 0.0140625 0.02421875
0 0.5359375 0.109375 0.01484375 0.02578125
0 0.50859375 0.02578125 0.01171875 0.021875
0 0.52265625 0.07421875 0.0125 0.021875
0 0.5359375 0.08359375 0.0140625 0.021875
0 0.659375 0.0640625 0.01875 0.02421875
0 0.646875 0.06171875 0.01953125 0.02421875
0 0.56171875 0.1 0.0109375 0.021875
0 0.56171875 0.0546875 0.009375 0.01640625
0 0.54609375 0.05390625 0.0125 0.021875
0 0.571875 0.05 0.01171875 0.02578125
0 0.55859375 0.02109375 0.01171875 0.0203125