0 0.66015625 0.43125 0.021875 0.0484375
0 0.4859375 0.86640625 0.028125 0.09609375
0 0.39140625 0.93671875 0.0328125 0.11875
0 0.44765625 0.8203125 0.0265625 0.10390625
0 0.52421875 0.32109375 0.01953125 0.0390625
0 0.55546875 0.38046875 0.01953125 0.05
0 0.4953125 0.3453125 0.01484375 0.05
0 0.54375 0.27578125 0.01875 0.03359375
0 0.48046875 0.25859375 0.0140625 0.03515625
0 0.50703125 0.171875 0.0140625 0.0296875
0 0.50078125 0.12109375 0.0125 0.028125
0 0.53125 0.07890625 0.009375 0.03125
1 0.5109375 0.04375 0.0109375 0.0203125
0 0.6578125 0.7046875 0.03046875 0.08359375
0 0.59609375 0.05078125 0.00859375 0.02421875
0 0.5921875 0.01328125 0.0109375 0.01875
0 0.5828125 0.03671875 0.0109375 0.01875
0 0.6046875 0.20859375 0.01484375 0.03125