0 0.7203125 0.61953125 0.03046875 0.05703125
1 0.3546875 0.91484375 0.0453125 0.1515625
0 0.540625 0.03515625 0.01171875 0.02578125
0 0.6375 0.90859375 0.0375 0.0984375
0 0.49296875 0.07578125 0.0125 0.02578125
0 0.575 0.48671875 0.021875 0.05546875
0 0.62265625 0.5515625 0.02265625 0.06328125
0 0.5375 0.09296875 0.01484375 0.021875
0 0.5375 0.06328125 0.01484375 0.02578125
0 0.5265625 0.028125 0.0125 0.021875
0 0.5375 0.03984375 0.01484375 0.0203125
0 0.65234375 0.01640625 0.021875 0.0296875
0 0.56640625 0.09609375 0.01171875 0.021875
0 0.56328125 0.05078125 0.01171875 0.0203125
0 0.55234375 0.059375 0.0125 0.021875
0 0.57734375 0.059375 0.0125 0.02578125
0 0.56328125 0.01796875 0.01171875 0.0203125