0 0.6515625 0.421875 0.021875 0.04453125
0 0.52578125 0.565625 0.02421875 0.07578125
0 0.4859375 0.35546875 0.0203125 0.059375
1 0.48515625 0.15859375 0.01484375 0.03515625
0 0.61640625 0.49921875 0.021875 0.05390625
0 0.6609375 0.69296875 0.03515625 0.08515625
0 0.55625 0.03046875 0.009375 0.02421875
0 0.58515625 0.07578125 0.0109375 0.02578125
0 0.58203125 0.02890625 0.01171875 0.0203125
0 0.57109375 0.04296875 0.0125 0.021875
0 0.60234375 0.08046875 0.0140625 0.028125
0 0.5671875 0.01015625 0.0125 0.01640625