0 0.0203125 0.340625 0.0390625 0.03671875
0 0.05390625 0.3859375 0.0546875 0.04296875
0 0.0859375 0.3515625 0.0484375 0.04453125
0 0.15625 0.36328125 0.046875 0.040625
0 0.1296875 0.396875 0.05546875 0.04296875
0 0.19375 0.34375 0.0484375 0.04296875
0 0.29296875 0.346875 0.0609375 0.06484375
0 0.25234375 0.4109375 0.0515625 0.04453125
0 0.23203125 0.37421875 0.04609375 0.040625
0 0.51875 0.259375 0.11015625 0.07421875
0 0.4359375 0.23828125 0.021875 0.03515625
0 0.5640625 0.20859375 0.03515625 0.0390625
0 0.88203125 0.3515625 0.04609375 0.04453125
0 0.77734375 0.36796875 0.053125 0.05
0 0.0296875 0.6953125 0.05859375 0.09453125
0 0.09765625 0.825 0.084375 0.07578125
0 0.0703125 0.89609375 0.09375 0.0703125
0 0.4359375 0.80625 0.034375 0.109375
0 0.49609375 0.82578125 0.0375 0.10703125
0 0.45390625 0.34296875 0.05625 0.0484375
0 0.60234375 0.353125 0.053125 0.04609375
0 0.56953125 0.31171875 0.046875 0.0390625
0 0.49921875 0.3234375 0.04296875 0.03515625
0 0.415625 0.28515625 0.0421875 0.040625
0 0.27890625 0.27109375 0.04375 0.0390625
0 0.1234375 0.27421875 0.0421875 0.03671875
0 0.27109375 0.4515625 0.059375 0.0515625
0 0.48515625 0.1859375 0.01875 0.0390625