0 0.0265625 0.4359375 0.053125 0.04375
0 0.04609375 0.3953125 0.0546875 0.04609375
0 0.15 0.4140625 0.053125 0.04296875
0 0.13828125 0.45546875 0.05546875 0.0484375
0 0.2453125 0.3984375 0.0546875 0.040625
0 0.39140625 0.4109375 0.0625 0.0703125
0 0.35625 0.48828125 0.0546875 0.05703125
0 0.9609375 0.4453125 0.05625 0.04296875
0 0.2765625 0.43671875 0.05078125 0.04453125
0 0.5015625 0.290625 0.11640625 0.08125
0 0.41328125 0.27109375 0.021875 0.03515625
0 0.55078125 0.234375 0.03515625 0.0390625
0 0.596875 0.3546875 0.0453125 0.04296875
0 0.53359375 0.37421875 0.0515625 0.0484375
0 0.02890625 0.9546875 0.0578125 0.08359375
0 0.3921875 0.93046875 0.0328125 0.13125
0 0.45703125 0.94296875 0.03515625 0.1109375
0 0.159375 0.34140625 0.053125 0.04609375
0 0.334375 0.36640625 0.05 0.04453125
0 0.34375 0.32109375 0.046875 0.0390625
0 0.27578125 0.33515625 0.0421875 0.040625
0 0.184375 0.29296875 0.0421875 0.040625
0 0.03125 0.2703125 0.0390625 0.03671875
0 0.45234375 0.546875 0.06640625 0.0609375
0 0.946875 0.471875 0.06171875 0.0484375
0 0.4671875 0.2109375 0.0203125 0.03671875