0 0.71171875 0.3390625 0.0359375 0.0484375
0 0.4109375 0.38359375 0.021875 0.05546875
0 0.2875 0.48046875 0.040625 0.05703125
0 0.43125 0.44375 0.021875 0.0609375
0 0.490625 0.74140625 0.03203125 0.09453125
0 0.5046875 0.61640625 0.02734375 0.0703125
0 0.51171875 0.3984375 0.0171875 0.0515625
0 0.540625 0.42578125 0.0203125 0.05546875
0 0.509375 0.525 0.01953125 0.06484375
0 0.53984375 0.496875 0.01953125 0.0609375
0 0.571875 0.57109375 0.021875 0.071875
0 0.5671875 0.734375 0.025 0.08671875
0 0.61015625 0.6609375 0.02421875 0.07421875
0 0.6078125 0.9234375 0.0296875 0.109375
0 0.303125 0.384375 0.04296875 0.0390625
0 0.425 0.2515625 0.0171875 0.05546875
0 0.51875 0.02578125 0.0234375 0.0296875
0 0.56875 0.1015625 0.02265625 0.0296875
0 0.61875 0.28671875 0.034375 0.040625
0 0.4640625 0.4265625 0.01875 0.0609375
0 0.43671875 0.65390625 0.0296875 0.08515625
0 0.3953125 0.84453125 0.0328125 0.1
0 0.56484375 0.24140625 0.03203125 0.04609375
0 0.5875 0.4609375 0.01875 0.06328125
0 0.740625 0.328125 0.0390625 0.03359375
0 0.73359375 0.3 0.040625 0.03671875
0 0.73046875 0.278125 0.0390625 0.03359375
0 0.7875 0.3 0.040625 0.03359375
0 0.8 0.32421875 0.0515625 0.04453125
0 0.84609375 0.2984375 0.03828125 0.03671875
0 0.85078125 0.3234375 0.0375 0.03125
0 0.89296875 0.3296875 0.04609375 0.03671875
0 0.91328125 0.30390625 0.0453125 0.03671875
0 0.9734375 0.30625 0.0453125 0.03515625
0 0.978125 0.3296875 0.0421875 0.03671875
0 0.040625 0.434375 0.0515625 0.04296875
0 0.0359375 0.35859375 0.05078125 0.0390625
0 0.11015625 0.27578125 0.03984375 0.03671875
0 0.0828125 0.38671875 0.04375 0.040625
0 0.1 0.35625 0.0453125 0.03515625
0 0.128125 0.38515625 0.04375 0.040625
0 0.1515625 0.42109375 0.04765625 0.0390625
0 0.16875 0.35078125 0.04375 0.0390625
0 0.6109375 0.5265625 0.0203125 0.0609375
0 0.23046875 0.35078125 0.0453125 0.0390625
0 0.246875 0.440625 0.04609375 0.0484375
0 0.240625 0.3859375 0.03828125 0.0390625
0 0.290625 0.34375 0.04375 0.04609375
0 0.303125 0.378125 0.0453125 0.03671875
0 0.446875 0.18671875 0.015625 0.04453125
0 0.46640625 0.1453125 0.01484375 0.04296875
0 0.41875 0.11171875 0.0171875 0.03515625
0 0.021875 0.396875 0.0390625 0.0390625
0 0.603125 0.371875 0.01953125 0.05546875
0 0.6421875 0.42421875 0.034375 0.15546875
0 0.18671875 0.38515625 0.040625 0.03671875
0 0.3703125 0.7234375 0.03046875 0.090625
0 0.33359375 0.6609375 0.028125 0.09296875
0 0.32734375 0.54296875 0.0359375 0.06640625
0 0.46640625 0.25 0.01640625 0.0484375