0 0.3109375 0.521875 0.0359375 0.06640625
0 0.5046875 0.65 0.025 0.08125
0 0.5125 0.54296875 0.021875 0.06328125
0 0.5078125 0.36953125 0.01953125 0.05
0 0.5375 0.38671875 0.02265625 0.05546875
0 0.51484375 0.4765625 0.01875 0.0609375
0 0.540625 0.45546875 0.0171875 0.05546875
0 0.57734375 0.49453125 0.01953125 0.06328125
0 0.5765625 0.62578125 0.0234375 0.078125
0 0.615625 0.54609375 0.021875 0.06640625
0 0.61640625 0.68515625 0.0265625 0.08515625
0 0.39921875 0.7359375 0.0328125 0.1015625
0 0.8765625 0.38515625 0.04375 0.03671875
0 0.81953125 0.39609375 0.04765625 0.040625
0 0.5875 0.4140625 0.01875 0.05390625
0 0.74375 0.3296875 0.03984375 0.03359375
0 0.7390625 0.303125 0.0421875 0.0390625
0 0.73359375 0.28046875 0.03984375 0.03515625
0 0.790625 0.3015625 0.040625 0.03359375
0 0.80546875 0.32578125 0.05390625 0.04453125
0 0.8453125 0.303125 0.0390625 0.03515625
0 0.85234375 0.3265625 0.0375 0.03515625
0 0.89765625 0.33046875 0.046875 0.03515625
0 0.9140625 0.309375 0.04296875 0.040625
0 0.97421875 0.30859375 0.04609375 0.03515625
0 0.97734375 0.33046875 0.040625 0.03515625
0 0.1265625 0.43984375 0.0484375 0.0390625
0 0.03984375 0.365625 0.0515625 0.0390625
0 0.08515625 0.38984375 0.04609375 0.03515625
0 0.10078125 0.36171875 0.04609375 0.03515625
0 0.13125 0.38671875 0.04296875 0.040625
0 0.21171875 0.43984375 0.04609375 0.04296875
0 0.17109375 0.35625 0.04375 0.0390625
0 0.6109375 0.44140625 0.0171875 0.05703125
0 0.23046875 0.35546875 0.0453125 0.03359375
0 0.27578125 0.46796875 0.04375 0.05703125
0 0.24140625 0.3796875 0.03828125 0.03359375
0 0.29296875 0.35078125 0.046875 0.04609375
0 0.30546875 0.378125 0.04296875 0.03671875
0 0.43515625 0.465625 0.0203125 0.0609375
0 0.46796875 0.340625 0.01640625 0.059375
0 0.596875 0.27109375 0.034375 0.04296875
0 0.44609375 0.26796875 0.01640625 0.071875
0 0.42265625 0.32421875 0.01640625 0.0515625
0 0.4703125 0.2546875 0.01640625 0.04609375
0 0.68671875 0.60625 0.0296875 0.06875
0 0.56640625 0.82109375 0.0296875 0.0984375
0 0.52734375 0.19453125 0.02734375 0.040625
0 0.44375 0.153125 0.01484375 0.0390625
0 0.46875 0.1765625 0.0140625 0.04296875
0 0.01875 0.4015625 0.0375 0.04453125
0 0.03359375 0.4390625 0.0515625 0.04453125
0 0.60078125 0.340625 0.0203125 0.0484375
0 0.64296875 0.409375 0.0359375 0.1515625
0 0.18828125 0.38515625 0.04296875 0.03671875
0 0.33671875 0.734375 0.0265625 0.09453125
0 0.34296875 0.60078125 0.028125 0.0796875
0 0.446875 0.5546875 0.025 0.07578125