0 0.6671875 0.42578125 0.021875 0.0484375
0 0.43671875 0.8765625 0.034375 0.13515625
0 0.584375 0.8796875 0.02734375 0.10703125
0 0.49765625 0.7546875 0.0265625 0.090625
0 0.50859375 0.5859375 0.02265625 0.071875
0 0.51484375 0.478125 0.0203125 0.059375
0 0.4578125 0.5015625 0.021875 0.06328125
0 0.52421875 0.38828125 0.01875 0.05
0 0.5265625 0.33671875 0.0171875 0.04453125
0 0.5015625 0.3203125 0.01875 0.0484375
0 0.4875 0.234375 0.01640625 0.03515625
0 0.5296875 0.19921875 0.015625 0.0390625
0 0.54453125 0.02890625 0.0109375 0.028125
0 0.559375 0.02109375 0.0125 0.028125
0 0.534375 0.00625 0.009375 0.0125
0 0.70078125 0.81640625 0.0359375 0.09296875
0 0.603125 0.03671875 0.0109375 0.0296875
0 0.59921875 0.00859375 0.0125 0.01640625
0 0.5890625 0.03359375 0.0125 0.021875
0 0.6265625 0.30703125 0.01875 0.040625