0 0.53671875 0.00703125 0.0109375 0.0140625
0 0.5921875 0.88671875 0.03515625 0.10390625
0 0.60859375 0.65078125 0.0265625 0.06875
0 0.46328125 0.35390625 0.01875 0.04453125
0 0.5703125 0.4203125 0.01953125 0.04453125
0 0.61640625 0.40859375 0.02265625 0.05
0 0.53515625 0.1640625 0.0140625 0.02421875
0 0.47578125 0.109375 0.01171875 0.03359375
0 0.503125 0.096875 0.0140625 0.02421875
0 0.53671875 0.13125 0.01484375 0.02578125
0 0.5046875 0.071875 0.01171875 0.021875
0 0.521875 0.096875 0.0125 0.02421875
0 0.5359375 0.103125 0.0125 0.02421875
0 0.6671875 0.08984375 0.0203125 0.02421875
0 0.65234375 0.084375 0.01953125 0.02421875
0 0.5609375 0.1 0.0109375 0.021875
1 0.478125 0.040625 0.0140625 0.040625
0 0.4953125 0.01953125 0.009375 0.03125
0 0.559375 0.0546875 0.009375 0.01640625
0 0.5453125 0.05 0.0125 0.021875
0 0.5671875 0.04140625 0.009375 0.02421875
0 0.55625 0.01953125 0.01171875 0.0203125