0 0.540625 0.0140625 0.01171875 0.02421875
0 0.61953125 0.78671875 0.034375 0.0890625
0 0.48125 0.1859375 0.01875 0.03515625
0 0.5703125 0.45625 0.01953125 0.04609375
0 0.61953125 0.4734375 0.02265625 0.05390625
0 0.53359375 0.128125 0.0109375 0.02578125
0 0.5359375 0.0984375 0.01484375 0.02578125
0 0.52421875 0.06328125 0.0125 0.021875
0 0.53671875 0.0734375 0.01484375 0.0203125
0 0.6578125 0.0515625 0.01875 0.02578125
0 0.64453125 0.04921875 0.01953125 0.02421875
0 0.56171875 0.0984375 0.0109375 0.021875
0 0.5625 0.053125 0.009375 0.01640625
0 0.54765625 0.05703125 0.0125 0.021875
0 0.5734375 0.05390625 0.0125 0.02578125
0 0.55859375 0.02109375 0.01171875 0.0203125