0 0.0890625 0.43046875 0.0484375 0.0390625
0 0.471875 0.90546875 0.03515625 0.1109375
0 0.4859375 0.76015625 0.0296875 0.08671875
0 0.509375 0.5453125 0.0203125 0.0609375
0 0.53984375 0.540625 0.0234375 0.06640625
0 0.50078125 0.6453125 0.02421875 0.071875
0 0.534375 0.61875 0.01953125 0.06328125
0 0.56953125 0.67109375 0.02265625 0.0796875
0 0.5640625 0.815625 0.02734375 0.09453125
0 0.6046875 0.82421875 0.0265625 0.0890625
0 0.4171875 0.540625 0.0265625 0.0703125
0 0.4375 0.678125 0.02734375 0.08515625
0 0.378125 0.6984375 0.0328125 0.09296875
0 0.32890625 0.61796875 0.0296875 0.08359375
0 0.30546875 0.89453125 0.034375 0.11875
0 0.4671875 0.440625 0.01953125 0.06328125
0 0.69765625 0.35390625 0.03984375 0.0484375
0 0.89375 0.41640625 0.03984375 0.040625
0 0.303125 0.384375 0.04296875 0.0390625
0 0.31328125 0.215625 0.03515625 0.04296875
0 0.42109375 0.3390625 0.03515625 0.13671875
0 0.45234375 0.35078125 0.01953125 0.05390625
0 0.4703125 0.303125 0.01484375 0.05
0 0.378125 0.16328125 0.0265625 0.040625
0 0.6859375 0.22578125 0.034375 0.03671875
0 0.7671875 0.259375 0.0421875 0.03359375
0 0.8546875 0.27578125 0.040625 0.03359375
0 0.5765625 0.1265625 0.02421875 0.04296875
0 0.54765625 0.04609375 0.02265625 0.03359375
0 0.4484375 0.2265625 0.0140625 0.04296875
0 0.571875 0.2609375 0.0328125 0.040625
0 0.471875 0.2140625 0.015625 0.04609375
0 0.5109375 0.1765625 0.0234375 0.0390625
0 0.46015625 0.11484375 0.015625 0.04453125
0 0.58671875 0.57109375 0.01875 0.06484375
0 0.740625 0.3296875 0.0390625 0.03359375
0 0.7359375 0.3015625 0.040625 0.03671875
0 0.73125 0.2796875 0.0390625 0.03359375
0 0.78828125 0.3015625 0.040625 0.03359375
0 0.8015625 0.32421875 0.0515625 0.04453125
0 0.84296875 0.3015625 0.03828125 0.03671875
0 0.85078125 0.3265625 0.0375 0.03125
0 0.8953125 0.3296875 0.04609375 0.03671875
0 0.9109375 0.30546875 0.0453125 0.03671875
0 0.971875 0.30859375 0.0453125 0.03515625
0 0.97578125 0.33125 0.04296875 0.03671875
0 0.0375 0.365625 0.05078125 0.0390625
0 0.08359375 0.3890625 0.04375 0.040625
0 0.1 0.3640625 0.0453125 0.03515625
0 0.1296875 0.3859375 0.04375 0.0390625
0 0.16953125 0.35859375 0.04375 0.0390625
0 0.609375 0.68203125 0.021875 0.07578125
0 0.23046875 0.353125 0.0453125 0.0390625
0 0.240625 0.3859375 0.03828125 0.0390625
0 0.290625 0.34921875 0.04375 0.04609375
0 0.303125 0.38046875 0.0421875 0.0390625
0 0.01875 0.40078125 0.0375 0.0390625
0 0.6140625 0.56875 0.0203125 0.06328125
0 0.64765625 0.57578125 0.03515625 0.19296875
0 0.18671875 0.38515625 0.040625 0.03671875
0 0.4203125 0.1015625 0.01484375 0.03671875
0 0.27578125 0.4859375 0.0421875 0.0609375
0 0.17109375 0.43203125 0.04609375 0.04296875