0 0.02578125 0.425 0.0515625 0.04609375
0 0.0515625 0.38984375 0.0546875 0.04609375
0 0.1421875 0.40546875 0.053125 0.040625
0 0.12578125 0.44140625 0.05546875 0.04609375
0 0.2203125 0.38671875 0.0515625 0.040625
0 0.3578125 0.39921875 0.0609375 0.06484375
0 0.31875 0.46953125 0.05546875 0.04609375
0 0.25078125 0.4234375 0.0453125 0.04609375
0 0.5046875 0.28984375 0.115625 0.08359375
0 0.4171875 0.265625 0.021875 0.03515625
0 0.553125 0.234375 0.03515625 0.0390625
0 0.6703125 0.36015625 0.0453125 0.04296875
0 0.59921875 0.3796875 0.0515625 0.0484375
0 0.03671875 0.934375 0.0734375 0.08359375
0 0.40078125 0.91015625 0.03046875 0.12421875
0 0.46328125 0.93203125 0.034375 0.13125
0 0.234375 0.3453125 0.053125 0.04609375
0 0.40625 0.36796875 0.053125 0.04609375
0 0.4 0.325 0.046875 0.0390625
0 0.334375 0.3390625 0.0421875 0.040625
0 0.24140625 0.29453125 0.0421875 0.040625
0 0.09140625 0.27578125 0.0421875 0.03671875
0 0.39140625 0.5296875 0.0625 0.06328125
0 0.46953125 0.20703125 0.0203125 0.03671875