0 0.6640625 0.4296875 0.021875 0.0484375
0 0.48515625 0.915625 0.03046875 0.11328125
0 0.49921875 0.69921875 0.02265625 0.08359375
0 0.5078125 0.55703125 0.01953125 0.06640625
0 0.43671875 0.640625 0.0296875 0.08515625
0 0.5171875 0.45546875 0.01953125 0.0515625
0 0.5203125 0.38828125 0.01640625 0.04609375
0 0.49140625 0.39609375 0.01875 0.0484375
0 0.47734375 0.29921875 0.015625 0.0390625
0 0.52265625 0.26171875 0.015625 0.0390625
0 0.5421875 0.06015625 0.0109375 0.028125
0 0.55703125 0.0546875 0.0125 0.028125
0 0.5296875 0.03515625 0.0109375 0.021875
0 0.5515625 0.0265625 0.0125 0.0203125
0 0.51484375 0.02578125 0.01171875 0.021875
0 0.69296875 0.80703125 0.0359375 0.09296875
0 0.60234375 0.03515625 0.0109375 0.0296875
0 0.5984375 0.00859375 0.0125 0.01640625
0 0.5875 0.03125 0.0125 0.021875
0 0.62265625 0.290625 0.01875 0.040625