0 0.85546875 0.38046875 0.040625 0.04296875
0 0.38671875 0.60390625 0.02734375 0.07421875
0 0.3 0.50859375 0.0375 0.0609375
0 0.39609375 0.7234375 0.03203125 0.09453125
0 0.4984375 0.68515625 0.03125 0.08515625
0 0.50859375 0.571875 0.02421875 0.06640625
0 0.50859375 0.38203125 0.01875 0.05390625
0 0.5375 0.4015625 0.021875 0.05546875
0 0.5109375 0.4953125 0.01953125 0.0609375
0 0.53984375 0.4703125 0.01640625 0.05546875
0 0.5734375 0.525 0.0203125 0.06875
0 0.56953125 0.68046875 0.02421875 0.08359375
0 0.61171875 0.59296875 0.02265625 0.0703125
0 0.61015625 0.7859375 0.02734375 0.09453125
0 0.42109375 0.43671875 0.02265625 0.06640625
0 0.73125 0.36171875 0.04296875 0.0390625
0 0.44375 0.62890625 0.025 0.07578125
0 0.6671875 0.3296875 0.040625 0.04453125
0 0.58671875 0.43203125 0.01875 0.05390625
0 0.74140625 0.32578125 0.0390625 0.03359375
0 0.73515625 0.29921875 0.040625 0.0390625
0 0.73125 0.2765625 0.0390625 0.03515625
0 0.78828125 0.2984375 0.040625 0.03359375
0 0.8015625 0.321875 0.053125 0.04453125
0 0.8453125 0.2984375 0.0390625 0.03671875
0 0.85078125 0.321875 0.0375 0.03359375
0 0.8953125 0.3265625 0.04609375 0.03515625
0 0.9125 0.303125 0.04375 0.0390625
0 0.9734375 0.3046875 0.0453125 0.03515625
0 0.97734375 0.328125 0.040625 0.03671875
0 0.08671875 0.434375 0.0484375 0.0390625
0 0.0359375 0.36015625 0.05078125 0.0390625
0 0.08046875 0.38671875 0.04609375 0.03359375
0 0.0984375 0.36015625 0.0453125 0.03515625
0 0.1296875 0.38671875 0.04296875 0.040625
0 0.18671875 0.4265625 0.046875 0.04296875
0 0.16953125 0.3546875 0.04375 0.0390625
0 0.609375 0.4734375 0.0171875 0.05703125
0 0.228125 0.353125 0.0453125 0.03515625
0 0.26640625 0.459375 0.0453125 0.05546875
0 0.240625 0.38125 0.03828125 0.03671875
0 0.290625 0.34921875 0.0453125 0.04609375
0 0.30234375 0.3796875 0.04375 0.03671875
0 0.44609375 0.3046875 0.01484375 0.05
0 0.46796875 0.2296875 0.015625 0.0484375
0 0.51171875 0.175 0.0234375 0.0390625
0 0.44453125 0.171875 0.015625 0.06640625
0 0.42109375 0.21015625 0.01640625 0.04296875
0 0.465625 0.16171875 0.01640625 0.0390625
0 0.659375 0.8109375 0.02734375 0.09296875
0 0.01875 0.4 0.0375 0.040625
0 0.60078125 0.35078125 0.0203125 0.05
0 0.640625 0.41640625 0.03515625 0.1515625
0 0.18671875 0.38125 0.0421875 0.03671875
0 0.334375 0.69140625 0.028125 0.090625
0 0.334375 0.56640625 0.0328125 0.07421875
0 0.46015625 0.37421875 0.01953125 0.059375