0 0.10234375 0.49375 0.05859375 0.05
0 0.103125 0.44453125 0.0578125 0.04453125
0 0.26015625 0.4796875 0.05546875 0.0484375
0 0.275 0.5265625 0.0625 0.04609375
0 0.41953125 0.471875 0.059375 0.0484375
0 0.5859375 0.49609375 0.0640625 0.078125
0 0.6171875 0.5984375 0.06640625 0.059375
0 0.8734375 0.45078125 0.06640625 0.05390625
0 0.6515625 0.43671875 0.0546875 0.04453125
0 0.44765625 0.5234375 0.05390625 0.05
0 0.50703125 0.328125 0.12109375 0.08125
0 0.4140625 0.296875 0.021875 0.03515625
0 0.5578125 0.265625 0.03515625 0.0390625
0 0.3296875 0.340625 0.040625 0.040625
0 0.2765625 0.36953125 0.04765625 0.04609375
0 0.0421875 0.35546875 0.05 0.04453125
0 0.1109375 0.315625 0.046875 0.0390625
0 0.03515625 0.32578125 0.04296875 0.04453125
0 0.92890625 0.43203125 0.05625 0.05
0 0.8265625 0.684375 0.08203125 0.071875
0 0.85078125 0.4796875 0.0625 0.04453125
0 0.6125 0.45625 0.0515625 0.05
0 0.471875 0.234375 0.021875 0.04296875