0 0.25703125 0.56484375 0.053125 0.0703125
0 0.2859375 0.64921875 0.0625 0.07578125
0 0.440625 0.76484375 0.07421875 0.08125
0 0.46640625 0.69140625 0.07109375 0.07578125
0 0.77265625 0.890625 0.09296875 0.1109375
0 0.05390625 0.56796875 0.0578125 0.0609375
0 0.6265625 0.61953125 0.0671875 0.071875
0 0.4421875 0.48125 0.05859375 0.0515625
0 0.92890625 0.7046875 0.0796875 0.0796875
0 0.31796875 0.4453125 0.05390625 0.05390625
0 0.61171875 0.46953125 0.14765625 0.128125
0 0.5328125 0.40703125 0.02734375 0.0515625
0 0.7078125 0.40546875 0.040625 0.0515625
0 0.01796875 0.475 0.034375 0.05703125
0 0.08671875 0.26796875 0.0359375 0.04296875
0 0.040625 0.2984375 0.04609375 0.04453125
0 0.3796875 0.58515625 0.0546875 0.06328125
0 0.1375 0.49609375 0.053125 0.06328125
0 0.07734375 0.40078125 0.04765625 0.0609375
0 0.034375 0.4203125 0.053125 0.06328125
0 0.54375 0.49921875 0.05625 0.05390625
0 0.4109375 0.51171875 0.06171875 0.05390625
0 0.2109375 0.41875 0.046875 0.05546875
0 0.60859375 0.34296875 0.02734375 0.0515625