0 0.03984375 0.43828125 0.05859375 0.04296875
0 0.053125 0.396875 0.0546875 0.04609375
0 0.17109375 0.41875 0.0515625 0.04453125
0 0.16484375 0.46328125 0.05546875 0.0484375
0 0.2796875 0.40625 0.05546875 0.04609375
0 0.4296875 0.41953125 0.0625 0.071875
0 0.4078125 0.50078125 0.0546875 0.05703125
0 0.87734375 0.434375 0.059375 0.04296875
0 0.31015625 0.4484375 0.05 0.0515625
0 0.50078125 0.290625 0.11796875 0.08125
0 0.4140625 0.275 0.021875 0.03515625
0 0.55 0.2359375 0.03515625 0.0390625
0 0.5296875 0.34140625 0.0453125 0.04296875
0 0.4703125 0.36640625 0.0515625 0.0484375
0 0.02890625 0.95859375 0.0578125 0.07578125
0 0.39140625 0.93359375 0.03515625 0.1296875
0 0.45703125 0.9453125 0.03515625 0.10546875
0 0.09296875 0.32890625 0.053125 0.04609375
0 0.2640625 0.35703125 0.05 0.04453125
0 0.2875 0.3140625 0.046875 0.0390625
0 0.21796875 0.33359375 0.0421875 0.040625
0 0.13046875 0.28515625 0.0421875 0.040625
0 0.528125 0.56484375 0.06640625 0.06328125
0 0.8578125 0.45703125 0.06171875 0.0484375
0 0.4671875 0.21484375 0.0203125 0.03671875