0 0.11875 0.4265625 0.0484375 0.0390625
0 0.471875 0.9046875 0.03515625 0.11328125
0 0.4859375 0.75859375 0.0296875 0.08671875
0 0.509375 0.534375 0.01953125 0.0609375
0 0.540625 0.53515625 0.0234375 0.06640625
0 0.50078125 0.64375 0.02421875 0.071875
0 0.534375 0.61484375 0.01953125 0.06328125
0 0.56953125 0.66953125 0.02265625 0.0796875
0 0.5640625 0.81328125 0.02734375 0.09296875
0 0.6046875 0.821875 0.0265625 0.0890625
0 0.4125 0.61171875 0.025 0.0796875
0 0.4234375 0.78671875 0.03125 0.1
0 0.36328125 0.77578125 0.03515625 0.1
0 0.33046875 0.66640625 0.0265625 0.0890625
0 0.4625 0.4984375 0.0203125 0.0703125
0 0.74921875 0.3765625 0.0421875 0.04609375
0 0.95703125 0.42421875 0.040625 0.040625
0 0.303125 0.384375 0.04296875 0.0390625
0 0.2859375 0.23359375 0.03828125 0.040625
0 0.41640625 0.3765625 0.03828125 0.14609375
0 0.4515625 0.39453125 0.01953125 0.05546875
0 0.46796875 0.34140625 0.01484375 0.05390625
0 0.3625 0.18046875 0.028125 0.04296875
0 0.665625 0.20703125 0.034375 0.03671875
0 0.74375 0.25078125 0.03984375 0.03125
0 0.8359375 0.27421875 0.040625 0.03359375
0 0.5609375 0.1046875 0.0234375 0.03125
0 0.534375 0.02578125 0.02265625 0.03671875
0 0.4484375 0.26171875 0.01484375 0.04609375
0 0.60859375 0.2890625 0.03515625 0.04453125
0 0.4734375 0.2453125 0.01640625 0.05
0 0.53046875 0.2046875 0.02734375 0.04296875
0 0.4640625 0.1359375 0.0171875 0.04609375
0 0.44375 0.125 0.01484375 0.04296875
0 0.58671875 0.57109375 0.01875 0.06484375
0 0.740625 0.3296875 0.0390625 0.03359375
0 0.7359375 0.3015625 0.040625 0.03671875
0 0.7328125 0.2796875 0.0390625 0.03359375
0 0.78828125 0.3015625 0.040625 0.03359375
0 0.80234375 0.32421875 0.0515625 0.04453125
0 0.84296875 0.3 0.03828125 0.03671875
0 0.8515625 0.325 0.0375 0.03125
0 0.89609375 0.3296875 0.04609375 0.03671875
0 0.9109375 0.30546875 0.0453125 0.03671875
0 0.971875 0.30859375 0.0453125 0.03515625
0 0.97578125 0.33125 0.04296875 0.03671875
0 0.0375 0.3640625 0.05078125 0.0390625
0 0.08359375 0.3890625 0.04375 0.040625
0 0.1 0.36171875 0.0453125 0.03515625
0 0.1296875 0.384375 0.04375 0.0390625
0 0.16953125 0.35625 0.04375 0.0390625
0 0.609375 0.67890625 0.021875 0.07578125
0 0.23046875 0.353125 0.0453125 0.0390625
0 0.01796875 0.428125 0.0359375 0.03671875
0 0.240625 0.3859375 0.03828125 0.0390625
0 0.28984375 0.3484375 0.04375 0.04453125
0 0.303125 0.38046875 0.0421875 0.0390625
0 0.01875 0.40078125 0.0375 0.0390625
0 0.6140625 0.56640625 0.0203125 0.06328125
0 0.646875 0.56640625 0.0359375 0.1890625
0 0.18671875 0.38515625 0.040625 0.03671875
0 0.42109375 0.128125 0.01484375 0.03671875
0 0.290625 0.50703125 0.040625 0.06328125
0 0.2 0.43515625 0.0453125 0.0484375