0 0.75234375 0.3640625 0.03984375 0.04609375
0 0.4015625 0.453125 0.02265625 0.06484375
0 0.2921875 0.49296875 0.03984375 0.059375
0 0.42109375 0.528125 0.0234375 0.06640625
0 0.4921875 0.72109375 0.03125 0.090625
0 0.5046875 0.603125 0.02734375 0.071875
0 0.509375 0.39296875 0.0171875 0.0515625
0 0.53828125 0.41875 0.0203125 0.05546875
0 0.50859375 0.51328125 0.01953125 0.06328125
0 0.53828125 0.4859375 0.01875 0.0609375
0 0.571875 0.55546875 0.021875 0.0703125
0 0.56640625 0.7203125 0.025 0.08515625
0 0.609375 0.63828125 0.0234375 0.071875
0 0.60625 0.88203125 0.028125 0.1015625
0 0.303125 0.384375 0.04296875 0.0390625
0 0.4234375 0.31015625 0.01953125 0.0609375
0 0.55390625 0.07890625 0.021875 0.028125
0 0.64765625 0.31796875 0.0359375 0.0390625
0 0.4578125 0.4890625 0.0203125 0.06640625
0 0.42109375 0.75625 0.0328125 0.09453125
0 0.59453125 0.275 0.03515625 0.04609375
0 0.58515625 0.453125 0.01875 0.05390625
0 0.740625 0.328125 0.0390625 0.03359375
0 0.73359375 0.3 0.040625 0.03671875
0 0.73046875 0.278125 0.0390625 0.03359375
0 0.7875 0.3 0.040625 0.03359375
0 0.8 0.32421875 0.0515625 0.04453125
0 0.84609375 0.2984375 0.03828125 0.03671875
0 0.85078125 0.3234375 0.0375 0.03125
0 0.89296875 0.3296875 0.04609375 0.03671875
0 0.91328125 0.30390625 0.0453125 0.03671875
0 0.9734375 0.30625 0.0453125 0.03515625
0 0.978125 0.3296875 0.0421875 0.03671875
0 0.05546875 0.434375 0.05 0.04296875
0 0.03515625 0.36015625 0.05078125 0.0390625
0 0.05390625 0.28359375 0.03984375 0.03671875
0 0.08046875 0.3890625 0.04375 0.040625
0 0.09765625 0.36015625 0.0453125 0.03515625
0 0.12734375 0.38515625 0.04375 0.040625
0 0.16484375 0.421875 0.046875 0.040625
0 0.1671875 0.353125 0.04375 0.0390625
0 0.609375 0.51015625 0.01953125 0.05703125
0 0.228125 0.353125 0.0453125 0.0390625
0 0.25390625 0.45078125 0.0453125 0.05
0 0.240625 0.3859375 0.03828125 0.0390625
0 0.28984375 0.346875 0.04375 0.04609375
0 0.3015625 0.3796875 0.0453125 0.03671875
0 0.446875 0.225 0.01484375 0.04609375
0 0.46640625 0.1734375 0.01484375 0.04296875
0 0.4828125 0.1203125 0.0203125 0.040625
0 0.440625 0.11640625 0.01484375 0.06328125
0 0.41953125 0.13984375 0.01640625 0.03515625
0 0.46015625 0.11796875 0.01484375 0.03515625
0 0.0203125 0.39921875 0.0390625 0.0390625
0 0.6015625 0.365625 0.01953125 0.05390625
0 0.640625 0.421875 0.03515625 0.1515625
0 0.18671875 0.38515625 0.040625 0.03671875
0 0.35078125 0.83203125 0.034375 0.1015625
0 0.33125 0.67421875 0.028125 0.09296875
0 0.328125 0.55078125 0.03515625 0.06875
0 0.4640625 0.290625 0.01640625 0.0515625