0 0.49296875 0.121875 0.01953125 0.04453125
0 0.17578125 0.43046875 0.046875 0.0390625
0 0.471875 0.9046875 0.03515625 0.11640625
0 0.4875 0.75390625 0.03203125 0.0890625
0 0.5109375 0.5109375 0.01953125 0.059375
0 0.540625 0.5203125 0.0234375 0.06640625
0 0.49921875 0.64296875 0.0234375 0.0703125
0 0.534375 0.6015625 0.01953125 0.06328125
0 0.57109375 0.6640625 0.02265625 0.0796875
0 0.565625 0.80703125 0.02734375 0.09296875
0 0.6046875 0.81484375 0.0265625 0.0890625
0 0.38984375 0.8109375 0.034375 0.10390625
0 0.321875 0.95703125 0.040625 0.08125
0 0.31640625 0.79375 0.03125 0.0984375
0 0.44453125 0.65078125 0.025 0.08359375
0 0.865625 0.3984375 0.04609375 0.040625
0 0.303125 0.384375 0.04296875 0.0390625
0 0.2171875 0.26640625 0.0421875 0.04453125
0 0.40703125 0.45546875 0.04375 0.16640625
0 0.44296875 0.515625 0.02421875 0.06484375
0 0.4625 0.42890625 0.015625 0.0609375
0 0.31484375 0.21640625 0.034375 0.04453125
0 0.62421875 0.175 0.03046875 0.03515625
0 0.69453125 0.2296875 0.03515625 0.040625
0 0.784375 0.26484375 0.040625 0.03359375
0 0.53203125 0.05625 0.021875 0.03125
0 0.44375 0.34609375 0.0171875 0.0515625
0 0.690625 0.3453125 0.0421875 0.04296875
0 0.47265625 0.32578125 0.0171875 0.059375
0 0.5796875 0.26171875 0.0328125 0.04609375
0 0.46171875 0.11328125 0.01484375 0.040625
0 0.4671875 0.190625 0.01640625 0.04453125
0 0.44765625 0.19453125 0.01484375 0.04453125
0 0.58671875 0.56953125 0.01875 0.06484375
0 0.740625 0.328125 0.0390625 0.03359375
0 0.7359375 0.3015625 0.040625 0.03671875
0 0.73359375 0.278125 0.0390625 0.03359375
0 0.7875 0.3 0.040625 0.03359375
0 0.803125 0.32421875 0.0515625 0.04453125
0 0.84453125 0.3 0.03828125 0.03671875
0 0.8515625 0.3234375 0.0375 0.03125
0 0.896875 0.3296875 0.04609375 0.03671875
0 0.9125 0.30390625 0.0453125 0.03671875
0 0.97265625 0.30625 0.0453125 0.03515625
0 0.9765625 0.3296875 0.04296875 0.03671875
0 0.0375 0.3640625 0.05078125 0.0390625
0 0.40703125 0.11171875 0.0140625 0.0390625
0 0.08359375 0.3890625 0.04375 0.040625
0 0.1 0.36171875 0.0453125 0.03515625
0 0.128125 0.384375 0.04375 0.0390625
0 0.16953125 0.35625 0.04375 0.0390625
0 0.61015625 0.66640625 0.02265625 0.07421875
0 0.23046875 0.353125 0.0453125 0.0390625
0 0.05859375 0.42421875 0.0484375 0.040625
0 0.240625 0.3859375 0.03828125 0.0390625
0 0.28984375 0.34609375 0.04375 0.04453125
0 0.30390625 0.38046875 0.0421875 0.0390625
0 0.0203125 0.39921875 0.03828125 0.0390625
0 0.6125 0.55 0.0203125 0.06328125
0 0.64765625 0.540625 0.0375 0.18515625
0 0.18671875 0.38515625 0.040625 0.03671875
0 0.425 0.19921875 0.01484375 0.0390625
0 0.3140625 0.559375 0.0375 0.078125
0 0.24453125 0.45078125 0.04375 0.05390625