0 0.01484375 0.5015625 0.0296875 0.059375
0 0.12265625 0.53125 0.06171875 0.0515625
0 0.12421875 0.478125 0.059375 0.04453125
0 0.3 0.521875 0.0609375 0.0484375
0 0.3234375 0.5796875 0.06328125 0.059375
0 0.4796875 0.521875 0.06171875 0.05546875
0 0.6609375 0.5484375 0.0703125 0.08515625
0 0.7203125 0.66953125 0.06953125 0.0609375
0 0.7875 0.46640625 0.065625 0.0515625
0 0.58203125 0.45546875 0.053125 0.0484375
0 0.51328125 0.5765625 0.05546875 0.05703125
0 0.51015625 0.35 0.12421875 0.0890625
0 0.41484375 0.31875 0.02265625 0.03359375
0 0.56328125 0.2859375 0.0359375 0.0390625
0 0.26171875 0.35 0.040625 0.040625
0 0.20625 0.38046875 0.04765625 0.04609375
0 0.04609375 0.32109375 0.046875 0.0390625
0 0.8546875 0.45390625 0.05546875 0.0484375
0 0.76953125 0.5 0.0625 0.04453125
0 0.5296875 0.4765625 0.05078125 0.05390625
0 0.47421875 0.2546875 0.02265625 0.04609375