0 0.66015625 0.428125 0.021875 0.0484375
0 0.51640625 0.5140625 0.0203125 0.06484375
0 0.571875 0.675 0.0328125 0.0984375
0 0.4703125 0.62890625 0.025 0.07578125
0 0.5484375 0.484375 0.0234375 0.06484375
0 0.45703125 0.44453125 0.025 0.05546875
0 0.49453125 0.31484375 0.01640625 0.040625
0 0.4828125 0.2359375 0.015625 0.03515625
0 0.525 0.171875 0.0125 0.0296875
1 0.50234375 0.11875 0.0125 0.03359375
0 0.553125 0.01953125 0.01171875 0.028125
0 0.64921875 0.646875 0.03046875 0.07578125
0 0.56953125 0.01015625 0.0109375 0.01640625
0 0.5984375 0.06171875 0.00859375 0.02421875
0 0.59453125 0.0203125 0.01171875 0.01875
0 0.584375 0.03828125 0.0109375 0.0203125
0 0.60390625 0.1765625 0.01484375 0.03125