0 0.51796875 0.22578125 0.0109375 0.02578125
0 0.521875 0.2046875 0.0140625 0.028125
0 0.5671875 0.29296875 0.0140625 0.0296875
0 0.5828125 0.253125 0.0125 0.02421875
0 0.48515625 0.48984375 0.01484375 0.0390625
2 0.54609375 0.83203125 0.02421875 0.1390625
0 0.39296875 0.66796875 0.01484375 0.04609375
0 0.53203125 0.521875 0.0125 0.03671875
0 0.5515625 0.48515625 0.0140625 0.040625
0 0.48515625 0.60390625 0.015625 0.0484375
0 0.48359375 0.48203125 0.015625 0.0390625
0 0.5484375 0.38125 0.0140625 0.03359375
0 0.53125 0.31328125 0.009375 0.03359375
0 0.54921875 0.33125 0.0125 0.03359375