0 0.521875 0.228125 0.0140625 0.02578125
0 0.5296875 0.1984375 0.0140625 0.02578125
0 0.55546875 0.2703125 0.0140625 0.0296875
0 0.403125 0.91953125 0.01953125 0.06484375
0 0.56953125 0.21171875 0.0125 0.02421875
0 0.48828125 0.328125 0.015625 0.040625
0 0.546875 0.9546875 0.025 0.08359375
0 0.3875 0.59453125 0.0140625 0.040625
0 0.5265625 0.5984375 0.01484375 0.0484375
0 0.5484375 0.50859375 0.01875 0.0390625
0 0.48828125 0.39921875 0.0140625 0.03515625
0 0.54140625 0.36015625 0.01484375 0.03125
0 0.525 0.321875 0.01171875 0.03359375
0 0.540625 0.3203125 0.015625 0.03359375