0 0.515625 0.23046875 0.01171875 0.03515625
0 0.5296875 0.2 0.0140625 0.02578125
0 0.5578125 0.28984375 0.0140625 0.028125
0 0.5765625 0.24375 0.0125 0.02421875
0 0.48046875 0.4296875 0.0140625 0.04453125
2 0.5421875 0.88203125 0.02421875 0.14296875
0 0.3859375 0.64609375 0.0140625 0.040625
0 0.525 0.5453125 0.01484375 0.04609375
0 0.5453125 0.49453125 0.015625 0.03671875
0 0.48125 0.52890625 0.0125 0.04609375
0 0.48046875 0.43203125 0.015625 0.0390625
0 0.53984375 0.3734375 0.01484375 0.03125
0 0.525 0.31328125 0.01171875 0.03359375
0 0.540625 0.32421875 0.015625 0.03359375