0 0.44453125 0.56015625 0.01953125 0.05390625
0 0.50703125 0.30546875 0.0125 0.040625
0 0.51796875 0.21015625 0.01484375 0.03125
0 0.53984375 0.14453125 0.01484375 0.03359375
0 0.45234375 0.21171875 0.0140625 0.03515625
0 0.4796875 0.21171875 0.0125 0.0390625
0 0.46640625 0.13046875 0.0125 0.03125
0 0.54453125 0.040625 0.0125 0.02578125
0 0.3734375 0.27421875 0.0140625 0.040625
0 0.5578125 0.6796875 0.0265625 0.078125
0 0.540625 0.3359375 0.01640625 0.04296875
0 0.540625 0.43359375 0.01953125 0.0515625
0 0.5375 0.2234375 0.015625 0.03515625