0 0.52109375 0.22578125 0.0125 0.021875
0 0.528125 0.1953125 0.0140625 0.028125
0 0.55 0.2296875 0.0140625 0.0296875
0 0.428125 0.8140625 0.01640625 0.05703125
0 0.4640625 0.9515625 0.01640625 0.078125
0 0.4328125 0.61328125 0.0171875 0.0515625
0 0.3859375 0.5015625 0.01484375 0.03359375
0 0.5265625 0.71484375 0.015625 0.05546875
0 0.5515625 0.53125 0.01875 0.040625
0 0.49765625 0.234375 0.0125 0.03125
0 0.54375 0.3296875 0.01484375 0.03359375
0 0.5296875 0.33671875 0.01171875 0.03359375
0 0.54375 0.28359375 0.015625 0.03359375