0 0.5203125 0.22578125 0.0140625 0.021875
0 0.5296875 0.19609375 0.0140625 0.02578125
0 0.55078125 0.25546875 0.0140625 0.0296875
0 0.41484375 0.81015625 0.0171875 0.05390625
0 0.57109375 0.1953125 0.0125 0.02421875
0 0.4875 0.29296875 0.015625 0.040625
0 0.3859375 0.56875 0.0140625 0.040625
0 0.5265625 0.63125 0.015625 0.05546875
0 0.5484375 0.5140625 0.01875 0.0390625
0 0.490625 0.340625 0.0125 0.03359375
0 0.54140625 0.35078125 0.01484375 0.03125
0 0.5265625 0.321875 0.01171875 0.03359375
0 0.540625 0.30703125 0.015625 0.03359375