0 0.5203125 0.225 0.0140625 0.0203125
0 0.52734375 0.19375 0.0140625 0.028125
0 0.5484375 0.24296875 0.0140625 0.0296875
0 0.42109375 0.925 0.0171875 0.06875
0 0.42265625 0.70859375 0.0171875 0.05390625
0 0.56796875 0.17109375 0.01484375 0.028125
0 0.4890625 0.24375 0.0140625 0.028125
0 0.38359375 0.53203125 0.0140625 0.0390625
0 0.5265625 0.6703125 0.015625 0.05546875
0 0.54921875 0.52109375 0.01875 0.0390625
0 0.49453125 0.284375 0.0125 0.03125
0 0.54140625 0.3453125 0.01484375 0.03125
0 0.52734375 0.32578125 0.01171875 0.03359375
0 0.540625 0.29609375 0.015625 0.03359375