0 0.5203125 0.24140625 0.01171875 0.03515625
0 0.52734375 0.1953125 0.0140625 0.028125
0 0.546875 0.19140625 0.0140625 0.028125
0 0.44375 0.53828125 0.01640625 0.0390625
0 0.4734375 0.59609375 0.015625 0.05546875
0 0.45390625 0.40625 0.01484375 0.03515625
0 0.5609375 0.1109375 0.01171875 0.0296875
0 0.38515625 0.421875 0.01484375 0.03671875
0 0.528125 0.9 0.025 0.08125
0 0.55390625 0.5796875 0.0203125 0.05546875
0 0.5453125 0.32421875 0.015625 0.040625
0 0.53515625 0.36875 0.0140625 0.03359375
0 0.54375 0.25 0.015625 0.03359375