0 0.2390625 0.90546875 0.04375 0.1
0 0.446875 0.4046875 0.01953125 0.05
0 0.50078125 0.3484375 0.0125 0.0484375
0 0.51484375 0.221875 0.01484375 0.03671875
0 0.5359375 0.12890625 0.015625 0.0390625
0 0.45546875 0.12109375 0.01484375 0.03125
0 0.4796875 0.109375 0.0125 0.03359375
0 0.46640625 0.05078125 0.01484375 0.0203125
0 0.5375 0.02578125 0.0125 0.02578125
0 0.36796875 0.22421875 0.0140625 0.040625
0 0.5609375 0.75390625 0.0265625 0.08125
0 0.5375 0.353125 0.01640625 0.04296875
0 0.540625 0.4703125 0.02265625 0.05546875
0 0.5328125 0.2234375 0.015625 0.03515625