0 0.521875 0.23359375 0.0109375 0.03359375
0 0.52734375 0.19921875 0.0140625 0.028125
0 0.546875 0.20390625 0.0140625 0.0296875
0 0.4390625 0.621875 0.015625 0.040625
0 0.471875 0.6984375 0.01640625 0.059375
0 0.446875 0.46875 0.01640625 0.04453125
0 0.571875 0.12578125 0.01171875 0.0296875
0 0.3875 0.44609375 0.01484375 0.03359375
0 0.52890625 0.83125 0.02265625 0.07421875
0 0.55546875 0.5640625 0.0203125 0.05390625
0 0.54453125 0.32421875 0.01640625 0.040625
0 0.5328125 0.35625 0.0125 0.028125
0 0.54453125 0.2640625 0.01640625 0.0390625