0 0.52109375 0.228125 0.0109375 0.0296875
0 0.5296875 0.2 0.0140625 0.02578125
0 0.55625 0.28359375 0.0140625 0.0296875
0 0.5734375 0.2265625 0.0125 0.02421875
0 0.48359375 0.38203125 0.01484375 0.0390625
0 0.5453125 0.9265625 0.02421875 0.13125
0 0.38671875 0.61875 0.0140625 0.040625
0 0.52578125 0.56953125 0.01484375 0.04609375
0 0.546875 0.50078125 0.0171875 0.0390625
0 0.484375 0.46171875 0.0140625 0.0390625
0 0.540625 0.36796875 0.01484375 0.03125
0 0.525 0.31875 0.01171875 0.03359375
0 0.540625 0.32421875 0.015625 0.03359375