0 0.68671875 0.71171875 0.07109375 0.14296875
0 0.60703125 0.4203125 0.03828125 0.06640625
0 0.62578125 0.19609375 0.02421875 0.03359375
0 0.4015625 0.375 0.03046875 0.06875
0 0.4265625 0.29296875 0.02265625 0.0484375
0 0.54140625 0.23046875 0.02421875 0.0390625
0 0.56875 0.21796875 0.0203125 0.03515625
0 0.55078125 0.19453125 0.021875 0.03359375
0 0.565625 0.18203125 0.025 0.03125
0 0.52578125 0.190625 0.02265625 0.03359375
0 0.53828125 0.175 0.01953125 0.028125
0 0.49140625 0.16796875 0.0203125 0.03515625
0 0.5140625 0.165625 0.01953125 0.03515625
0 0.528125 0.15703125 0.01875 0.02578125
0 0.54375 0.14609375 0.01953125 0.02578125