2 0.4109375 0.60390625 0.0515625 0.14453125
0 0.4625 0.3609375 0.01875 0.03359375
0 0.478125 0.59296875 0.03828125 0.08515625
0 0.3625 0.5734375 0.04765625 0.090625
0 0.29296875 0.5890625 0.0546875 0.09296875
0 0.3921875 0.396875 0.0234375 0.04296875
0 0.39140625 0.503125 0.0328125 0.05703125
0 0.43671875 0.4890625 0.03125 0.06328125
0 0.48046875 0.49296875 0.02734375 0.059375
0 0.41953125 0.39296875 0.02265625 0.04453125
0 0.446875 0.44140625 0.02734375 0.04609375
0 0.4578125 0.38671875 0.01875 0.03359375
0 0.4625 0.33046875 0.0140625 0.02421875