1 0.26015625 0.7140625 0.1515625 0.36484375
0 0.37421875 0.74609375 0.090625 0.2109375
1 0.49609375 0.740625 0.0953125 0.39609375
2 0.3734375 0.36015625 0.0640625 0.11328125
0 0.3546875 0.5203125 0.0578125 0.0890625
0 0.4203125 0.5453125 0.05625 0.13515625
0 0.496875 0.29921875 0.01484375 0.028125
0 0.42890625 0.46328125 0.0375 0.07421875
0 0.38125 0.45 0.0421875 0.07421875
0 0.40390625 0.403125 0.03203125 0.0609375
0 0.45 0.41640625 0.028125 0.0703125
0 0.45078125 0.37890625 0.02265625 0.05
0 0.43828125 0.33359375 0.0203125 0.03359375
0 0.45078125 0.29921875 0.01640625 0.02421875