0 0.371875 0.5109375 0.0234375 0.09609375
0 0.4421875 0.63203125 0.0234375 0.08671875
0 0.5546875 0.059375 0.0234375 0.08125
0 0.55703125 0.2703125 0.02265625 0.08125
0 0.5859375 0.17109375 0.0234375 0.090625
0 0.6234375 0.265625 0.02421875 0.090625
0 0.4234375 0.93515625 0.0234375 0.1
0 0.56875 0.5109375 0.0234375 0.08125
0 0.91015625 0.434375 0.053125 0.05390625
0 0.4171875 0.19375 0.0234375 0.090625
0 0.20390625 0.646875 0.053125 0.05
1 0.4078125 0.5046875 0.03046875 0.20546875
0 0.5890625 0.6609375 0.0265625 0.1
0 0.55390625 0.74453125 0.03203125 0.1
0 0.58984375 0.86640625 0.0234375 0.1
0 0.4484375 0.2484375 0.0234375 0.08125
0 0.7453125 0.49375 0.053125 0.06875
0 0.5140625 0.3046875 0.03828125 0.09453125
0 0.53046875 0.415625 0.0375 0.08671875
0 0.484375 0.70390625 0.0328125 0.1
0 0.50234375 0.828125 0.028125 0.1
0 0.5046875 0.96875 0.025 0.05546875
0 0.80078125 0.409375 0.053125 0.0515625
0 0.8328125 0.346875 0.0546875 0.05390625
0 0.9140625 0.31875 0.053125 0.04453125
0 0.98203125 0.28828125 0.034375 0.05