0 0.7109375 0.86875 0.08203125 0.19296875
0 0.5015625 0.790625 0.0578125 0.20703125
0 0.29140625 0.69609375 0.06953125 0.159375
0 0.4359375 0.64921875 0.0515625 0.15703125
0 0.3421875 0.50078125 0.05 0.128125
0 0.40546875 0.5 0.0390625 0.09296875
0 0.3609375 0.3984375 0.0375 0.078125
0 0.4203125 0.39140625 0.03125 0.071875
0 0.4640625 0.35390625 0.0296875 0.0703125
0 0.42578125 0.29453125 0.0234375 0.0515625
0 0.39140625 0.28828125 0.02421875 0.05390625
0 0.58671875 0.3296875 0.03203125 0.05546875
0 0.6453125 0.36171875 0.0375 0.0609375
0 0.553125 0.21796875 0.0234375 0.0390625
0 0.57890625 0.2109375 0.0234375 0.03671875
0 0.78828125 0.39921875 0.0484375 0.06484375
0 0.53359375 0.17578125 0.0203125 0.03359375
0 0.55390625 0.16875 0.01953125 0.0296875
0 0.50859375 0.16875 0.01875 0.03359375