0 0.640625 0.940625 0.02734375 0.078125
0 0.59453125 0.61171875 0.01875 0.0390625
0 0.60703125 0.87890625 0.02265625 0.06484375
0 0.67265625 0.9484375 0.02734375 0.07421875
0 0.61953125 0.68359375 0.0203125 0.04453125
0 0.48359375 0.91875 0.02265625 0.078125
0 0.5171875 0.94453125 0.0234375 0.08125
0 0.51484375 0.8265625 0.0203125 0.06875
0 0.51484375 0.71640625 0.0171875 0.05546875
0 0.48984375 0.746875 0.0203125 0.05703125
0 0.65078125 0.23203125 0.0671875 0.1390625
0 0.44375 0.68046875 0.03125 0.0390625
0 0.5140625 0.64609375 0.0171875 0.04453125
0 0.51484375 0.5953125 0.015625 0.03515625
0 0.584375 0.7140625 0.01640625 0.04609375
0 0.6359375 0.8046875 0.0234375 0.05703125
0 0.51484375 0.475 0.0125 0.03125
0 0.57890625 0.63359375 0.01640625 0.03671875