1 0.4203125 0.9734375 0.034375 0.05
0 0.4484375 0.95859375 0.0265625 0.05390625
0 0.428125 0.88984375 0.01953125 0.05703125
0 0.64140625 0.8265625 0.025 0.04609375
0 0.6234375 0.73671875 0.02265625 0.040625
0 0.6109375 0.76953125 0.02421875 0.04609375
0 0.6453125 0.784375 0.02421875 0.04609375
0 0.65703125 0.703125 0.0203125 0.0390625
0 0.3265625 0.5953125 0.0171875 0.05390625
0 0.38984375 0.5640625 0.0140625 0.03125
0 0.4 0.53203125 0.01484375 0.03125
0 0.3203125 0.5109375 0.009375 0.0296875
0 0.45 0.56328125 0.0125 0.021875
0 0.3875 0.48671875 0.01484375 0.03359375
0 0.39375 0.51484375 0.015625 0.0296875
0 0.3296875 0.565625 0.0109375 0.03125
0 0.328125 0.45390625 0.0140625 0.040625
0 0.4265625 0.55546875 0.0171875 0.03671875
0 0.67109375 0.7859375 0.02265625 0.04609375
0 0.38125 0.54296875 0.015625 0.0296875
0 0.371875 0.51484375 0.0140625 0.03359375
0 0.3265625 0.38515625 0.0109375 0.02578125
0 0.3875 0.44296875 0.0140625 0.02578125
0 0.31796875 0.43046875 0.0109375 0.028125
0 0.41328125 0.465625 0.0125 0.028125
0 0.475 0.4234375 0.0171875 0.03125
0 0.5140625 0.4515625 0.01484375 0.03359375
0 0.49609375 0.47578125 0.0171875 0.0296875
0 0.45 0.446875 0.015625 0.028125
0 0.42890625 0.4484375 0.015625 0.02578125
0 0.58828125 0.92578125 0.02421875 0.0515625
0 0.4734375 0.525 0.015625 0.03125
0 0.63984375 0.71796875 0.021875 0.0390625
2 0.71875 0.809375 0.053125 0.09609375
0 0.4703125 0.5484375 0.0203125 0.03359375