0 0.571875 0.609375 0.01484375 0.03359375
0 0.56875 0.88828125 0.01875 0.06484375
0 0.60625 0.68984375 0.01875 0.04609375
0 0.4890625 0.7359375 0.01640625 0.05
2 0.4359375 0.60546875 0.03203125 0.1
0 0.4546875 0.78671875 0.021875 0.05546875
0 0.4984375 0.68515625 0.015625 0.040625
0 0.4703125 0.68046875 0.01875 0.04609375
0 0.49609375 0.6359375 0.0171875 0.04296875
0 0.478125 0.603125 0.0140625 0.0390625
0 0.496875 0.58046875 0.015625 0.0390625
0 0.6265625 0.546875 0.0296875 0.028125
0 0.63125 0.215625 0.0671875 0.1390625
0 0.40234375 0.31875 0.0546875 0.15546875
0 0.5640625 0.7390625 0.015625 0.04453125
0 0.59375 0.81171875 0.021875 0.05390625