2 0.79375 0.703125 0.01484375 0.03515625
0 0.56640625 0.68671875 0.01953125 0.02578125
0 0.6078125 0.5734375 0.0109375 0.02421875
0 0.634375 0.57109375 0.009375 0.02421875
0 0.6421875 0.6234375 0.0109375 0.02421875
0 0.64921875 0.6484375 0.0125 0.0296875
0 0.60078125 0.665625 0.0109375 0.028125
0 0.5953125 0.6953125 0.00859375 0.028125
2 0.58125 0.75625 0.01171875 0.04296875
2 0.58046875 0.71796875 0.0125 0.0390625
0 0.5859375 0.67578125 0.009375 0.02578125
0 0.6515625 0.67578125 0.01171875 0.02578125
0 0.65703125 0.72421875 0.0125 0.0296875
0 0.6390625 0.72578125 0.0109375 0.02578125
0 0.6375 0.69921875 0.009375 0.02421875
0 0.6359375 0.6796875 0.009375 0.021875
0 0.6296875 0.653125 0.00859375 0.02421875
0 0.6265625 0.62421875 0.0109375 0.021875
0 0.69375 0.58125 0.0125 0.02578125
0 0.73359375 0.609375 0.0125 0.02578125
0 0.70234375 0.55625 0.01171875 0.02421875
0 0.64609375 0.78203125 0.0125 0.028125
0 0.64296875 0.7546875 0.0125 0.028125
0 0.6625 0.76484375 0.0125 0.0296875
2 0.6 0.7640625 0.01171875 0.04296875
0 0.596875 0.72890625 0.01171875 0.028125
0 0.5828125 0.69609375 0.00859375 0.01875
0 0.7140625 0.66171875 0.01171875 0.028125
0 0.721875 0.75625 0.01171875 0.028125
0 0.78515625 0.79375 0.015625 0.03125