0 0.3609375 0.8296875 0.0234375 0.1
0 0.571875 0.2015625 0.0234375 0.08125
0 0.4140625 0.403125 0.0234375 0.090625
0 0.284375 0.69921875 0.0515625 0.06875
1 0.4015625 0.725 0.034375 0.2203125
0 0.590625 0.36171875 0.0234375 0.090625
0 0.56328125 0.4546875 0.0234375 0.090625
0 0.5984375 0.5609375 0.0234375 0.09296875
0 0.584375 0.7 0.0234375 0.1
0 0.5515625 0.75 0.02421875 0.1
0 0.44453125 0.58125 0.0234375 0.08125
0 0.0921875 0.03671875 0.028125 0.0734375
0 0.85078125 0.4515625 0.053125 0.04453125
0 0.5140625 0.30859375 0.03828125 0.09453125
0 0.53046875 0.415625 0.0375 0.08671875
0 0.4171875 0.12421875 0.0234375 0.08125
0 0.4828125 0.69453125 0.0328125 0.1
0 0.50234375 0.82578125 0.028125 0.1
0 0.50625 0.96328125 0.0234375 0.06640625
0 0.80078125 0.41171875 0.053125 0.05390625
0 0.8328125 0.346875 0.05390625 0.05390625
0 0.9140625 0.3203125 0.053125 0.04453125
0 0.98203125 0.2890625 0.034375 0.0484375