0 0.36875 0.809375 0.02421875 0.08515625
0 0.4 0.70703125 0.028125 0.10703125
2 0.95625 0.421875 0.084375 0.0890625
1 0.5875 0.15859375 0.02265625 0.08359375
0 0.41328125 0.5109375 0.025 0.09296875
0 0.3828125 0.26875 0.021875 0.0890625
0 0.415625 0.27421875 0.0265625 0.09296875
0 0.45234375 0.2703125 0.02265625 0.078125
0 0.59375 0.5859375 0.02734375 0.09453125
0 0.5609375 0.6484375 0.02734375 0.1109375
0 0.58125 0.9390625 0.02734375 0.1
0 0.5484375 0.84609375 0.02734375 0.1
0 0.7375 0.53515625 0.0484375 0.07421875
0 0.2796875 0.6640625 0.05078125 0.05390625
0 0.6390625 0.83828125 0.03203125 0.09453125
0 0.5015625 0.26796875 0.03203125 0.090625
0 0.52578125 0.4 0.034375 0.08125
0 0.4875 0.7265625 0.03125 0.090625
0 0.50703125 0.8703125 0.02734375 0.10390625
0 0.80390625 0.4109375 0.05546875 0.0515625
0 0.83359375 0.35 0.0515625 0.0515625
0 0.915625 0.31796875 0.0515625 0.05
0 0.98359375 0.2890625 0.03125 0.04453125