2 0.8109375 0.5953125 0.01484375 0.03515625
0 0.75234375 0.60390625 0.01640625 0.02578125
0 0.76953125 0.56015625 0.015625 0.02421875
0 0.64765625 0.47890625 0.0109375 0.0203125
0 0.6828125 0.50625 0.01171875 0.02421875
0 0.5765625 0.50703125 0.009375 0.021875
0 0.60234375 0.53828125 0.0109375 0.02421875
0 0.709375 0.61953125 0.01171875 0.028125
0 0.68359375 0.5890625 0.01171875 0.021875
0 0.646875 0.49609375 0.00859375 0.02578125
0 0.6515625 0.515625 0.009375 0.02421875
0 0.6546875 0.54375 0.0109375 0.02421875
0 0.66328125 0.575 0.01171875 0.028125
0 0.60625 0.578125 0.0109375 0.02578125
0 0.6046875 0.60546875 0.009375 0.02578125
2 0.5890625 0.63828125 0.01171875 0.04296875
2 0.5875 0.60546875 0.0109375 0.02578125
0 0.59296875 0.571875 0.0109375 0.021875
0 0.6703125 0.6109375 0.01171875 0.02578125
0 0.671875 0.63828125 0.01171875 0.028125
0 0.6515625 0.6390625 0.0109375 0.02578125
0 0.65 0.60078125 0.009375 0.02421875
0 0.6453125 0.571875 0.009375 0.021875
0 0.6390625 0.5484375 0.00859375 0.021875
0 0.6359375 0.52578125 0.0109375 0.021875
0 0.634375 0.51015625 0.009375 0.01640625
0 0.63359375 0.49453125 0.0109375 0.01875
0 0.82109375 0.94140625 0.0234375 0.05
0 0.8703125 0.91328125 0.0234375 0.0484375
0 0.88828125 0.959375 0.0265625 0.05546875
0 0.9 0.915625 0.02265625 0.04609375
0 0.921875 0.9703125 0.02734375 0.0484375
0 0.93828125 0.921875 0.03203125 0.059375
0 0.96484375 0.91171875 0.0390625 0.06875
0 0.67890625 0.65703125 0.01171875 0.0296875
0 0.590625 0.584375 0.0109375 0.0203125
0 0.71484375 0.475 0.01171875 0.02421875