0 0.659375 0.884375 0.03046875 0.071875
0 0.6046875 0.86953125 0.02734375 0.06484375
0 0.634375 0.7265625 0.01953125 0.04609375
0 0.58671875 0.6609375 0.015625 0.040625
0 0.634375 0.59921875 0.0171875 0.0390625
0 0.575 0.603125 0.0171875 0.03515625
0 0.50703125 0.7640625 0.01640625 0.0609375
0 0.57265625 0.5484375 0.0125 0.0296875
0 0.6171875 0.53046875 0.0140625 0.03125
0 0.59296875 0.59375 0.01484375 0.03125
0 0.51171875 0.59375 0.0140625 0.04296875
0 0.5984375 0.52421875 0.0140625 0.0296875
0 0.490625 0.51015625 0.01875 0.03125
0 0.56796875 0.42578125 0.0265625 0.0296875
0 0.590625 0.44609375 0.02421875 0.02578125
0 0.446875 0.475 0.0234375 0.03125
0 0.603125 0.553125 0.01875 0.03515625
0 0.48359375 0.45 0.0265625 0.0296875