0 0.4421875 0.75625 0.0265625 0.05703125
1 0.38984375 0.71953125 0.034375 0.0984375
0 0.646875 0.65859375 0.028125 0.04296875
0 0.62890625 0.57109375 0.021875 0.0390625
0 0.62421875 0.61953125 0.02421875 0.04609375
0 0.659375 0.63359375 0.0234375 0.040625
0 0.6859375 0.584375 0.02265625 0.0390625
0 0.32109375 0.42109375 0.01875 0.05703125
0 0.38203125 0.39140625 0.0125 0.03125
0 0.39765625 0.36875 0.015625 0.03359375
0 0.3109375 0.2703125 0.0109375 0.03359375
0 0.3828125 0.24375 0.0140625 0.02421875
0 0.3765625 0.30625 0.015625 0.03125
0 0.3828125 0.33515625 0.015625 0.0296875
0 0.3265625 0.3734375 0.0109375 0.03515625
0 0.32421875 0.2859375 0.0140625 0.0390625
0 0.36875 0.246875 0.0125 0.03125
0 0.7109375 0.725 0.02734375 0.05
0 0.3703125 0.36484375 0.01484375 0.0296875
0 0.3625 0.340625 0.01484375 0.03359375
0 0.321875 0.15625 0.009375 0.02421875
0 0.34375 0.1765625 0.01171875 0.02421875
0 0.31953125 0.196875 0.009375 0.02421875
0 0.415625 0.265625 0.0125 0.02421875
0 0.40859375 0.19140625 0.01484375 0.0203125
0 0.35703125 0.16484375 0.0109375 0.021875
0 0.66484375 0.5890625 0.0234375 0.040625
0 0.8140625 0.77421875 0.07734375 0.10703125