0 0.39140625 0.93359375 0.028125 0.10390625
0 0.4359375 0.6796875 0.02734375 0.09609375
0 0.59453125 0.06796875 0.0234375 0.08359375
0 0.53828125 0.1015625 0.02734375 0.08515625
0 0.56328125 0.34921875 0.02421875 0.09453125
0 0.38125 0.03046875 0.021875 0.0609375
0 0.45 0.0859375 0.021875 0.08359375
0 0.59140625 0.634375 0.0265625 0.09453125
0 0.5609375 0.60390625 0.028125 0.1
0 0.55078125 0.79453125 0.025 0.0890625
0 0.5859375 0.840625 0.0296875 0.1
0 0.6203125 0.7890625 0.028125 0.1
0 0.44765625 0.3453125 0.02421875 0.090625
0 0.3390625 0.76953125 0.0390625 0.090625
0 0.76640625 0.50703125 0.04609375 0.0703125
0 0.01953125 0.68203125 0.0390625 0.05
1 0.4125 0.14375 0.034375 0.20546875
0 0.6484375 0.68125 0.03515625 0.1
0 0.5125 0.30546875 0.0375 0.0890625
0 0.52890625 0.4109375 0.03828125 0.08515625
0 0.484375 0.71328125 0.0328125 0.09296875
0 0.50234375 0.8390625 0.0265625 0.1
0 0.803125 0.409375 0.05390625 0.0515625
0 0.8328125 0.346875 0.0546875 0.05390625
0 0.9171875 0.31484375 0.053125 0.0515625
0 0.9828125 0.28671875 0.0328125 0.0484375