2 0.8390625 0.25078125 0.015625 0.028125
0 0.7296875 0.14609375 0.01171875 0.02578125
0 0.71171875 0.08046875 0.0109375 0.0203125
0 0.63046875 0.16171875 0.00859375 0.0203125
0 0.69453125 0.21328125 0.0109375 0.01875
0 0.65234375 0.140625 0.009375 0.01875
0 0.7125 0.21875 0.009375 0.01875
0 0.621875 0.20703125 0.00859375 0.021875
0 0.66484375 0.15625 0.00859375 0.0203125
0 0.73359375 0.27421875 0.0140625 0.021875
0 0.6015625 0.08671875 0.009375 0.01875
0 0.60859375 0.19375 0.0109375 0.0203125
0 0.665625 0.171875 0.00859375 0.01875
0 0.66875 0.1890625 0.01171875 0.021875
0 0.675 0.22109375 0.0109375 0.02421875
0 0.68203125 0.23984375 0.00859375 0.02421875
0 0.61640625 0.2390625 0.009375 0.021875
0 0.6171875 0.26328125 0.01171875 0.021875
2 0.596875 0.2453125 0.00859375 0.03125
0 0.60234375 0.21875 0.009375 0.01875
0 0.68515625 0.26015625 0.0109375 0.0203125
0 0.6890625 0.2765625 0.01171875 0.0203125
0 0.66484375 0.25859375 0.01171875 0.0203125
0 0.6625 0.23828125 0.0109375 0.02421875
0 0.6546875 0.2140625 0.01171875 0.0203125
0 0.64921875 0.18671875 0.009375 0.021875
0 0.64609375 0.17421875 0.0109375 0.01875
0 0.64375 0.16015625 0.0109375 0.0203125
0 0.88125 0.48359375 0.02265625 0.040625
0 0.89921875 0.525 0.021875 0.04296875
0 0.91328125 0.56328125 0.0265625 0.0484375
0 0.92890625 0.52578125 0.021875 0.040625
0 0.95234375 0.5765625 0.02421875 0.04296875
0 0.98828125 0.5953125 0.01953125 0.05390625
1 0.9671875 0.52890625 0.03203125 0.05703125
1 0.9703125 0.47890625 0.03984375 0.06484375
0 0.93125 0.471875 0.02421875 0.04453125
0 0.76875 0.178125 0.015625 0.02578125
0 0.9765625 0.63203125 0.02734375 0.05
0 0.95078125 0.73359375 0.03828125 0.059375
0 0.64140625 0.43828125 0.01484375 0.0390625
0 0.75 0.2265625 0.015625 0.028125