2 0.79921875 0.675 0.01484375 0.03515625
0 0.82265625 0.76015625 0.0203125 0.02421875
0 0.565625 0.65078125 0.01875 0.02421875
0 0.6046875 0.5765625 0.0109375 0.02421875
0 0.66796875 0.5484375 0.009375 0.01875
0 0.65234375 0.534375 0.009375 0.02421875
0 0.6390625 0.55 0.00859375 0.02578125
0 0.64375 0.57109375 0.009375 0.0203125
0 0.64609375 0.60078125 0.0109375 0.02421875
0 0.65234375 0.6265625 0.01171875 0.028125
0 0.603125 0.63984375 0.0109375 0.028125
0 0.59921875 0.6765625 0.00859375 0.028125
2 0.58203125 0.7265625 0.01171875 0.04296875
2 0.5828125 0.68828125 0.0125 0.0390625
0 0.5890625 0.6453125 0.009375 0.0203125
0 0.65625 0.66484375 0.01171875 0.02578125
0 0.66171875 0.70625 0.0125 0.03125
0 0.6421875 0.6984375 0.0109375 0.02578125
0 0.64140625 0.67109375 0.009375 0.02421875
0 0.6390625 0.64609375 0.009375 0.021875
0 0.63359375 0.625 0.00859375 0.02421875
0 0.6296875 0.5984375 0.0109375 0.021875
0 0.62890625 0.578125 0.009375 0.021875
0 0.625 0.5515625 0.009375 0.01875
0 0.71171875 0.5203125 0.01171875 0.02578125
0 0.64609375 0.7359375 0.0125 0.028125
0 0.6671875 0.7453125 0.0125 0.028125
2 0.60234375 0.73203125 0.01171875 0.0390625
0 0.6 0.70546875 0.0109375 0.02578125
0 0.584375 0.6640625 0.00859375 0.01640625
0 0.6953125 0.546875 0.01171875 0.02421875
0 0.70625 0.6359375 0.01171875 0.02421875
0 0.7625 0.68828125 0.0140625 0.028125