0 0.44765625 0.2515625 0.02265625 0.08125
0 0.43125 0.60390625 0.0234375 0.1
0 0.4796875 0.58203125 0.01953125 0.071875
0 0.51875 0.60625 0.01953125 0.08671875
1 0.32421875 0.71484375 0.0703125 0.1
0 0.58671875 0.684375 0.0234375 0.0984375
2 0.37578125 0.31640625 0.0328125 0.2296875
0 0.4171875 0.32109375 0.0234375 0.090625
0 0.45 0.0296875 0.02265625 0.059375
0 0.41484375 0.090625 0.0234375 0.08125
0 0.38359375 0.08828125 0.0171875 0.071875
2 0.6515625 0.68359375 0.0703125 0.2109375
0 0.54765625 0.75703125 0.0234375 0.1
0 0.57890625 0.94609375 0.021875 0.10390625
0 0.5484375 0.940625 0.0234375 0.1
0 0.61796875 0.9046875 0.0234375 0.090625
0 0.48203125 0.03125 0.0203125 0.0625
0 0.4890625 0.24921875 0.0234375 0.0796875
0 0.5046875 0.91875 0.02265625 0.1
0 0.8171875 0.4 0.053125 0.04453125
0 0.834375 0.34375 0.053125 0.04609375
0 0.91484375 0.3109375 0.05 0.04453125
0 0.98125 0.28125 0.03203125 0.03671875