0 0.40625 0.86640625 0.0234375 0.1
0 0.57890625 0.07578125 0.0234375 0.08125
0 0.5609375 0.3 0.0234375 0.0890625
0 0.6015625 0.32578125 0.0234375 0.08515625
1 0.56328125 0.47578125 0.0234375 0.1
0 0.51484375 0.30546875 0.0390625 0.09296875
0 0.53203125 0.41484375 0.03984375 0.0890625
0 0.5484375 0.925 0.0234375 0.090625
0 0.41171875 0.33671875 0.0203125 0.08125
0 0.4125 0.5296875 0.01953125 0.08125
0 0.46640625 0.6390625 0.034375 0.09609375
0 0.4984375 0.7796875 0.028125 0.1
0 0.50703125 0.9140625 0.0234375 0.109375
0 0.803125 0.41171875 0.05546875 0.05390625
0 0.83359375 0.35078125 0.05390625 0.05390625
0 0.9171875 0.31953125 0.053125 0.05
0 0.98203125 0.290625 0.034375 0.0484375