0 0.55546875 0.253125 0.0265625 0.05
0 0.40703125 0.828125 0.075 0.22578125
0 0.8796875 0.53828125 0.06171875 0.0984375
0 0.29609375 0.60078125 0.06171875 0.13125
0 0.5015625 0.72890625 0.05625 0.190625
0 0.646875 0.31953125 0.0359375 0.05390625
0 0.403125 0.3890625 0.03203125 0.078125
0 0.4515625 0.3859375 0.03515625 0.0984375
0 0.4109375 0.3140625 0.02734375 0.0609375
0 0.4578125 0.29296875 0.02421875 0.0515625
0 0.3984375 0.22109375 0.01953125 0.04296875
0 0.4296875 0.20625 0.021875 0.04609375
0 0.46171875 0.21875 0.01953125 0.040625
0 0.50625 0.19375 0.01953125 0.0390625
1 0.621875 0.4765625 0.05390625 0.1203125
0 0.6 0.28359375 0.03203125 0.0515625