2 0.375 0.7296875 0.07421875 0.23359375
0 0.45234375 0.38515625 0.021875 0.0484375
0 0.4671875 0.71953125 0.0546875 0.14296875
0 0.3109375 0.6796875 0.06953125 0.13671875
0 0.21171875 0.69921875 0.08203125 0.128125
0 0.3 0.55703125 0.0546875 0.09296875
0 0.35546875 0.56875 0.05078125 0.0890625
0 0.4125 0.56328125 0.03984375 0.09296875
0 0.471875 0.58828125 0.04296875 0.1015625
0 0.415625 0.340625 0.025 0.03359375
0 0.37578125 0.47890625 0.03828125 0.08671875
0 0.43203125 0.471875 0.0359375 0.059375
0 0.44296875 0.41875 0.0265625 0.04453125
0 0.45234375 0.36015625 0.0171875 0.03125