0 0.4484375 0.2109375 0.021875 0.08125
0 0.434375 0.54921875 0.0234375 0.0984375
0 0.48046875 0.534375 0.01953125 0.071875
0 0.51875 0.6453125 0.01953125 0.08671875
1 0.31640625 0.70078125 0.071875 0.09453125
0 0.5875 0.721875 0.0234375 0.1
2 0.378125 0.2984375 0.0328125 0.2296875
0 0.4171875 0.29140625 0.0234375 0.090625
0 0.41484375 0.07578125 0.0234375 0.08125
0 0.3828125 0.0640625 0.0171875 0.071875
2 0.64609375 0.70703125 0.06328125 0.2109375
0 0.546875 0.790625 0.0234375 0.1
0 0.57890625 0.96171875 0.02421875 0.06875
0 0.54609375 0.959375 0.0234375 0.07421875
0 0.6171875 0.9234375 0.0234375 0.090625
0 0.48828125 0.23125 0.0234375 0.08125
0 0.503125 0.93359375 0.021875 0.1
0 0.8203125 0.4 0.053125 0.04453125
0 0.8328125 0.3453125 0.053125 0.04609375
0 0.915625 0.3109375 0.0484375 0.04453125
0 0.98125 0.28125 0.03125 0.03671875