0 0.525 0.06640625 0.01875 0.07421875
0 0.5828125 0.071875 0.0234375 0.08125
2 0.365625 0.71171875 0.0421875 0.2390625
0 0.4078125 0.78515625 0.0234375 0.1
0 0.4515625 0.51171875 0.0234375 0.09453125
0 0.41015625 0.51484375 0.0234375 0.0890625
0 0.3828125 0.45703125 0.01953125 0.08125
0 0.38359375 0.28671875 0.0203125 0.1
0 0.55390625 0.23515625 0.0234375 0.08125
0 0.590625 0.3515625 0.0234375 0.08125
0 0.55625 0.428125 0.0234375 0.08125
0 0.5890625 0.6515625 0.0203125 0.08125
0 0.41640625 0.16640625 0.0203125 0.08125
0 0.68125 0.603125 0.03828125 0.071875
0 0.6359375 0.75078125 0.02734375 0.0984375
0 0.21484375 0.63671875 0.053125 0.04453125
0 0.49140625 0.20546875 0.0203125 0.08125
0 0.50546875 0.321875 0.028125 0.08125
0 0.49453125 0.7546875 0.028125 0.090625
0 0.5078125 0.91640625 0.0234375 0.1
0 0.8015625 0.40859375 0.053125 0.04609375
0 0.8328125 0.3484375 0.053125 0.0484375
0 0.9140625 0.31640625 0.05078125 0.04453125
0 0.98046875 0.290625 0.03515625 0.04453125