0 0.528125 0.33125 0.04296875 0.0890625
0 0.55390625 0.45546875 0.04296875 0.08125
0 0.3515625 0.49296875 0.05078125 0.06328125
0 0.44453125 0.6015625 0.04296875 0.08125
0 0.49921875 0.75390625 0.028125 0.1
0 0.6296875 0.4015625 0.021875 0.08125
0 0.80546875 0.4109375 0.0546875 0.04453125
0 0.83671875 0.35078125 0.053125 0.05
0 0.91875 0.31796875 0.053125 0.05
0 0.98359375 0.2890625 0.0296875 0.0484375
0 0.5046875 0.91875 0.0234375 0.1
0 0.10234375 0.64296875 0.0578125 0.0515625
0 0.590625 0.4203125 0.021875 0.08125