0 0.4953125 0.83125 0.02265625 0.06640625
0 0.52265625 0.80703125 0.0203125 0.059375
0 0.5046875 0.73046875 0.0203125 0.05390625
1 0.50078125 0.60703125 0.02265625 0.0703125
1 0.528125 0.57109375 0.0140625 0.03125
2 0.559375 0.37421875 0.02421875 0.0515625
0 0.47578125 0.7609375 0.02265625 0.06328125
0 0.578125 0.66328125 0.0171875 0.03671875
0 0.60859375 0.53984375 0.0140625 0.03125
0 0.45390625 0.9140625 0.0265625 0.08359375
0 0.4828125 0.92890625 0.025 0.071875
2 0.51328125 0.88984375 0.02265625 0.090625