0 0.5984375 0.60078125 0.015625 0.03515625
0 0.60859375 0.9046875 0.021875 0.06484375
0 0.62890625 0.67421875 0.021875 0.04453125
2 0.43203125 0.78984375 0.0421875 0.15390625
0 0.51640625 0.94609375 0.0203125 0.06640625
0 0.5125 0.85546875 0.0234375 0.0703125
0 0.48515625 0.86875 0.0234375 0.07421875
0 0.51484375 0.78125 0.0203125 0.06328125
0 0.4890625 0.7609375 0.0171875 0.0515625
0 0.5421875 0.790625 0.0203125 0.059375
0 0.521875 0.62890625 0.01640625 0.04296875
0 0.5015625 0.60546875 0.01484375 0.040625
0 0.5046875 0.54140625 0.015625 0.03515625
0 0.52421875 0.575 0.01640625 0.0390625
0 0.52421875 0.528125 0.01484375 0.03359375
0 0.5265625 0.48984375 0.01484375 0.03125
0 0.51015625 0.4640625 0.0125 0.028125
0 0.6515625 0.22109375 0.0671875 0.1390625
0 0.3921875 0.3765625 0.07890625 0.15390625
0 0.46796875 0.5109375 0.02421875 0.02578125
0 0.525 0.46015625 0.01484375 0.028125
0 0.52734375 0.428125 0.0140625 0.02578125
0 0.590625 0.734375 0.01640625 0.04609375
0 0.66484375 0.94921875 0.028125 0.07578125
0 0.60625 0.70546875 0.01953125 0.04453125