0 0.67890625 0.9609375 0.0296875 0.0703125
0 0.64609375 0.63671875 0.01640625 0.040625
0 0.63046875 0.77421875 0.01875 0.05546875
0 0.69296875 0.81640625 0.0265625 0.059375
0 0.62421875 0.6890625 0.021875 0.0484375
0 0.61015625 0.4203125 0.0140625 0.021875
0 0.615625 0.584375 0.0140625 0.0390625
0 0.67265625 0.69921875 0.0203125 0.05
0 0.54765625 0.9640625 0.02421875 0.0609375
0 0.52578125 0.8703125 0.02421875 0.07421875
0 0.62421875 0.5140625 0.0140625 0.028125
0 0.72578125 0.3359375 0.11640625 0.18359375