0 0.440625 0.721875 0.0234375 0.08125
0 0.52734375 0.2453125 0.0234375 0.0796875
1 0.3578125 0.91171875 0.028125 0.128125
0 0.58671875 0.2796875 0.0234375 0.08125
2 0.36875 0.58046875 0.03828125 0.2390625
0 0.4140625 0.61953125 0.0234375 0.090625
0 0.4515625 0.31796875 0.0234375 0.090625
0 0.4125 0.359375 0.02265625 0.0890625
0 0.38359375 0.33125 0.01953125 0.07421875
0 0.38203125 0.16875 0.0203125 0.1
2 0.7453125 0.521875 0.1140625 0.14453125
0 0.5546875 0.409375 0.0234375 0.08125
0 0.5890625 0.56953125 0.02265625 0.09453125
0 0.5546875 0.615625 0.0234375 0.08671875
0 0.58515625 0.81875 0.0234375 0.0890625
0 0.415625 0.06640625 0.0203125 0.08125
0 0.64375 0.70390625 0.0328125 0.08125
0 0.625 0.83828125 0.025 0.0984375
0 0.1703125 0.640625 0.053125 0.04453125
0 0.4859375 0.16875 0.01953125 0.08125
0 0.5 0.3015625 0.02734375 0.08125
0 0.5 0.790625 0.025 0.09296875
0 0.5046875 0.95703125 0.025 0.078125
0 0.8015625 0.40546875 0.053125 0.0484375
0 0.8328125 0.34453125 0.053125 0.0484375
0 0.9140625 0.31484375 0.05078125 0.04453125
0 0.98125 0.2859375 0.034375 0.04296875