2 0.36015625 0.81875 0.0515625 0.2515625
0 0.4015625 0.934375 0.03046875 0.10546875
0 0.446875 0.675 0.025 0.1015625
0 0.40703125 0.65703125 0.0265625 0.09609375
0 0.3796875 0.546875 0.0234375 0.08359375
0 0.384375 0.3890625 0.025 0.1
2 0.859375 0.459375 0.1234375 0.1
0 0.55234375 0.0953125 0.02421875 0.08671875
0 0.5890625 0.1796875 0.0234375 0.08125
0 0.55390625 0.284375 0.0234375 0.08359375
1 0.59140625 0.515625 0.0203125 0.08359375
0 0.4171875 0.2640625 0.02265625 0.08671875
0 0.41953125 0.06015625 0.02421875 0.090625
0 0.45390625 0.0453125 0.0234375 0.07578125
0 0.58515625 0.89296875 0.02421875 0.09296875
0 0.5515625 0.88984375 0.02421875 0.109375
0 0.72265625 0.54375 0.040625 0.06875
0 0.65546875 0.6796875 0.03515625 0.09296875
0 0.23828125 0.64296875 0.053125 0.04453125
0 0.49296875 0.221875 0.02421875 0.08515625
0 0.5125 0.346875 0.03203125 0.08359375
0 0.49296875 0.73984375 0.03046875 0.090625
0 0.5078125 0.8890625 0.02734375 0.10390625
0 0.80234375 0.41015625 0.05390625 0.05
0 0.8328125 0.34921875 0.053125 0.05
0 0.91484375 0.31796875 0.05078125 0.04609375
0 0.98203125 0.28671875 0.03203125 0.04453125