2 0.8171875 0.51171875 0.01484375 0.03515625
0 0.74375 0.478125 0.01171875 0.02578125
0 0.75 0.434375 0.01171875 0.02421875
0 0.7046875 0.36015625 0.0109375 0.0203125
0 0.63359375 0.3546875 0.00859375 0.0203125
0 0.6640625 0.36796875 0.009375 0.0203125
0 0.64375 0.3703125 0.009375 0.01875
0 0.675 0.39609375 0.00859375 0.021875
0 0.6203125 0.4 0.00859375 0.01875
0 0.6515625 0.40078125 0.00859375 0.0203125
0 0.69375 0.45625 0.0109375 0.02421875
0 0.5859375 0.4015625 0.009375 0.01875
0 0.60390625 0.45625 0.0109375 0.0203125
0 0.696875 0.5484375 0.0140625 0.0296875
0 0.65078125 0.41953125 0.00859375 0.0203125
0 0.65546875 0.43671875 0.00859375 0.021875
0 0.6609375 0.46796875 0.0109375 0.02421875
0 0.6671875 0.4984375 0.0109375 0.02578125
0 0.609375 0.49453125 0.009375 0.021875
0 0.6078125 0.52109375 0.0125 0.028125
0 0.61015625 0.54921875 0.01171875 0.0203125
2 0.590625 0.54609375 0.0140625 0.0296875
2 0.590625 0.5140625 0.0109375 0.03515625
0 0.59609375 0.484375 0.0109375 0.02421875
0 0.6734375 0.5265625 0.01171875 0.02421875
0 0.675 0.54921875 0.0125 0.028125
0 0.65546875 0.55390625 0.0109375 0.0296875
0 0.65234375 0.5203125 0.01171875 0.0296875
0 0.65 0.49375 0.01171875 0.028125
0 0.6421875 0.46953125 0.00859375 0.02421875
0 0.6390625 0.44296875 0.009375 0.021875
0 0.63828125 0.428125 0.0109375 0.01875
0 0.6359375 0.415625 0.0109375 0.0203125
0 0.8171875 0.81484375 0.025 0.0484375
0 0.85859375 0.765625 0.0234375 0.04609375
0 0.875 0.80859375 0.021875 0.04296875
0 0.88984375 0.85546875 0.02734375 0.0484375
0 0.9 0.81015625 0.025 0.04296875
0 0.9234375 0.865625 0.03046875 0.05
0 0.96640625 0.88671875 0.03203125 0.05546875
1 0.940625 0.8140625 0.034375 0.06484375
1 0.95859375 0.79140625 0.03828125 0.06484375
0 0.91640625 0.76953125 0.02421875 0.04296875
0 0.990625 0.95390625 0.01640625 0.04453125
0 0.95390625 0.93515625 0.03125 0.0515625
0 0.59296875 0.496875 0.009375 0.01640625
0 0.67578125 0.3953125 0.009375 0.0203125