2 0.13125 0.76953125 0.2625 0.44609375
0 0.296875 0.7515625 0.09765625 0.17421875
0 0.4078125 0.7046875 0.07734375 0.19453125
0 0.503125 0.66328125 0.0625 0.159375
0 0.42890625 0.55 0.046875 0.1
0 0.3703125 0.54140625 0.05859375 0.0984375
0 0.39921875 0.46171875 0.040625 0.071875
0 0.45 0.48203125 0.03203125 0.08671875
0 0.4546875 0.421875 0.0296875 0.05546875
0 0.415625 0.421875 0.0296875 0.05546875
0 0.425 0.3953125 0.02734375 0.04609375
0 0.4734375 0.35859375 0.021875 0.04296875
0 0.446875 0.34453125 0.01953125 0.040625
0 0.5671875 0.43359375 0.034375 0.06328125