0 0.0609375 0.828125 0.121875 0.23359375
0 0.315625 0.5109375 0.0640625 0.13359375
0 0.19453125 0.71484375 0.10546875 0.20390625
0 0.32734375 0.665625 0.0796875 0.1609375
0 0.403125 0.70078125 0.0796875 0.209375
1 0.25859375 0.465625 0.06875 0.15
0 0.3765625 0.52421875 0.046875 0.0890625
1 0.45625 0.30625 0.0203125 0.05390625
0 0.3625 0.425 0.0328125 0.05
0 0.40078125 0.44609375 0.03828125 0.0703125
0 0.40703125 0.3953125 0.02734375 0.03515625
0 0.4234375 0.371875 0.0234375 0.040625
0 0.42890625 0.34453125 0.02265625 0.02578125