0 0.35625 0.946875 0.0234375 0.0984375
0 0.5703125 0.08671875 0.0234375 0.08125
0 0.4125 0.47890625 0.0234375 0.090625
0 0.30546875 0.7296875 0.053125 0.08125
1 0.39921875 0.80390625 0.0328125 0.221875
0 0.5890625 0.25859375 0.0234375 0.090625
0 0.56328125 0.3640625 0.0234375 0.090625
0 0.6015625 0.45390625 0.0234375 0.1
0 0.5859375 0.5984375 0.0234375 0.1
0 0.5546875 0.6640625 0.0234375 0.09453125
0 0.5875 0.8515625 0.025 0.1
0 0.4421875 0.70390625 0.0234375 0.08125
0 0.08125 0.09453125 0.0296875 0.08125
0 0.88671875 0.43984375 0.053125 0.05390625
1 0.546875 0.88125 0.0234375 0.1109375
0 0.5140625 0.30859375 0.03828125 0.09453125
0 0.53046875 0.415625 0.0375 0.08671875
0 0.41875 0.03359375 0.02265625 0.06640625
0 0.4171875 0.190625 0.0234375 0.08125
0 0.48125 0.690625 0.0328125 0.1
0 0.50234375 0.821875 0.028125 0.1
0 0.50625 0.95859375 0.0234375 0.07578125
0 0.80078125 0.41171875 0.053125 0.05390625
0 0.83203125 0.346875 0.053125 0.05390625
0 0.9140625 0.3203125 0.053125 0.04453125
0 0.98203125 0.28984375 0.034375 0.04609375