0 0.4484375 0.1359375 0.0234375 0.09453125
0 0.48125 0.1453125 0.01953125 0.071875
0 0.509375 0.953125 0.0234375 0.08671875
1 0.196875 0.64296875 0.07421875 0.0484375
0 0.5796875 0.95703125 0.02421875 0.078125
2 0.378125 0.10078125 0.03203125 0.2015625
0 0.41875 0.11328125 0.0234375 0.08515625
2 0.6234375 0.90390625 0.04296875 0.18515625
0 0.48125 0.046875 0.01875 0.07578125
0 0.9578125 0.35390625 0.053125 0.04453125
0 0.83125 0.3453125 0.0515625 0.04609375
0 0.91328125 0.31484375 0.0515625 0.0484375
0 0.9796875 0.284375 0.03515625 0.0390625