0 0.67265625 0.878125 0.02734375 0.07421875
0 0.61328125 0.84921875 0.02734375 0.06484375
0 0.63671875 0.68671875 0.021875 0.04453125
0 0.54609375 0.79140625 0.01875 0.0609375
0 0.5890625 0.6265625 0.01484375 0.04296875
0 0.6375 0.5890625 0.01640625 0.03671875
0 0.575 0.565625 0.0171875 0.03515625
0 0.5125 0.55859375 0.0125 0.03515625
0 0.5734375 0.5140625 0.0125 0.03125
0 0.61796875 0.50625 0.01171875 0.03125
0 0.59140625 0.5359375 0.01484375 0.028125
0 0.5109375 0.4703125 0.01484375 0.0296875
0 0.5921875 0.45703125 0.0125 0.02578125
0 0.478125 0.434375 0.01875 0.03125
0 0.6 0.49375 0.015625 0.028125