0 0.371875 0.76640625 0.02421875 0.08515625
0 0.39765625 0.65703125 0.028125 0.10703125
2 0.94765625 0.42578125 0.10078125 0.09296875
1 0.5890625 0.21484375 0.02265625 0.08515625
0 0.4140625 0.47421875 0.025 0.09296875
0 0.384375 0.215625 0.02265625 0.08671875
0 0.415625 0.24140625 0.025 0.09453125
0 0.453125 0.23203125 0.0234375 0.07578125
0 0.59375 0.634375 0.02734375 0.09453125
0 0.559375 0.68359375 0.02734375 0.1109375
0 0.5796875 0.965625 0.02734375 0.06484375
0 0.54765625 0.88125 0.02734375 0.1
0 0.72265625 0.5515625 0.046875 0.078125
0 0.27578125 0.66015625 0.0515625 0.05390625
0 0.63515625 0.86484375 0.03203125 0.09609375
0 0.5 0.25859375 0.03125 0.090625
0 0.525 0.39609375 0.034375 0.08125
0 0.48828125 0.7265625 0.03125 0.090625
0 0.50703125 0.8703125 0.02734375 0.10390625
0 0.8046875 0.41328125 0.05625 0.05546875
0 0.83359375 0.35 0.0515625 0.0515625
0 0.91640625 0.31796875 0.0515625 0.05
0 0.98359375 0.2890625 0.03125 0.04453125