0 0.42890625 0.84921875 0.028125 0.1015625
0 0.5578125 0.1859375 0.02421875 0.0984375
0 0.3796875 0.153125 0.0234375 0.08671875
0 0.45078125 0.2140625 0.02265625 0.08359375
0 0.59453125 0.4546875 0.0265625 0.09453125
0 0.565625 0.4609375 0.02734375 0.09609375
0 0.55546875 0.65 0.0234375 0.08515625
0 0.5875 0.66484375 0.0296875 0.1
0 0.62265625 0.66328125 0.028125 0.1
0 0.4421875 0.49140625 0.02421875 0.09453125
0 0.54609375 0.91875 0.02734375 0.0890625
0 0.3484375 0.83515625 0.03125 0.09609375
0 0.05859375 0.665625 0.05625 0.05390625
1 0.4109375 0.22890625 0.0328125 0.20546875
0 0.66328125 0.61015625 0.0375 0.0984375
0 0.5125 0.30546875 0.0375 0.0890625
0 0.52890625 0.4109375 0.03828125 0.08515625
0 0.48359375 0.70703125 0.0328125 0.09296875
0 0.50234375 0.83515625 0.0265625 0.1
0 0.803125 0.40859375 0.05390625 0.05
0 0.83359375 0.346875 0.05546875 0.05390625
0 0.915625 0.315625 0.053125 0.05390625
0 0.98203125 0.2859375 0.034375 0.05