2 0.78828125 0.73984375 0.0140625 0.03515625
0 0.6375 0.57578125 0.00859375 0.021875
0 0.56328125 0.7234375 0.0203125 0.028125
0 0.61171875 0.56015625 0.0109375 0.02421875
0 0.63125 0.59296875 0.00859375 0.02578125
0 0.63671875 0.6140625 0.009375 0.0203125
0 0.63828125 0.64609375 0.00859375 0.02578125
0 0.64453125 0.6796875 0.009375 0.02578125
0 0.5984375 0.7 0.0109375 0.02578125
0 0.59375 0.7296875 0.009375 0.021875
2 0.57734375 0.796875 0.01171875 0.04296875
2 0.57734375 0.75546875 0.0125 0.040625
0 0.58671875 0.7046875 0.01171875 0.02421875
0 0.646875 0.70859375 0.0109375 0.02421875
0 0.6515625 0.7453125 0.0109375 0.028125
0 0.6359375 0.76484375 0.009375 0.0296875
0 0.634375 0.73828125 0.0109375 0.02421875
0 0.63203125 0.715625 0.0109375 0.02421875
0 0.6265625 0.68671875 0.009375 0.02578125
0 0.621875 0.64296875 0.009375 0.021875
0 0.62109375 0.61796875 0.009375 0.0203125
0 0.6203125 0.59609375 0.01171875 0.021875
0 0.7234375 0.71171875 0.0125 0.028125
0 0.76015625 0.7234375 0.01484375 0.03125
0 0.725 0.65859375 0.01171875 0.02421875
0 0.70546875 0.83515625 0.0125 0.021875
0 0.6625 0.82578125 0.01171875 0.02578125
0 0.64140625 0.8234375 0.0125 0.028125
0 0.6390625 0.7953125 0.0125 0.028125
0 0.65703125 0.79296875 0.01171875 0.02578125
0 0.6 0.83203125 0.009375 0.01328125
2 0.5953125 0.78984375 0.01171875 0.04296875
0 0.59453125 0.75390625 0.0109375 0.03359375
0 0.58046875 0.73046875 0.0109375 0.0203125
0 0.6875 0.59921875 0.009375 0.0203125
0 0.678125 0.6046875 0.00859375 0.0203125
0 0.7046875 0.58046875 0.0109375 0.0203125
0 0.73515625 0.80078125 0.0125 0.03125