1 0.415625 0.94453125 0.040625 0.0890625
0 0.43125 0.9 0.025 0.0484375
0 0.64140625 0.803125 0.025 0.04609375
0 0.62578125 0.7109375 0.02265625 0.040625
0 0.61484375 0.75078125 0.02421875 0.04609375
0 0.6453125 0.75859375 0.025 0.04609375
0 0.659375 0.68046875 0.0203125 0.0390625
0 0.32578125 0.56875 0.01640625 0.05546875
0 0.3890625 0.53984375 0.0140625 0.03125
0 0.4 0.50859375 0.0125 0.03125
0 0.31953125 0.47421875 0.01171875 0.03359375
0 0.44375 0.521875 0.01640625 0.0296875
0 0.3859375 0.4609375 0.01484375 0.03359375
0 0.3921875 0.490625 0.015625 0.0296875
0 0.328125 0.540625 0.009375 0.0296875
0 0.32890625 0.42421875 0.0140625 0.040625
0 0.4171875 0.509375 0.01484375 0.03359375
0 0.67734375 0.77578125 0.02265625 0.0484375
0 0.38125 0.51640625 0.015625 0.0296875
0 0.3703125 0.490625 0.0140625 0.03359375
0 0.32890625 0.35 0.0109375 0.02578125
0 0.38125 0.39921875 0.0140625 0.02421875
0 0.31875 0.39375 0.0109375 0.028125
0 0.40546875 0.4203125 0.01484375 0.02578125
0 0.4828125 0.41015625 0.0171875 0.03125
0 0.5140625 0.43125 0.01484375 0.03359375
0 0.50625 0.46328125 0.0171875 0.0296875
0 0.4609375 0.44375 0.015625 0.028125
0 0.44375 0.4515625 0.015625 0.02578125
0 0.5640625 0.83671875 0.021875 0.0484375
0 0.63984375 0.69375 0.021875 0.0390625
2 0.7265625 0.7984375 0.0546875 0.1