0 0.52421875 0.321875 0.03828125 0.09609375
0 0.5484375 0.44296875 0.04296875 0.08125
0 0.56171875 0.11640625 0.0234375 0.08125
0 0.5921875 0.040625 0.0234375 0.08125
0 0.38359375 0.50703125 0.0484375 0.06640625
0 0.4609375 0.6296875 0.04296875 0.08125
0 0.50546875 0.78359375 0.0265625 0.1
0 0.63125 0.471875 0.021875 0.08125
0 0.80546875 0.4109375 0.0546875 0.04453125
0 0.83671875 0.35078125 0.053125 0.05
0 0.91875 0.31796875 0.053125 0.05
0 0.98359375 0.2890625 0.0296875 0.0484375
0 0.50625 0.94296875 0.0234375 0.1
0 0.0796875 0.64609375 0.0578125 0.0515625
0 0.5921875 0.56171875 0.02265625 0.08671875