0 0.4484375 0.03515625 0.021875 0.0703125
0 0.446875 0.2234375 0.0234375 0.090625
0 0.484375 0.253125 0.01953125 0.071875
0 0.5140625 0.88515625 0.0203125 0.08125
1 0.2453125 0.65546875 0.0734375 0.06328125
0 0.58203125 0.93515625 0.0234375 0.1
2 0.378125 0.14609375 0.03046875 0.2296875
0 0.4203125 0.13828125 0.0234375 0.090625
0 0.41796875 0.02890625 0.0234375 0.05703125
2 0.62578125 0.8640625 0.04609375 0.228125
0 0.540625 0.95703125 0.0234375 0.078125
0 0.48203125 0.09296875 0.0203125 0.08125
0 0.89140625 0.378125 0.053125 0.04453125
0 0.83203125 0.3453125 0.053125 0.04609375
0 0.9140625 0.31484375 0.053125 0.04453125
0 0.9796875 0.28828125 0.03515625 0.04609375