0 0.53203125 0.3390625 0.04296875 0.0890625
0 0.5578125 0.46328125 0.04296875 0.08125
0 0.334375 0.48671875 0.05078125 0.06328125
0 0.4328125 0.58671875 0.04296875 0.08125
0 0.49609375 0.73984375 0.03125 0.0984375
0 0.6296875 0.36875 0.021875 0.08125
0 0.80546875 0.4109375 0.0546875 0.04453125
0 0.83671875 0.35078125 0.053125 0.05
0 0.91875 0.31796875 0.053125 0.05
0 0.98359375 0.2890625 0.0296875 0.0484375
0 0.50390625 0.90390625 0.0234375 0.1
0 0.1140625 0.6390625 0.0578125 0.0515625
0 0.5890625 0.3515625 0.021875 0.08125