2 0.425 0.765625 0.04765625 0.15390625
0 0.64921875 0.6796875 0.053125 0.07421875
0 0.6296875 0.5390625 0.0265625 0.040625
0 0.53671875 0.43046875 0.0109375 0.02421875
0 0.490625 0.65078125 0.0296875 0.0609375
0 0.37578125 0.7390625 0.0421875 0.09296875
0 0.39921875 0.5203125 0.02421875 0.04453125
0 0.4296875 0.51796875 0.01953125 0.03515625
0 0.4515625 0.578125 0.02734375 0.04453125
0 0.48984375 0.48125 0.01640625 0.0296875
0 0.465625 0.49375 0.01640625 0.03515625
0 0.475 0.43125 0.0140625 0.021875