2 0.80390625 0.653125 0.01484375 0.03515625
0 0.775 0.7359375 0.015625 0.02421875
0 0.8078125 0.70703125 0.01953125 0.0296875
0 0.6625 0.490625 0.0109375 0.01875
0 0.5640625 0.61171875 0.01171875 0.0203125
0 0.60390625 0.56953125 0.0109375 0.02421875
0 0.6796875 0.571875 0.009375 0.01875
0 0.6609375 0.553125 0.009375 0.02421875
0 0.64140625 0.534375 0.0078125 0.0203125
0 0.6453125 0.5546875 0.009375 0.0203125
0 0.64921875 0.5859375 0.0109375 0.02421875
0 0.65546875 0.61015625 0.0109375 0.028125
0 0.6046875 0.625 0.0109375 0.028125
0 0.60234375 0.65859375 0.00859375 0.028125
2 0.584375 0.70078125 0.0125 0.03515625
2 0.5859375 0.66171875 0.01171875 0.03125
0 0.5921875 0.6265625 0.009375 0.0203125
0 0.6609375 0.65546875 0.01171875 0.02578125
0 0.66640625 0.690625 0.0109375 0.0296875
0 0.6453125 0.678125 0.0109375 0.02578125
0 0.64375 0.65078125 0.009375 0.02421875
0 0.640625 0.62578125 0.009375 0.021875
0 0.634375 0.60078125 0.009375 0.0203125
0 0.63125 0.56328125 0.00859375 0.01875
0 0.62890625 0.54375 0.009375 0.0203125
0 0.88203125 0.978125 0.02265625 0.040625
0 0.9171875 0.97890625 0.02421875 0.03515625
0 0.94453125 0.975 0.028125 0.0390625
0 0.6984375 0.46328125 0.0109375 0.01875
0 0.6515625 0.71796875 0.01171875 0.03125
0 0.671875 0.721875 0.01171875 0.021875
2 0.6046875 0.71171875 0.0109375 0.0390625
0 0.60234375 0.684375 0.01171875 0.02421875
0 0.58828125 0.640625 0.00859375 0.01484375
0 0.68671875 0.48515625 0.0109375 0.021875
0 0.696875 0.559375 0.0125 0.021875
0 0.7453125 0.6109375 0.0140625 0.02578125
0 0.828125 0.97890625 0.0234375 0.03515625