0 0.37421875 0.46484375 0.0234375 0.09609375
0 0.44375 0.5734375 0.0234375 0.08671875
0 0.55625 0.1109375 0.0234375 0.08515625
0 0.55859375 0.3203125 0.021875 0.08125
0 0.5875 0.23515625 0.0234375 0.1
0 0.6234375 0.315625 0.02421875 0.090625
0 0.4265625 0.87421875 0.0234375 0.1
0 0.56640625 0.56328125 0.0234375 0.08125
0 0.8953125 0.43828125 0.053125 0.05390625
0 0.415625 0.16171875 0.0234375 0.090625
0 0.18671875 0.646875 0.053125 0.05
1 0.4078125 0.46953125 0.03046875 0.20546875
0 0.5890625 0.71484375 0.02734375 0.1
0 0.55234375 0.79453125 0.03203125 0.1
0 0.5875 0.9203125 0.02421875 0.1
0 0.4484375 0.19296875 0.0234375 0.08125
0 0.7296875 0.503125 0.05 0.07578125
0 0.5140625 0.3046875 0.03828125 0.09453125
0 0.5296875 0.4140625 0.0375 0.08671875
0 0.48359375 0.70546875 0.0328125 0.1
0 0.5015625 0.82578125 0.02734375 0.1
0 0.5046875 0.96953125 0.025 0.05390625
0 0.803125 0.40703125 0.0546875 0.0484375
0 0.8328125 0.346875 0.0546875 0.05390625
0 0.9140625 0.31796875 0.053125 0.04609375
0 0.98203125 0.28828125 0.034375 0.05