2 0.78515625 0.75859375 0.0140625 0.03515625
0 0.6359375 0.58828125 0.009375 0.02421875
0 0.56171875 0.74453125 0.01875 0.02578125
0 0.628125 0.6046875 0.009375 0.0203125
0 0.634375 0.62578125 0.009375 0.01875
0 0.6359375 0.6609375 0.009375 0.02578125
0 0.6421875 0.6890625 0.0109375 0.0296875
0 0.596875 0.71796875 0.00859375 0.028125
0 0.59296875 0.7484375 0.00859375 0.02578125
2 0.5765625 0.81484375 0.0109375 0.03359375
2 0.5765625 0.77890625 0.0109375 0.0390625
0 0.58671875 0.71171875 0.01171875 0.02421875
0 0.6453125 0.721875 0.00859375 0.021875
0 0.64921875 0.75625 0.0109375 0.03125
0 0.634375 0.78515625 0.0109375 0.0296875
0 0.6328125 0.75703125 0.009375 0.02578125
0 0.63125 0.73046875 0.009375 0.02421875
0 0.62421875 0.696875 0.00859375 0.02421875
0 0.62109375 0.65 0.0078125 0.02578125
0 0.6203125 0.62578125 0.00859375 0.021875
0 0.61875 0.60703125 0.009375 0.021875
0 0.74140625 0.79921875 0.0140625 0.03125
0 0.78046875 0.796875 0.01484375 0.03125
0 0.74140625 0.72421875 0.0125 0.02578125
0 0.7 0.85 0.0125 0.03359375
0 0.659375 0.8359375 0.01171875 0.03125
0 0.63984375 0.84609375 0.0109375 0.02578125
0 0.6375 0.81796875 0.0109375 0.03125
0 0.653125 0.80390625 0.01171875 0.03359375
0 0.596875 0.85078125 0.01171875 0.0203125
2 0.59375 0.796875 0.009375 0.03125
0 0.59375 0.7703125 0.009375 0.021875
0 0.58125 0.74609375 0.009375 0.0296875
0 0.7 0.6765625 0.0109375 0.02421875
0 0.68828125 0.68203125 0.00859375 0.02421875
0 0.709375 0.6234375 0.0109375 0.02421875
0 0.6875 0.5765625 0.0078125 0.0203125