2 0.41484375 0.6140625 0.04609375 0.14296875
0 0.57890625 0.40390625 0.021875 0.03671875
0 0.4671875 0.36171875 0.01640625 0.03125
0 0.4796875 0.61796875 0.03828125 0.08671875
0 0.3640625 0.596875 0.04609375 0.08671875
0 0.3140625 0.56953125 0.04765625 0.0796875
0 0.4109375 0.38125 0.01953125 0.03359375
0 0.40078125 0.50078125 0.028125 0.05390625
0 0.43828125 0.51015625 0.0296875 0.0609375
0 0.48125 0.47890625 0.0234375 0.05390625
0 0.43046875 0.38828125 0.01953125 0.0390625
0 0.45 0.44609375 0.02421875 0.04453125