2 0.828125 0.3109375 0.0140625 0.0296875
0 0.740625 0.24609375 0.01171875 0.02578125
0 0.7375 0.19140625 0.01171875 0.02421875
0 0.70234375 0.12578125 0.009375 0.01875
0 0.63515625 0.178125 0.00859375 0.01875
0 0.675 0.21015625 0.009375 0.0203125
0 0.6484375 0.1796875 0.009375 0.01875
0 0.6921875 0.22578125 0.00859375 0.021875
0 0.6234375 0.234375 0.0078125 0.02421875
0 0.65859375 0.2046875 0.00859375 0.0203125
0 0.709375 0.29375 0.0109375 0.02421875
0 0.59453125 0.16875 0.009375 0.01875
0 0.60703125 0.25078125 0.0109375 0.0203125
0 0.65703125 0.225 0.00859375 0.0203125
0 0.6625 0.240625 0.01171875 0.021875
0 0.66640625 0.2734375 0.0109375 0.02421875
0 0.675 0.3 0.0109375 0.02578125
0 0.6125 0.29296875 0.009375 0.021875
0 0.6125 0.3234375 0.0125 0.028125
2 0.59453125 0.3359375 0.0125 0.028125
2 0.59453125 0.30859375 0.0109375 0.03125
0 0.6 0.28125 0.009375 0.01875
0 0.67890625 0.32890625 0.0109375 0.0203125
0 0.68046875 0.3453125 0.0125 0.028125
0 0.6609375 0.346875 0.009375 0.02421875
0 0.65859375 0.31953125 0.0109375 0.02421875
0 0.65625 0.2953125 0.01171875 0.028125
0 0.64921875 0.26953125 0.0109375 0.0203125
0 0.64375 0.2390625 0.009375 0.021875
0 0.6421875 0.22421875 0.0109375 0.01875
0 0.63984375 0.21171875 0.0109375 0.0203125
0 0.8125 0.57421875 0.0234375 0.040625
0 0.8609375 0.55625 0.0234375 0.04609375
0 0.87578125 0.59921875 0.021875 0.04296875
0 0.89140625 0.6390625 0.0265625 0.0484375
0 0.90703125 0.60546875 0.021875 0.040625
0 0.9234375 0.653125 0.025 0.04609375
0 0.96484375 0.66953125 0.0296875 0.05
1 0.940625 0.603125 0.03203125 0.05390625
1 0.95390625 0.5703125 0.0375 0.06328125
0 0.9171875 0.56015625 0.0234375 0.0390625
0 0.9859375 0.73203125 0.02421875 0.05390625
0 0.809375 0.321875 0.01953125 0.02578125
0 0.9796875 0.78125 0.03515625 0.05546875
1 0.9921875 0.66875 0.0140625 0.0515625
0 0.9484375 0.71171875 0.02734375 0.05