0 0.4484375 0.48671875 0.0234375 0.0890625
0 0.4203125 0.93671875 0.03125 0.1109375
0 0.46875 0.88828125 0.0234375 0.071875
0 0.5265625 0.41796875 0.02265625 0.08359375
1 0.35078125 0.7984375 0.05 0.121875
0 0.5875 0.47109375 0.0234375 0.090625
2 0.3734375 0.4515625 0.03515625 0.2296875
0 0.41796875 0.48203125 0.0234375 0.090625
0 0.4515625 0.15703125 0.0234375 0.08515625
0 0.41328125 0.21640625 0.021875 0.08125
0 0.3859375 0.21953125 0.0203125 0.071875
0 0.38203125 0.06640625 0.021875 0.1
2 0.6921875 0.58515625 0.1015625 0.18125
0 0.5515625 0.57421875 0.0234375 0.0890625
0 0.5859375 0.7609375 0.0234375 0.1
0 0.5515625 0.78203125 0.0203125 0.0984375
0 0.58046875 0.96328125 0.0203125 0.06640625
0 0.6265625 0.7953125 0.0234375 0.08671875
0 0.6203125 0.92578125 0.0234375 0.1
0 0.10859375 0.65 0.05546875 0.04453125
0 0.48359375 0.10703125 0.01953125 0.08125
0 0.49921875 0.2890625 0.02734375 0.08125
0 0.5046875 0.84609375 0.0234375 0.09296875
0 0.8046875 0.403125 0.053125 0.05
0 0.8359375 0.34453125 0.053125 0.0484375
0 0.915625 0.31015625 0.0515625 0.04609375
0 0.98203125 0.28359375 0.03203125 0.040625