0 0.2765625 0.5765625 0.09375 0.1984375
0 0.0765625 0.884375 0.153125 0.22421875
0 0.27265625 0.83828125 0.1328125 0.26875
0 0.3734375 0.88671875 0.11875 0.2109375
1 0.2796875 0.56796875 0.1046875 0.20546875
1 0.09140625 0.65859375 0.1765625 0.290625
0 0.3578125 0.590625 0.0625 0.121875
1 0.46796875 0.37421875 0.0296875 0.09296875
0 0.34453125 0.46484375 0.0421875 0.06640625
0 0.3953125 0.47578125 0.0484375 0.10390625
0 0.409375 0.41640625 0.028125 0.0484375
0 0.390625 0.38203125 0.03125 0.04609375
0 0.4234375 0.315625 0.0203125 0.03515625
0 0.42578125 0.3890625 0.0234375 0.0484375
0 0.43125 0.35703125 0.021875 0.03671875