2 0.79765625 0.67890625 0.01484375 0.03515625
0 0.56640625 0.659375 0.01953125 0.02578125
0 0.60625 0.575 0.0109375 0.02421875
0 0.6625 0.53359375 0.009375 0.01875
0 0.64765625 0.515625 0.009375 0.02421875
0 0.6390625 0.5546875 0.009375 0.02421875
0 0.64375 0.603125 0.0109375 0.02421875
0 0.6515625 0.628125 0.0125 0.0296875
0 0.60234375 0.63984375 0.0109375 0.028125
0 0.59921875 0.68046875 0.00859375 0.028125
2 0.58125 0.73203125 0.01171875 0.04296875
2 0.5828125 0.69140625 0.0125 0.0390625
0 0.58671875 0.6546875 0.009375 0.028125
0 0.6546875 0.66328125 0.01171875 0.02578125
0 0.6609375 0.70625 0.0125 0.03125
0 0.63984375 0.6984375 0.0109375 0.02578125
0 0.640625 0.68046875 0.009375 0.02421875
0 0.6375 0.6515625 0.009375 0.021875
0 0.63203125 0.62890625 0.00859375 0.02421875
0 0.6296875 0.6 0.0109375 0.021875
0 0.67890625 0.5046875 0.00859375 0.0203125
0 0.71796875 0.54296875 0.01171875 0.02578125
0 0.6890625 0.49375 0.01171875 0.02421875
0 0.6453125 0.7359375 0.0125 0.028125
0 0.66640625 0.74921875 0.0125 0.028125
2 0.6015625 0.7359375 0.01171875 0.04296875
0 0.59765625 0.70859375 0.01171875 0.028125
0 0.584375 0.6703125 0.00859375 0.01875
0 0.70234375 0.57890625 0.01171875 0.02421875
0 0.71171875 0.67109375 0.0125 0.028125
0 0.7703125 0.715625 0.0140625 0.028125