0 0.6390625 0.540625 0.0484375 0.10703125
0 0.2484375 0.79921875 0.10078125 0.24296875
0 0.30625 0.57890625 0.059375 0.128125
0 0.37421875 0.64453125 0.05625 0.14453125
0 0.4203125 0.8890625 0.0828125 0.21875
0 0.40390625 0.43515625 0.034375 0.08515625
0 0.35859375 0.41953125 0.0390625 0.0796875
0 0.5671875 0.28203125 0.0265625 0.04609375
0 0.60390625 0.27578125 0.03203125 0.0484375
0 0.4828125 0.24921875 0.02421875 0.04296875
0 0.45078125 0.2234375 0.02265625 0.04609375
0 0.8078125 0.434375 0.05 0.07578125
0 0.403125 0.2015625 0.021875 0.040625
0 0.4734375 0.19453125 0.0171875 0.04453125
0 0.77578125 0.78671875 0.0890625 0.17421875