0 0.40546875 0.77578125 0.0234375 0.1
0 0.353125 0.93125 0.0328125 0.1
0 0.5546875 0.03359375 0.0234375 0.06640625
0 0.60625 0.03046875 0.02421875 0.05390625
0 0.57890625 0.2015625 0.0234375 0.08125
0 0.5625 0.378125 0.0234375 0.0890625
0 0.6 0.44296875 0.0234375 0.08515625
0 0.02109375 0.24921875 0.0421875 0.0796875
1 0.56171875 0.55703125 0.0234375 0.10390625
0 0.5140625 0.30625 0.03828125 0.09453125
0 0.53125 0.41484375 0.0390625 0.0890625
0 0.41328125 0.2609375 0.0203125 0.08125
0 0.4125 0.45 0.01953125 0.08125
0 0.47109375 0.6515625 0.034375 0.1
0 0.50078125 0.7890625 0.028125 0.1
0 0.50703125 0.93046875 0.0234375 0.109375
0 0.80234375 0.41171875 0.05546875 0.05390625
0 0.83359375 0.34921875 0.05390625 0.05390625
0 0.915625 0.31953125 0.053125 0.04609375
0 0.98203125 0.28984375 0.034375 0.04609375