0 0.64453125 0.865625 0.025 0.04296875
0 0.6390625 0.79140625 0.021875 0.0390625
0 0.6140625 0.79921875 0.01953125 0.04296875
0 0.65703125 0.83671875 0.021875 0.040625
0 0.665625 0.75078125 0.01953125 0.0390625
0 0.35 0.64609375 0.015625 0.0515625
0 0.41015625 0.609375 0.0140625 0.0296875
0 0.421875 0.57578125 0.015625 0.0296875
0 0.3453125 0.56640625 0.0109375 0.03359375
0 0.409375 0.53046875 0.0140625 0.03125
0 0.4125 0.55625 0.0125 0.028125
0 0.353125 0.60703125 0.0109375 0.02578125
0 0.35 0.51875 0.0140625 0.040625
0 0.67421875 0.81484375 0.02265625 0.04453125
0 0.403125 0.5890625 0.01484375 0.02578125
0 0.39453125 0.565625 0.0140625 0.03125
0 0.34296875 0.4640625 0.0109375 0.028125
0 0.434375 0.56328125 0.01484375 0.0296875
0 0.3375 0.51875 0.01171875 0.0296875
0 0.4625 0.5859375 0.01484375 0.03125
0 0.45859375 0.409375 0.01484375 0.02578125
0 0.534375 0.49453125 0.015625 0.0296875
0 0.48359375 0.465625 0.015625 0.028125
0 0.43046875 0.3984375 0.0140625 0.021875
0 0.40859375 0.3796875 0.0125 0.021875
0 0.440625 0.446875 0.0125 0.028125
0 0.56171875 0.565625 0.01640625 0.02421875
0 0.6546875 0.77109375 0.021875 0.0390625
2 0.7078125 0.81953125 0.0484375 0.0984375
0 0.46484375 0.53515625 0.0296875 0.06640625