0 0.45234375 0.18828125 0.0171875 0.0390625
0 0.6671875 0.675 0.0609375 0.14296875
0 0.23046875 0.88203125 0.09375 0.23125
0 0.303125 0.62578125 0.07109375 0.17421875
0 0.3734375 0.675 0.05390625 0.15390625
0 0.334375 0.4765625 0.04609375 0.0984375
0 0.4015625 0.48984375 0.0375 0.09453125
0 0.4546875 0.5140625 0.04375 0.11640625
0 0.41875 0.3546875 0.028125 0.06484375
0 0.37578125 0.34609375 0.03046875 0.06328125
0 0.5765625 0.303125 0.028125 0.05390625
0 0.6234375 0.31171875 0.03203125 0.05
0 0.5453125 0.2046875 0.0234375 0.04296875
0 0.56875 0.2 0.02421875 0.03671875
0 0.478125 0.20859375 0.02265625 0.0390625
0 0.45234375 0.19453125 0.021875 0.040625
0 0.8 0.41796875 0.05 0.071875
0 0.5265625 0.16640625 0.0203125 0.03359375
0 0.546875 0.15859375 0.01953125 0.028125
0 0.50703125 0.16875 0.01875 0.03671875