0 0.3953125 0.91640625 0.0265625 0.10703125
0 0.40546875 0.671875 0.025 0.09296875
0 0.3796875 0.48125 0.0234375 0.09609375
0 0.41171875 0.42109375 0.0265625 0.09453125
0 0.45 0.43515625 0.02265625 0.08125
0 0.446875 0.13203125 0.025 0.090625
0 0.590625 0.38203125 0.025 0.090625
0 0.56328125 0.49609375 0.0265625 0.10703125
0 0.5875 0.74296875 0.0265625 0.10390625
0 0.55390625 0.69921875 0.0265625 0.09453125
0 0.54765625 0.88984375 0.025 0.11328125
0 0.890625 0.44453125 0.04296875 0.059375
0 0.28984375 0.67109375 0.05078125 0.05703125
0 0.65546875 0.7359375 0.0328125 0.090625
0 0.50859375 0.2984375 0.0375 0.0890625
0 0.5265625 0.40703125 0.0359375 0.08125
0 0.48515625 0.72109375 0.03125 0.090625
0 0.5046875 0.859375 0.02734375 0.10390625
0 0.80390625 0.4109375 0.0546875 0.0515625
0 0.83359375 0.34921875 0.0515625 0.05
0 0.915625 0.315625 0.0515625 0.05
0 0.98359375 0.2890625 0.03125 0.04453125