0 0.578125 0.60390625 0.015625 0.03359375
0 0.57890625 0.88984375 0.01875 0.06484375
0 0.6109375 0.68046875 0.01875 0.04609375
0 0.49296875 0.78046875 0.01875 0.05703125
2 0.43671875 0.6390625 0.0328125 0.1109375
0 0.44921875 0.896875 0.025 0.06875
0 0.50078125 0.7296875 0.015625 0.0484375
0 0.471875 0.73984375 0.01953125 0.05390625
0 0.4984375 0.6765625 0.01640625 0.05
0 0.48125 0.64921875 0.0171875 0.04609375
0 0.50078125 0.621875 0.015625 0.04453125
0 0.484375 0.58125 0.015625 0.03359375
0 0.525 0.55859375 0.01484375 0.03515625
0 0.63515625 0.215625 0.0671875 0.1390625
0 0.4015625 0.33359375 0.0546875 0.15546875
0 0.5703125 0.740625 0.015625 0.04453125
0 0.6 0.7765625 0.021875 0.05390625