0 0.4484375 0.0296875 0.01953125 0.059375
0 0.446875 0.19921875 0.0234375 0.0984375
0 0.4828125 0.2234375 0.01953125 0.071875
0 0.5125 0.90390625 0.0203125 0.08125
1 0.2359375 0.6515625 0.07421875 0.06328125
0 0.5796875 0.946875 0.021875 0.1015625
2 0.378125 0.13359375 0.03046875 0.2296875
0 0.41875 0.13203125 0.0234375 0.090625
0 0.41796875 0.028125 0.0234375 0.05546875
2 0.625 0.878125 0.0453125 0.22578125
0 0.54140625 0.9609375 0.02265625 0.0703125
0 0.48125 0.07890625 0.0203125 0.0796875
0 0.9046875 0.37421875 0.053125 0.04453125
0 0.83203125 0.3453125 0.053125 0.04609375
0 0.91328125 0.31484375 0.053125 0.04453125
0 0.98125 0.29140625 0.0359375 0.0390625