0 0.40703125 0.95546875 0.02265625 0.08125
0 0.5578125 0.20546875 0.0234375 0.0890625
0 0.60078125 0.20546875 0.0234375 0.08125
1 0.56328125 0.39453125 0.0234375 0.1
0 0.51484375 0.30546875 0.0390625 0.09296875
0 0.53203125 0.41484375 0.040625 0.0890625
0 0.55390625 0.81640625 0.02734375 0.1
0 0.58359375 0.86015625 0.028125 0.10546875
0 0.409375 0.41875 0.0234375 0.08125
0 0.409375 0.609375 0.01953125 0.08125
0 0.46171875 0.6234375 0.0375 0.09453125
0 0.4953125 0.76484375 0.028125 0.1
0 0.5078125 0.896875 0.0234375 0.109375
0 0.80390625 0.41171875 0.05546875 0.05390625
0 0.834375 0.35078125 0.0546875 0.05390625
0 0.91796875 0.31953125 0.053125 0.05
0 0.98203125 0.290625 0.034375 0.0484375