0 0.63203125 0.97890625 0.01640625 0.03515625
0 0.7765625 0.953125 0.021875 0.05
0 0.78828125 0.90625 0.0203125 0.05
0 0.75625 0.88828125 0.0203125 0.04609375
0 0.80390625 0.9640625 0.02265625 0.05703125
0 0.81328125 0.84296875 0.01953125 0.04453125
0 0.5109375 0.653125 0.015625 0.05
0 0.56953125 0.6296875 0.0125 0.03359375
0 0.584375 0.6 0.0140625 0.0296875
0 0.5125 0.56875 0.0109375 0.03359375
0 0.57578125 0.553125 0.0125 0.03125
0 0.57890625 0.578125 0.0125 0.0296875
0 0.5140625 0.60859375 0.0109375 0.03125
0 0.521875 0.53671875 0.0125 0.040625
0 0.82578125 0.94453125 0.02265625 0.0515625
0 0.565625 0.60703125 0.0125 0.0296875
0 0.56015625 0.58046875 0.0125 0.03125
0 0.51484375 0.503125 0.009375 0.028125
0 0.609375 0.64609375 0.0140625 0.03359375
0 0.5078125 0.540625 0.01171875 0.0296875
0 0.6140625 0.38828125 0.0140625 0.028125
0 0.70625 0.55390625 0.01484375 0.03359375
0 0.63359375 0.44921875 0.0140625 0.028125
0 0.5890625 0.3859375 0.01171875 0.02421875
0 0.696875 0.57578125 0.01484375 0.0296875
0 0.80703125 0.89296875 0.02265625 0.0484375
2 0.8515625 0.9296875 0.0484375 0.1109375
0 0.615625 0.503125 0.02265625 0.0609375