2 0.40234375 0.634375 0.05859375 0.16875
0 0.45625 0.375 0.01875 0.04296875
0 0.47421875 0.63515625 0.04375 0.1
0 0.34765625 0.60859375 0.053125 0.0984375
0 0.26640625 0.628125 0.06640625 0.11484375
0 0.353125 0.471875 0.0359375 0.05546875
0 0.3765625 0.5203125 0.0390625 0.06328125
0 0.43046875 0.50703125 0.03515625 0.0703125
0 0.47734375 0.5390625 0.0359375 0.078125
0 0.3984375 0.440625 0.0296875 0.06328125
0 0.44296875 0.44609375 0.03203125 0.0484375
0 0.45078125 0.40625 0.01875 0.0390625
0 0.45703125 0.34921875 0.0171875 0.03125