0 0.64140625 0.57578125 0.05859375 0.1109375
0 0.57890625 0.3453125 0.0328125 0.0609375
0 0.64296875 0.21484375 0.028125 0.03671875
0 0.54375 0.24375 0.02421875 0.0390625
0 0.56796875 0.221875 0.02265625 0.03359375
0 0.54609375 0.190625 0.021875 0.03359375
0 0.56171875 0.17890625 0.0234375 0.03125
0 0.5265625 0.2 0.02265625 0.03359375
0 0.53203125 0.16875 0.0203125 0.02578125
0 0.48671875 0.1640625 0.0203125 0.03515625
0 0.5046875 0.16015625 0.01953125 0.03515625
0 0.521875 0.14921875 0.0171875 0.02421875