0 0.715625 0.58359375 0.0140625 0.0296875
0 0.740625 0.5734375 0.015625 0.03125
0 0.7671875 0.59609375 0.0140625 0.03671875
0 0.80859375 0.98125 0.0171875 0.0296875
0 0.8203125 0.98828125 0.0171875 0.0203125
0 0.840625 0.97578125 0.01953125 0.04453125
0 0.80390625 0.93359375 0.02265625 0.04453125
0 0.86953125 0.91328125 0.01640625 0.040625
0 0.40234375 0.50546875 0.0171875 0.05546875
0 0.4703125 0.48046875 0.0125 0.03125
0 0.47890625 0.4546875 0.01484375 0.03125
0 0.396875 0.37578125 0.0109375 0.03359375
0 0.4625 0.396875 0.015625 0.03125
0 0.4671875 0.425 0.01484375 0.028125
0 0.4078125 0.46015625 0.0109375 0.03515625
0 0.409375 0.3765625 0.0140625 0.0390625
0 0.41328125 0.49296875 0.015625 0.0296875
0 0.403125 0.46171875 0.0140625 0.03125
0 0.36328125 0.321875 0.009375 0.02578125
0 0.41328125 0.38046875 0.01171875 0.02421875
0 0.3546875 0.36484375 0.009375 0.02578125
0 0.52109375 0.384375 0.01640625 0.03125
0 0.6 0.45078125 0.015625 0.03125
0 0.57421875 0.43828125 0.015625 0.028125
0 0.646875 0.3640625 0.009375 0.0203125
0 0.74140625 0.578125 0.015625 0.0296875
0 0.82890625 0.9640625 0.0203125 0.04609375
0 0.85 0.95625 0.0234375 0.04609375
2 0.89375 0.9640625 0.0453125 0.06875
0 0.66875 0.490625 0.021875 0.059375
0 0.58125 0.56328125 0.0125 0.04453125
0 0.61875 0.609375 0.0125 0.03359375