0 0.44453125 0.6 0.0234375 0.0890625
0 0.528125 0.3359375 0.0234375 0.07578125
1 0.3578125 0.846875 0.0390625 0.128125
0 0.5875 0.38046875 0.0234375 0.090625
2 0.371875 0.51953125 0.03828125 0.2390625
0 0.41484375 0.546875 0.0234375 0.090625
0 0.4515625 0.234375 0.0234375 0.090625
0 0.4125 0.2890625 0.021875 0.08125
0 0.38515625 0.271875 0.0203125 0.0703125
0 0.38125 0.11484375 0.0203125 0.1
2 0.71796875 0.5484375 0.1078125 0.16328125
0 0.553125 0.490625 0.02265625 0.0890625
0 0.5890625 0.671875 0.0234375 0.09609375
0 0.55390625 0.703125 0.0234375 0.08671875
0 0.58359375 0.903125 0.0203125 0.090625
0 0.415625 0.03515625 0.0203125 0.0703125
0 0.6328125 0.75078125 0.025 0.08671875
0 0.621875 0.88125 0.0234375 0.1
0 0.13984375 0.6453125 0.053125 0.04296875
0 0.48515625 0.140625 0.01953125 0.08125
0 0.5 0.29453125 0.02734375 0.08125
0 0.50390625 0.821875 0.0234375 0.09609375
0 0.8015625 0.4046875 0.053125 0.05
0 0.8328125 0.34453125 0.053125 0.0484375
0 0.91484375 0.31484375 0.0515625 0.04453125
0 0.98125 0.28515625 0.0328125 0.040625