0 0.60625 0.16875 0.0203125 0.03359375
0 0.3578125 0.81640625 0.0734375 0.21484375
1 0.45546875 0.78984375 0.06328125 0.24296875
0 0.590625 0.05703125 0.146875 0.1140625
0 0.2484375 0.7234375 0.07734375 0.17578125
0 0.365625 0.52109375 0.04296875 0.11328125
0 0.31796875 0.44296875 0.04375 0.0890625
0 0.3953125 0.3265625 0.028125 0.06875
0 0.375 0.24296875 0.0234375 0.059375
0 0.44375 0.271875 0.028125 0.0484375
0 0.45546875 0.1796875 0.028125 0.02578125
0 0.48515625 0.19609375 0.02421875 0.04453125
1 0.5015625 0.23203125 0.02265625 0.04609375
1 0.52421875 0.203125 0.02421875 0.04609375
0 0.55625 0.18359375 0.0203125 0.0296875