0 0.50078125 0.89296875 0.08203125 0.2109375
0 0.42421875 0.6234375 0.0515625 0.1203125
0 0.34609375 0.65546875 0.065625 0.13359375
0 0.39453125 0.50625 0.040625 0.0796875
0 0.45 0.52109375 0.03203125 0.090625
0 0.45625 0.4515625 0.0296875 0.05546875
0 0.41484375 0.45625 0.03125 0.05390625
0 0.4234375 0.42109375 0.02734375 0.04609375
0 0.47109375 0.39296875 0.02421875 0.0484375
0 0.4453125 0.3703125 0.01953125 0.03671875
0 0.53828125 0.3484375 0.0203125 0.03671875
0 0.4625 0.3234375 0.0125 0.02421875