1 0.2453125 0.7359375 0.17578125 0.38671875
0 0.36640625 0.78359375 0.10078125 0.23671875
1 0.4984375 0.79375 0.11015625 0.40546875
2 0.353125 0.3859375 0.078125 0.13515625
0 0.35078125 0.53359375 0.0609375 0.09609375
0 0.41875 0.55859375 0.06171875 0.14609375
0 0.4984375 0.31640625 0.01875 0.040625
0 0.428125 0.47109375 0.03984375 0.07578125
0 0.3796875 0.45859375 0.04375 0.07578125
0 0.40234375 0.40703125 0.0328125 0.059375
0 0.45 0.421875 0.0296875 0.07421875
0 0.4515625 0.38125 0.02421875 0.0515625
0 0.434375 0.34140625 0.02265625 0.03515625
0 0.44765625 0.30546875 0.01640625 0.02578125