0 0.40625 0.80546875 0.06875 0.1890625
0 0.28515625 0.89609375 0.1109375 0.2
0 0.37421875 0.6140625 0.05 0.10546875
0 0.44140625 0.615625 0.0375 0.11640625
0 0.4484375 0.51875 0.03125 0.07421875
0 0.40546875 0.52421875 0.03515625 0.0703125
0 0.42109375 0.459375 0.0265625 0.05546875
0 0.4671875 0.4296875 0.02421875 0.0515625
0 0.440625 0.40546875 0.01953125 0.03671875
0 0.5265625 0.31015625 0.0125 0.0203125
0 0.4640625 0.35859375 0.015625 0.028125
0 0.778125 0.628125 0.07109375 0.08515625
0 0.7375 0.69609375 0.0765625 0.1109375
0 0.71328125 0.83984375 0.10078125 0.17578125