0 0.40625 0.91484375 0.0234375 0.1
0 0.55859375 0.2515625 0.0234375 0.0890625
0 0.60078125 0.26328125 0.0234375 0.08125
1 0.56328125 0.43515625 0.0234375 0.1
0 0.51484375 0.30546875 0.0390625 0.09296875
0 0.53203125 0.41484375 0.03984375 0.0890625
0 0.55078125 0.87109375 0.0234375 0.090625
0 0.58046875 0.925 0.028125 0.10546875
0 0.41015625 0.378125 0.021875 0.08125
0 0.41015625 0.56875 0.01953125 0.08125
0 0.4640625 0.63359375 0.034375 0.1
0 0.4984375 0.77421875 0.028125 0.1
0 0.5078125 0.90625 0.0234375 0.109375
0 0.803125 0.41171875 0.05546875 0.05390625
0 0.834375 0.35078125 0.0546875 0.05390625
0 0.9171875 0.31953125 0.053125 0.05
0 0.98203125 0.290625 0.034375 0.0484375