0 0.40625 0.8203125 0.0234375 0.1
0 0.353125 0.95859375 0.028125 0.07578125
0 0.57890625 0.14296875 0.0234375 0.08125
0 0.56171875 0.340625 0.0234375 0.0890625
0 0.6015625 0.38671875 0.0234375 0.08515625
0 0.01484375 0.253125 0.0296875 0.0609375
1 0.5625 0.51875 0.0234375 0.10390625
0 0.51484375 0.30546875 0.0390625 0.09296875
0 0.53125 0.41484375 0.0390625 0.0890625
0 0.5453125 0.96484375 0.02265625 0.06640625
0 0.41328125 0.3 0.0203125 0.08125
0 0.4125 0.490625 0.01953125 0.08125
0 0.46875 0.64609375 0.0328125 0.1
0 0.50078125 0.78515625 0.028125 0.1
0 0.50703125 0.9234375 0.0234375 0.109375
0 0.803125 0.41171875 0.05546875 0.05390625
0 0.83359375 0.34921875 0.05390625 0.05390625
0 0.915625 0.31953125 0.053125 0.05
0 0.98203125 0.290625 0.034375 0.0484375