0 0.071875 0.9203125 0.14375 0.15
0 0.28046875 0.878125 0.1375 0.23671875
0 0.41640625 0.9265625 0.10859375 0.13515625
1 0.2875 0.60078125 0.1078125 0.2203125
1 0.0796875 0.7484375 0.159375 0.38125
0 0.3734375 0.61875 0.0703125 0.12578125
1 0.475 0.4203125 0.03515625 0.12578125
2 0.4125 0.29375 0.0328125 0.05703125
0 0.35546875 0.475 0.0453125 0.06875
0 0.409375 0.4953125 0.05078125 0.1015625
0 0.41875 0.43046875 0.034375 0.0609375
0 0.3859375 0.409375 0.0328125 0.0515625
0 0.4171875 0.34375 0.021875 0.0390625
0 0.43671875 0.39296875 0.025 0.05546875
0 0.4390625 0.3640625 0.01953125 0.04609375
0 0.45234375 0.2890625 0.0171875 0.02578125