0 0.65859375 0.890625 0.028125 0.0703125
0 0.60078125 0.8984375 0.028125 0.0703125
0 0.6359375 0.76171875 0.0203125 0.05
0 0.58515625 0.6984375 0.0171875 0.0484375
0 0.6328125 0.6203125 0.01953125 0.040625
0 0.5734375 0.63125 0.01875 0.03671875
0 0.503125 0.9453125 0.0234375 0.07578125
0 0.57109375 0.58046875 0.0125 0.03125
0 0.61953125 0.55859375 0.01484375 0.03125
0 0.59453125 0.63046875 0.0171875 0.0390625
0 0.50703125 0.68828125 0.01640625 0.05
0 0.60234375 0.5640625 0.01484375 0.03125
0 0.49375 0.5734375 0.01875 0.0390625
0 0.53359375 0.45625 0.0265625 0.028125
0 0.5734375 0.484375 0.0265625 0.028125
0 0.43671875 0.4953125 0.01953125 0.02421875
0 0.4578125 0.5140625 0.0234375 0.03125
0 0.6078125 0.5953125 0.01875 0.03515625
0 0.49140625 0.47578125 0.025 0.02578125