2 0.39609375 0.66015625 0.06171875 0.18359375
0 0.45625 0.378125 0.01953125 0.04453125
0 0.47265625 0.65625 0.046875 0.109375
0 0.3375 0.6296875 0.05859375 0.10703125
0 0.246875 0.646875 0.071875 0.1203125
0 0.33671875 0.50078125 0.03984375 0.06875
0 0.371875 0.5359375 0.04296875 0.06875
0 0.42578125 0.52421875 0.03515625 0.07421875
0 0.47578125 0.55390625 0.0390625 0.08515625
0 0.390625 0.4546875 0.0328125 0.071875
0 0.4390625 0.45546875 0.03515625 0.0484375
0 0.4484375 0.41640625 0.02265625 0.03359375
0 0.45703125 0.35625 0.0171875 0.03125