0 0.490625 0.18984375 0.02265625 0.0390625
0 0.40234375 0.31640625 0.02734375 0.05546875
0 0.47578125 0.2203125 0.021875 0.040625
0 0.41640625 0.23828125 0.02421875 0.05390625
0 0.44609375 0.23046875 0.01875 0.04609375
0 0.4171875 0.19453125 0.01953125 0.03671875
0 0.44375 0.19921875 0.01875 0.03125
0 0.62890625 0.43984375 0.0453125 0.071875
0 0.7015625 0.73515625 0.06875 0.15546875
0 0.5828125 0.27578125 0.0265625 0.04453125
0 0.6375 0.31875 0.0359375 0.0515625
0 0.5578125 0.22109375 0.025 0.04296875
0 0.5796875 0.20390625 0.021875 0.03671875
0 0.553125 0.16015625 0.01953125 0.03125
0 0.5734375 0.15390625 0.021875 0.0296875
0 0.54453125 0.1796875 0.02265625 0.03359375
0 0.51484375 0.165625 0.0203125 0.03515625
0 0.4734375 0.41328125 0.0328125 0.0890625