0 0.29296875 0.88984375 0.134375 0.21328125
1 0.28515625 0.60859375 0.1109375 0.25703125
1 0.07421875 0.78203125 0.1484375 0.38671875
0 0.3765625 0.63828125 0.07109375 0.14296875
1 0.48203125 0.4515625 0.0421875 0.14453125
2 0.40703125 0.303125 0.0359375 0.06484375
0 0.35859375 0.48203125 0.046875 0.071875
0 0.41328125 0.50546875 0.0515625 0.10390625
0 0.421875 0.43671875 0.03515625 0.06640625
0 0.3859375 0.42109375 0.034375 0.05390625
0 0.41484375 0.35859375 0.02421875 0.04296875
0 0.440625 0.39609375 0.0265625 0.05546875
0 0.44375 0.365625 0.01953125 0.04609375
0 0.4515625 0.29296875 0.0140625 0.01484375