0 0.4484375 0.04140625 0.021875 0.0828125
0 0.44609375 0.25078125 0.0234375 0.090625
0 0.484375 0.28203125 0.01953125 0.071875
0 0.51640625 0.8609375 0.02265625 0.08125
1 0.25390625 0.65546875 0.071875 0.06328125
0 0.584375 0.91875 0.0234375 0.1
2 0.378125 0.16484375 0.0328125 0.2296875
0 0.41875 0.14921875 0.0234375 0.090625
0 0.41796875 0.02890625 0.0234375 0.05703125
2 0.6265625 0.8484375 0.0453125 0.2296875
0 0.5421875 0.94921875 0.0265625 0.09453125
0 0.48125 0.10546875 0.0203125 0.08125
0 0.8796875 0.38125 0.053125 0.04453125
0 0.83203125 0.3453125 0.053125 0.04609375
0 0.9140625 0.31484375 0.053125 0.04453125
0 0.97890625 0.2859375 0.034375 0.04609375