0 0.5171875 0.3015625 0.03828125 0.09296875
0 0.53984375 0.42109375 0.04296875 0.08671875
0 0.56953125 0.328125 0.0234375 0.08125
0 0.59609375 0.278125 0.02421875 0.0890625
0 0.39375 0.80546875 0.0234375 0.08125
0 0.42421875 0.540625 0.04609375 0.08125
0 0.4828125 0.68125 0.0359375 0.0890625
0 0.509375 0.82578125 0.0265625 0.1
0 0.62890625 0.61875 0.0234375 0.1
0 0.80546875 0.40859375 0.05546875 0.04609375
0 0.8359375 0.34921875 0.0546875 0.05390625
0 0.91875 0.31875 0.053125 0.0515625
0 0.98359375 0.2890625 0.0296875 0.0484375
0 0.50546875 0.959375 0.0265625 0.07421875
0 0.0265625 0.6546875 0.053125 0.05625
0 0.5875 0.85078125 0.0234375 0.090625