2 0.18828125 0.62109375 0.24140625 0.38671875
0 0.3359375 0.6046875 0.07421875 0.11640625
0 0.415625 0.625 0.0703125 0.17578125
0 0.509375 0.528125 0.05 0.11875
0 0.4296875 0.51484375 0.0484375 0.09296875
0 0.37421875 0.503125 0.05078125 0.08359375
0 0.40234375 0.43671875 0.04296875 0.06328125
0 0.45234375 0.45625 0.0328125 0.0796875
0 0.45625 0.40078125 0.028125 0.05703125
0 0.42265625 0.40078125 0.03046875 0.05390625
0 0.42890625 0.36484375 0.02421875 0.03359375
0 0.47734375 0.32421875 0.0171875 0.03671875
0 0.45625 0.31015625 0.015625 0.03515625