0 0.375 0.37578125 0.0234375 0.09609375
0 0.446875 0.45859375 0.0234375 0.08671875
0 0.5890625 0.13515625 0.0234375 0.08125
0 0.55859375 0.21328125 0.0234375 0.0890625
0 0.559375 0.415625 0.021875 0.0796875
0 0.5890625 0.3609375 0.0234375 0.09609375
0 0.62734375 0.4234375 0.0265625 0.09453125
0 0.43125 0.7609375 0.0234375 0.1
0 0.559375 0.6609375 0.02421875 0.08515625
0 0.86796875 0.45078125 0.05078125 0.05390625
0 0.415625 0.096875 0.0234375 0.090625
0 0.14921875 0.6453125 0.05390625 0.05
1 0.40859375 0.396875 0.03046875 0.20546875
0 0.5859375 0.81484375 0.02734375 0.1
0 0.54609375 0.89296875 0.03046875 0.10390625
0 0.446875 0.084375 0.0234375 0.0796875
0 0.70390625 0.5265625 0.046875 0.090625
0 0.5140625 0.3046875 0.03828125 0.09453125
0 0.52890625 0.41171875 0.03828125 0.08671875
0 0.48359375 0.70703125 0.0328125 0.09609375
0 0.5015625 0.828125 0.0265625 0.1
0 0.50546875 0.971875 0.0265625 0.0484375
0 0.803125 0.40703125 0.0546875 0.0484375
0 0.83359375 0.346875 0.05546875 0.05390625
0 0.9140625 0.315625 0.053125 0.05
0 0.98203125 0.28671875 0.034375 0.0515625