0 0.325 0.10390625 0.0359375 0.0296875
0 0.4234375 0.1015625 0.034375 0.03671875
1 0.471875 0.09296875 0.0203125 0.040625
1 0.48515625 0.0734375 0.0203125 0.04296875
0 0.6 0.16796875 0.03203125 0.04609375
0 0.28046875 0.36015625 0.05625 0.1015625
0 0.52578125 0.24921875 0.03828125 0.06875
0 0.59296875 0.33515625 0.05625 0.12578125
0 0.59453125 0.71015625 0.0921875 0.2203125
0 0.9125 0.70546875 0.1390625 0.2109375
0 0.596875 0.0859375 0.034375 0.03125
0 0.43984375 0.090625 0.01875 0.03671875
0 0.54375 0.084375 0.028125 0.028125
0 0.534375 0.06640625 0.028125 0.0296875