0 0.37421875 0.41875 0.0234375 0.09609375
0 0.4453125 0.515625 0.0234375 0.08671875
0 0.5875 0.0703125 0.0234375 0.08125
0 0.5578125 0.16328125 0.0234375 0.0890625
0 0.55859375 0.36640625 0.021875 0.08125
0 0.5875 0.303125 0.0234375 0.0984375
0 0.62578125 0.36796875 0.0265625 0.0984375
0 0.42890625 0.8203125 0.0234375 0.1
0 0.56328125 0.61328125 0.0234375 0.08125
0 0.8828125 0.4453125 0.053125 0.05390625
0 0.415625 0.13046875 0.0234375 0.090625
0 0.1671875 0.6453125 0.05390625 0.05
1 0.4078125 0.43203125 0.03046875 0.20546875
0 0.58671875 0.76328125 0.02734375 0.1
0 0.5484375 0.84296875 0.03046875 0.1
0 0.58515625 0.959375 0.028125 0.07421875
0 0.446875 0.13671875 0.0234375 0.08125
0 0.7171875 0.51484375 0.05078125 0.08125
0 0.5140625 0.3046875 0.03828125 0.09453125
0 0.5296875 0.4140625 0.0375 0.08671875
0 0.48359375 0.70703125 0.0328125 0.09609375
0 0.5015625 0.82578125 0.02734375 0.1
0 0.50546875 0.9703125 0.0265625 0.0515625
0 0.803125 0.40703125 0.0546875 0.0484375
0 0.83359375 0.346875 0.05546875 0.05390625
0 0.9140625 0.31640625 0.053125 0.0484375
0 0.98203125 0.28671875 0.034375 0.0515625