0 0.3453125 0.90078125 0.1328125 0.19453125
1 0.528125 0.8703125 0.1578125 0.25546875
2 0.2203125 0.56953125 0.2046875 0.328125
0 0.33515625 0.59375 0.071875 0.11640625
0 0.41484375 0.6203125 0.0734375 0.178125
0 0.5078125 0.48515625 0.04296875 0.1
0 0.42890625 0.50625 0.04765625 0.090625
0 0.37421875 0.496875 0.053125 0.0796875
0 0.4015625 0.43125 0.04296875 0.06328125
0 0.4515625 0.45078125 0.0328125 0.0796875
0 0.45546875 0.396875 0.028125 0.05703125
0 0.42265625 0.39140625 0.03046875 0.05390625
0 0.43203125 0.35546875 0.02421875 0.03359375
0 0.47890625 0.31171875 0.01875 0.03125
0 0.45390625 0.3 0.0140625 0.03359375