0 0.44375 0.9046875 0.08515625 0.18359375
0 0.31171875 0.88515625 0.1125 0.22578125
0 0.221875 0.86328125 0.10859375 0.221875
0 0.071875 0.89609375 0.14375 0.2
0 0.209375 0.68671875 0.084375 0.14453125
0 0.30625 0.66640625 0.06875 0.1296875
0 0.375 0.684375 0.0609375 0.13515625
0 0.45625 0.69375 0.05625 0.14296875
0 0.3375 0.46328125 0.0390625 0.06328125
0 0.415625 0.36171875 0.02265625 0.0390625
0 0.340625 0.53359375 0.0453125 0.1
0 0.41484375 0.51953125 0.040625 0.08359375
0 0.47421875 0.41328125 0.02265625 0.05546875
0 0.43125 0.4484375 0.03203125 0.0515625
0 0.43515625 0.32421875 0.0125 0.02578125
0 0.43984375 0.409375 0.02421875 0.0515625
0 0.44296875 0.37578125 0.01640625 0.03359375
0 0.45078125 0.34921875 0.01875 0.0390625
0 0.4578125 0.3203125 0.01484375 0.0296875