2 0.8015625 0.665625 0.01484375 0.03515625
0 0.815625 0.73671875 0.01953125 0.0296875
0 0.56484375 0.63828125 0.01640625 0.02421875
0 0.60390625 0.575 0.0109375 0.02421875
0 0.67265625 0.5609375 0.009375 0.01875
0 0.65625 0.54375 0.009375 0.02421875
0 0.63984375 0.54375 0.00859375 0.02421875
0 0.64453125 0.565625 0.009375 0.0203125
0 0.64921875 0.59921875 0.0109375 0.02421875
0 0.65390625 0.61953125 0.0109375 0.028125
0 0.60390625 0.63203125 0.0109375 0.028125
0 0.60078125 0.67109375 0.00859375 0.028125
2 0.58359375 0.71640625 0.0125 0.040625
2 0.58515625 0.675 0.01171875 0.03125
0 0.58984375 0.64140625 0.009375 0.0203125
0 0.659375 0.66328125 0.01171875 0.02578125
0 0.66484375 0.70078125 0.0125 0.03125
0 0.6453125 0.690625 0.0109375 0.02578125
0 0.64375 0.6640625 0.009375 0.02421875
0 0.640625 0.63671875 0.009375 0.021875
0 0.63359375 0.615625 0.00859375 0.02421875
0 0.63125 0.59296875 0.0109375 0.021875
0 0.62890625 0.56953125 0.0078125 0.02421875
0 0.628125 0.55 0.0109375 0.01875
0 0.7046875 0.49296875 0.01171875 0.021875
0 0.64921875 0.728125 0.0125 0.0296875
0 0.66953125 0.734375 0.0125 0.028125
2 0.60390625 0.72109375 0.0109375 0.0390625
0 0.60234375 0.69609375 0.0109375 0.02578125
0 0.58671875 0.65390625 0.00859375 0.01484375
0 0.690625 0.515625 0.0109375 0.0203125
0 0.7 0.60078125 0.01171875 0.02421875
0 0.75625 0.65078125 0.0140625 0.028125