1 0.28203125 0.66328125 0.12578125 0.28125
1 0.0578125 0.825 0.115625 0.34296875
0 0.38046875 0.68828125 0.07890625 0.16875
1 0.4890625 0.5609375 0.05859375 0.2296875
2 0.3953125 0.3265625 0.0453125 0.08359375
0 0.36015625 0.5 0.05390625 0.08515625
0 0.41875 0.52578125 0.05390625 0.11484375
0 0.42734375 0.44921875 0.034375 0.071875
0 0.3859375 0.440625 0.0375 0.059375
0 0.409375 0.3859375 0.0296875 0.05390625
0 0.44765625 0.40390625 0.0265625 0.059375
0 0.45078125 0.36796875 0.0203125 0.04609375
0 0.44453125 0.31328125 0.0171875 0.03359375
0 0.45390625 0.2796875 0.01484375 0.02578125