0 0.446875 0.29609375 0.0234375 0.08125
0 0.43046875 0.66484375 0.025 0.10390625
0 0.478125 0.63828125 0.021875 0.071875
0 0.5203125 0.57109375 0.0203125 0.08359375
1 0.32890625 0.72421875 0.065625 0.11484375
0 0.5875 0.64296875 0.0234375 0.09609375
2 0.375 0.34140625 0.03515625 0.23515625
0 0.415625 0.3453125 0.0234375 0.090625
0 0.44921875 0.04140625 0.0234375 0.0828125
0 0.4140625 0.1109375 0.021875 0.08515625
0 0.3828125 0.11015625 0.01953125 0.07578125
2 0.6578125 0.66015625 0.07734375 0.209375
0 0.5484375 0.72421875 0.0234375 0.1
0 0.58203125 0.915625 0.0234375 0.0984375
0 0.5484375 0.909375 0.0234375 0.1
0 0.6203125 0.884375 0.0234375 0.090625
0 0.0265625 0.66015625 0.053125 0.0453125
0 0.48125 0.040625 0.01953125 0.08125
0 0.49140625 0.2609375 0.02421875 0.08125
0 0.5046875 0.90625 0.02265625 0.1015625
0 0.81171875 0.39921875 0.05390625 0.05
0 0.834375 0.34296875 0.053125 0.0484375
0 0.91484375 0.31015625 0.05078125 0.04609375
0 0.9828125 0.28046875 0.03046875 0.0390625