2 0.79140625 0.71796875 0.01484375 0.03515625
0 0.5671875 0.7 0.01953125 0.02578125
0 0.60859375 0.5734375 0.0109375 0.02421875
0 0.6375 0.60078125 0.009375 0.0203125
0 0.64140625 0.63125 0.00859375 0.02578125
0 0.64765625 0.6609375 0.0125 0.0296875
0 0.60078125 0.6765625 0.0109375 0.028125
0 0.59609375 0.70859375 0.00859375 0.02421875
2 0.57890625 0.77109375 0.01171875 0.04296875
2 0.5796875 0.73828125 0.01484375 0.028125
0 0.5859375 0.69375 0.01171875 0.02421875
0 0.65 0.690625 0.01171875 0.02578125
0 0.65546875 0.73359375 0.01171875 0.02578125
0 0.6390625 0.740625 0.0109375 0.02578125
0 0.6375 0.71171875 0.0109375 0.02421875
0 0.6359375 0.69296875 0.009375 0.021875
0 0.6296875 0.66484375 0.009375 0.021875
0 0.62578125 0.63359375 0.0109375 0.021875
0 0.6234375 0.60859375 0.009375 0.0203125
0 0.70390625 0.62578125 0.0125 0.02578125
0 0.7421875 0.64453125 0.0140625 0.0296875
0 0.709375 0.58828125 0.01171875 0.02421875
0 0.66484375 0.80625 0.0109375 0.01640625
0 0.64375 0.796875 0.0125 0.028125
0 0.6421875 0.77109375 0.0125 0.028125
0 0.6609375 0.7765625 0.01171875 0.03125
2 0.59765625 0.7765625 0.01171875 0.04296875
0 0.59609375 0.740625 0.0109375 0.0296875
0 0.58203125 0.70859375 0.009375 0.01640625
0 0.7203125 0.70625 0.01171875 0.03125
0 0.72734375 0.8046875 0.0109375 0.02421875