0 0.65 0.52109375 0.05078125 0.09453125
0 0.59453125 0.31796875 0.03046875 0.05703125
0 0.78359375 0.74609375 0.08125 0.15546875
0 0.68671875 0.24296875 0.03046875 0.040625
0 0.56796875 0.2453125 0.02421875 0.0390625
0 0.590625 0.21875 0.02265625 0.03671875
0 0.565625 0.18359375 0.021875 0.03359375
0 0.58203125 0.16875 0.021875 0.0296875
0 0.55 0.1984375 0.02265625 0.03359375
0 0.55234375 0.1609375 0.0203125 0.02578125
0 0.5109375 0.16171875 0.0203125 0.03515625
0 0.52734375 0.15078125 0.01953125 0.03515625
0 0.54375 0.13828125 0.0171875 0.02421875