2 0.83125 0.29375 0.01484375 0.028125
0 0.7359375 0.2109375 0.01171875 0.02578125
0 0.728125 0.15390625 0.01171875 0.021875
0 0.69609375 0.1015625 0.009375 0.01875
0 0.63203125 0.1765625 0.00859375 0.0203125
0 0.68125 0.2109375 0.0109375 0.01875
0 0.64921875 0.16875 0.009375 0.01875
0 0.6984375 0.2265625 0.00859375 0.0203125
0 0.6234375 0.228125 0.0078125 0.021875
0 0.659375 0.19375 0.00859375 0.0203125
0 0.7171875 0.29375 0.0109375 0.02421875
0 0.6 0.14296875 0.009375 0.01875
0 0.6078125 0.2359375 0.0109375 0.0203125
0 0.65859375 0.20625 0.00859375 0.0203125
0 0.66484375 0.228125 0.01171875 0.021875
0 0.66953125 0.2546875 0.0109375 0.02421875
0 0.67734375 0.28125 0.0109375 0.02578125
0 0.6125 0.27421875 0.009375 0.021875
0 0.61328125 0.30546875 0.01171875 0.021875
2 0.596875 0.315625 0.0125 0.028125
2 0.5953125 0.28828125 0.0109375 0.03125
0 0.6015625 0.26484375 0.009375 0.01875
0 0.68125 0.3046875 0.0109375 0.0203125
0 0.684375 0.325 0.01171875 0.0203125
0 0.6625 0.3234375 0.009375 0.02421875
0 0.6609375 0.30078125 0.0109375 0.02421875
0 0.6578125 0.27890625 0.0109375 0.02421875
0 0.65 0.2546875 0.01171875 0.0203125
0 0.6453125 0.221875 0.009375 0.021875
0 0.64296875 0.209375 0.0109375 0.01875
0 0.63984375 0.19375 0.0109375 0.0203125
0 0.815625 0.53359375 0.01953125 0.040625
0 0.86796875 0.53828125 0.0234375 0.04609375
0 0.884375 0.5765625 0.021875 0.04296875
0 0.896875 0.61640625 0.0265625 0.0484375
0 0.91328125 0.5796875 0.021875 0.040625
0 0.93359375 0.63046875 0.025 0.04609375
0 0.9734375 0.646875 0.0296875 0.05
1 0.95 0.58203125 0.03203125 0.05390625
1 0.959375 0.54140625 0.0390625 0.0609375
0 0.92265625 0.53828125 0.0234375 0.0390625
0 0.99140625 0.70078125 0.015625 0.0390625
0 0.79609375 0.27421875 0.0171875 0.02578125
0 0.98515625 0.75859375 0.025 0.05703125
0 0.95703125 0.6859375 0.02734375 0.05
0 0.7671875 0.32890625 0.015625 0.028125