0 0.4078125 0.64609375 0.02421875 0.1
0 0.33671875 0.828125 0.04765625 0.1
1 0.396875 0.9265625 0.040625 0.1390625
0 0.5859375 0.04609375 0.0234375 0.0890625
0 0.559375 0.178125 0.0234375 0.08125
0 0.60546875 0.21484375 0.025 0.09296875
0 0.58359375 0.3796875 0.028125 0.1
0 0.5609375 0.5 0.028125 0.1
0 0.5953125 0.61484375 0.028125 0.1
0 0.4359375 0.95546875 0.0234375 0.08515625
0 0.0484375 0.19921875 0.04296875 0.09453125
0 0.9578125 0.41796875 0.05625 0.05390625
1 0.55625 0.68359375 0.02734375 0.11875
0 0.5140625 0.30625 0.03828125 0.09453125
0 0.53046875 0.41484375 0.0375 0.0890625
0 0.41640625 0.15390625 0.0203125 0.08125
0 0.4140625 0.33125 0.01953125 0.08125
0 0.475 0.671875 0.034375 0.1
0 0.50078125 0.80703125 0.028125 0.1
0 0.50625 0.946875 0.02421875 0.0984375
0 0.80234375 0.41171875 0.05546875 0.05390625
0 0.83203125 0.346875 0.053125 0.05390625
0 0.9140625 0.31953125 0.053125 0.04609375
0 0.98203125 0.28984375 0.034375 0.04609375