0 0.36640625 0.85390625 0.02421875 0.08515625
0 0.4 0.75546875 0.028125 0.10703125
1 0.5859375 0.1015625 0.021875 0.08125
0 0.4109375 0.55 0.025 0.09296875
0 0.38203125 0.32109375 0.021875 0.090625
0 0.41484375 0.31015625 0.0265625 0.09453125
0 0.45234375 0.31015625 0.0234375 0.0796875
0 0.45 0.034375 0.025 0.06875
0 0.59296875 0.53828125 0.02734375 0.09453125
0 0.56171875 0.6109375 0.02734375 0.1109375
0 0.5828125 0.89453125 0.0265625 0.10390625
0 0.55 0.81015625 0.0265625 0.0984375
0 0.753125 0.51953125 0.05 0.06875
0 0.28203125 0.66640625 0.05 0.05546875
0 0.64296875 0.8109375 0.03203125 0.09296875
0 0.503125 0.2765625 0.0328125 0.090625
0 0.5265625 0.40546875 0.034375 0.08125
0 0.4859375 0.725 0.03125 0.090625
0 0.50625 0.86875 0.02734375 0.10390625
0 0.80390625 0.4109375 0.0546875 0.0515625
0 0.83359375 0.35 0.0515625 0.0515625
0 0.915625 0.31796875 0.0515625 0.05
0 0.98359375 0.2890625 0.03125 0.04453125