0 0.634375 0.54140625 0.05390625 0.1015625
0 0.5734375 0.325 0.03046875 0.05703125
0 0.81953125 0.93515625 0.0859375 0.121875
0 0.65 0.2296875 0.03046875 0.040625
0 0.5484375 0.24375 0.02421875 0.0390625
0 0.57265625 0.221875 0.02265625 0.03359375
0 0.54375 0.18671875 0.021875 0.03359375
0 0.56015625 0.1734375 0.02265625 0.03125
0 0.528125 0.1984375 0.02265625 0.03359375
0 0.5296875 0.16328125 0.0203125 0.02578125
0 0.4875 0.16171875 0.0203125 0.03515625
0 0.50390625 0.1546875 0.01953125 0.03515625
0 0.52265625 0.1453125 0.0171875 0.02421875