1 0.27265625 0.68125 0.13671875 0.33359375
0 0.37734375 0.71875 0.0828125 0.1890625
1 0.49296875 0.6453125 0.07734375 0.30546875
2 0.3859375 0.34453125 0.053125 0.09609375
0 0.35703125 0.51015625 0.05546875 0.08671875
0 0.41953125 0.53515625 0.05546875 0.12578125
0 0.4953125 0.28828125 0.01640625 0.028125
0 0.428125 0.45546875 0.0359375 0.07421875
0 0.38359375 0.44609375 0.0390625 0.06640625
0 0.40703125 0.39453125 0.03046875 0.05546875
0 0.44921875 0.41015625 0.02734375 0.06484375
0 0.45078125 0.371875 0.02265625 0.0484375
0 0.44140625 0.3234375 0.01953125 0.03125
0 0.453125 0.28984375 0.015625 0.028125