0 0.4484375 0.3390625 0.0234375 0.08125
0 0.428125 0.728125 0.025 0.10390625
0 0.47578125 0.69375 0.021875 0.071875
0 0.52109375 0.534375 0.0203125 0.08359375
1 0.33515625 0.740625 0.06328125 0.11484375
0 0.5890625 0.603125 0.0234375 0.090625
2 0.375 0.36953125 0.03515625 0.23515625
0 0.41796875 0.384375 0.0234375 0.090625
0 0.45 0.06328125 0.0234375 0.0890625
0 0.4140625 0.13125 0.021875 0.08125
0 0.3828125 0.1359375 0.01953125 0.0796875
2 0.66484375 0.64453125 0.0796875 0.2109375
0 0.55 0.6890625 0.0234375 0.1
0 0.5828125 0.87890625 0.0234375 0.0984375
0 0.55078125 0.8796875 0.0234375 0.1
0 0.6234375 0.8640625 0.0234375 0.090625
0 0.0484375 0.659375 0.05546875 0.04453125
0 0.4828125 0.05625 0.01953125 0.08359375
0 0.49375 0.271875 0.02734375 0.08125
0 0.5046875 0.88671875 0.02265625 0.1
0 0.809375 0.40078125 0.053125 0.05
0 0.83515625 0.34296875 0.053125 0.0484375
0 0.91640625 0.31015625 0.0515625 0.04609375
0 0.9828125 0.28046875 0.03125 0.0390625