0 0.37578125 0.328125 0.0234375 0.09296875
0 0.4484375 0.40625 0.0234375 0.08671875
0 0.590625 0.20390625 0.0234375 0.08515625
0 0.5609375 0.26484375 0.0234375 0.0890625
0 0.55859375 0.46171875 0.021875 0.07578125
0 0.5890625 0.4203125 0.0234375 0.09296875
0 0.62734375 0.475 0.0265625 0.09453125
0 0.4328125 0.709375 0.0234375 0.1
0 0.55625 0.71484375 0.02734375 0.0890625
0 0.3578125 0.95 0.0328125 0.09296875
0 0.8546875 0.4546875 0.05078125 0.05390625
0 0.415625 0.06640625 0.0234375 0.09296875
0 0.1296875 0.646875 0.05390625 0.05
1 0.40859375 0.36015625 0.03046875 0.20546875
0 0.5828125 0.86640625 0.02734375 0.1
0 0.54375 0.93671875 0.03046875 0.1
0 0.446875 0.03828125 0.02421875 0.07578125
0 0.69453125 0.53984375 0.046875 0.090625
0 0.51328125 0.30390625 0.03828125 0.09296875
0 0.52890625 0.4109375 0.03828125 0.08515625
0 0.48359375 0.70625 0.0328125 0.09453125
0 0.5015625 0.828125 0.0265625 0.1
0 0.50546875 0.97421875 0.0265625 0.04453125
0 0.803125 0.40703125 0.0546875 0.0484375
0 0.83359375 0.346875 0.05546875 0.05390625
0 0.9140625 0.31484375 0.053125 0.0515625
0 0.98203125 0.28671875 0.034375 0.0515625