0 0.65625 0.96171875 0.0296875 0.06875
0 0.6109375 0.6046875 0.01875 0.0390625
0 0.62265625 0.90625 0.02265625 0.06484375
0 0.63984375 0.67890625 0.0203125 0.04296875
0 0.521875 0.9609375 0.02421875 0.0703125
0 0.490625 0.96484375 0.02421875 0.06640625
0 0.52890625 0.80390625 0.0203125 0.06328125
0 0.5015625 0.76953125 0.01953125 0.05703125
0 0.50859375 0.68203125 0.0171875 0.05
0 0.5328125 0.71015625 0.01953125 0.05390625
0 0.53203125 0.6359375 0.015625 0.04296875
0 0.53359375 0.5734375 0.01484375 0.03515625
0 0.51328125 0.56875 0.01484375 0.03671875
0 0.665625 0.2234375 0.0671875 0.1390625
0 0.4703125 0.5796875 0.02734375 0.03359375
0 0.53203125 0.53203125 0.015625 0.03125
0 0.534375 0.49453125 0.0140625 0.0296875
0 0.60078125 0.73046875 0.01640625 0.04609375
0 0.6625 0.8640625 0.02421875 0.0609375
0 0.603125 0.67109375 0.01953125 0.0390625