2 0.78671875 0.75 0.01484375 0.03359375
0 0.6359375 0.58046875 0.009375 0.01640625
0 0.5625 0.73203125 0.01953125 0.02421875
0 0.62890625 0.59921875 0.01171875 0.0203125
0 0.634375 0.621875 0.009375 0.01875
0 0.6359375 0.65625 0.0109375 0.02421875
0 0.64375 0.684375 0.0109375 0.02421875
0 0.5984375 0.709375 0.0109375 0.02578125
0 0.59296875 0.740625 0.00859375 0.02578125
2 0.5765625 0.80703125 0.0109375 0.03671875
2 0.57734375 0.7703125 0.01171875 0.040625
0 0.58671875 0.70859375 0.01171875 0.02421875
0 0.6453125 0.71640625 0.009375 0.021875
0 0.65 0.7484375 0.009375 0.02578125
0 0.634375 0.771875 0.01171875 0.0296875
0 0.6328125 0.7484375 0.009375 0.021875
0 0.63125 0.72109375 0.0109375 0.0203125
0 0.62578125 0.68984375 0.009375 0.02421875
0 0.6203125 0.64609375 0.00703125 0.021875
0 0.6203125 0.6234375 0.00859375 0.02421875
0 0.61875 0.6046875 0.00859375 0.02421875
0 0.73359375 0.75859375 0.01171875 0.02421875
0 0.7703125 0.759375 0.0140625 0.0296875
0 0.7328125 0.69296875 0.0125 0.02578125
0 0.70078125 0.84296875 0.0109375 0.021875
0 0.659375 0.83125 0.0125 0.0296875
0 0.63984375 0.840625 0.0109375 0.02578125
0 0.6375 0.80703125 0.0109375 0.02578125
0 0.65546875 0.79921875 0.0109375 0.02421875
0 0.59921875 0.84140625 0.0109375 0.0203125
2 0.59453125 0.79296875 0.0109375 0.040625
0 0.59453125 0.765625 0.0109375 0.02421875
0 0.5796875 0.7390625 0.00859375 0.021875
0 0.69375 0.6359375 0.01171875 0.02421875
0 0.68203125 0.640625 0.00859375 0.021875
0 0.70625 0.60390625 0.00859375 0.021875
0 0.74140625 0.8453125 0.0140625 0.028125