0 0.590625 0.596875 0.015625 0.03515625
0 0.60078125 0.896875 0.01875 0.06484375
0 0.62265625 0.6734375 0.01875 0.04609375
0 0.50078125 0.9234375 0.021875 0.071875
2 0.43671875 0.7203125 0.0390625 0.1296875
0 0.5109375 0.84921875 0.0171875 0.05703125
0 0.475 0.89140625 0.021875 0.06875
0 0.50703125 0.78125 0.01953125 0.059375
0 0.48515625 0.775 0.01953125 0.05703125
0 0.509375 0.71796875 0.0171875 0.05390625
0 0.48828125 0.68515625 0.0171875 0.040625
0 0.534375 0.6859375 0.0171875 0.04609375
0 0.51640625 0.56875 0.0171875 0.03671875
0 0.49921875 0.55078125 0.0140625 0.03515625
0 0.503125 0.49296875 0.0140625 0.03359375
0 0.51953125 0.52421875 0.015625 0.03671875
0 0.5203125 0.49296875 0.01484375 0.03359375
0 0.521875 0.46015625 0.0140625 0.028125
0 0.50859375 0.42578125 0.0125 0.02578125
0 0.64375 0.21953125 0.0671875 0.1390625
0 0.3953125 0.36328125 0.0703125 0.15546875
0 0.46328125 0.4859375 0.02265625 0.028125
0 0.52109375 0.43046875 0.01484375 0.028125
0 0.584375 0.734375 0.01484375 0.04609375
0 0.60625 0.721875 0.01953125 0.040625