1 0.40234375 0.81953125 0.0375 0.10546875
0 0.64375 0.71796875 0.02421875 0.04296875
0 0.6265625 0.63046875 0.02265625 0.04296875
0 0.6234375 0.68125 0.0234375 0.04453125
0 0.64765625 0.6765625 0.0234375 0.0390625
0 0.67421875 0.62890625 0.02265625 0.03515625
0 0.32265625 0.484375 0.01640625 0.05390625
0 0.3859375 0.459375 0.0125 0.03359375
0 0.3984375 0.428125 0.015625 0.0296875
0 0.31328125 0.3640625 0.0109375 0.03515625
0 0.415625 0.3734375 0.015625 0.028125
0 0.3828125 0.378125 0.0140625 0.03671875
0 0.3890625 0.40859375 0.01484375 0.028125
0 0.32734375 0.45390625 0.0109375 0.0296875
0 0.3265625 0.34609375 0.01484375 0.040625
0 0.3921875 0.36484375 0.0140625 0.0296875
0 0.6921875 0.740625 0.02421875 0.0515625
0 0.8984375 0.97578125 0.04296875 0.04453125
0 0.37578125 0.43125 0.015625 0.0296875
0 0.36640625 0.403125 0.0140625 0.03125
0 0.3296875 0.2453125 0.0109375 0.0203125
0 0.3609375 0.27890625 0.01171875 0.02421875
0 0.321875 0.2859375 0.009375 0.02421875
0 0.3921875 0.26171875 0.0125 0.0203125
0 0.38203125 0.28515625 0.0125 0.021875
0 0.5125 0.37578125 0.0203125 0.0296875
0 0.51484375 0.35 0.015625 0.0296875
0 0.53203125 0.421875 0.0171875 0.021875
0 0.49921875 0.434375 0.0171875 0.02421875
0 0.6515625 0.63125 0.02421875 0.040625
2 0.759375 0.765625 0.05859375 0.10546875