0 0.446875 0.17890625 0.0234375 0.09453125
0 0.48359375 0.196875 0.01953125 0.071875
0 0.5109375 0.9234375 0.0203125 0.08359375
1 0.2265625 0.6484375 0.071875 0.04453125
0 0.58046875 0.94921875 0.02265625 0.09453125
2 0.378125 0.121875 0.03046875 0.2296875
0 0.41875 0.1265625 0.0234375 0.090625
0 0.41796875 0.025 0.0234375 0.05
2 0.621875 0.88515625 0.0453125 0.221875
0 0.54140625 0.96875 0.02265625 0.05546875
0 0.48125 0.06953125 0.0203125 0.0796875
0 0.9171875 0.36875 0.053125 0.04453125
0 0.83125 0.3453125 0.0515625 0.04609375
0 0.91328125 0.31484375 0.053125 0.04453125
0 0.9796875 0.28828125 0.03515625 0.04296875