0 0.5640625 0.41640625 0.0125 0.021875
0 0.45625 0.9234375 0.021875 0.06484375
0 0.534375 0.63046875 0.015625 0.04296875
0 0.509375 0.58046875 0.015625 0.03515625
0 0.59296875 0.42890625 0.01171875 0.02421875
0 0.6296875 0.43359375 0.0109375 0.021875
0 0.63046875 0.35859375 0.0109375 0.02421875
0 0.55546875 0.396875 0.01640625 0.03125
0 0.5625 0.41640625 0.01171875 0.021875
0 0.57734375 0.3796875 0.01171875 0.01875
0 0.5640625 0.35703125 0.01171875 0.01875
0 0.565625 0.35859375 0.01171875 0.0203125
0 0.603125 0.534375 0.0125 0.03125
0 0.578125 0.38046875 0.01171875 0.0203125