0 0.85625 0.628125 0.046875 0.040625
0 0.7875 0.5734375 0.04375 0.0390625
0 0.509375 0.6 0.03203125 0.0890625
0 0.53046875 0.809375 0.02421875 0.08125
0 0.9890625 0.50625 0.01875 0.0390625
1 0.721875 0.45 0.1109375 0.059375
0 0.8046875 0.45 0.0453125 0.040625
0 0.853125 0.50546875 0.046875 0.040625
0 0.103125 0.55 0.03984375 0.040625
0 0.9484375 0.5046875 0.04765625 0.04296875
0 0.14453125 0.5484375 0.04296875 0.04453125
0 0.6546875 0.96953125 0.025 0.05390625
1 0.5765625 0.42421875 0.03046875 0.0703125
0 0.44453125 0.48046875 0.0390625 0.05390625
0 0.0484375 0.55078125 0.04609375 0.04296875
0 0.0109375 0.60234375 0.021875 0.0421875
0 0.05390625 0.603125 0.04375 0.0390625
0 0.1203125 0.5984375 0.04609375 0.04453125
0 0.165625 0.60078125 0.04609375 0.04296875
0 0.21796875 0.59375 0.03984375 0.0390625
0 0.259375 0.58828125 0.03203125 0.03515625
0 0.52578125 0.71640625 0.02421875 0.08125
0 0.51484375 0.175 0.02421875 0.090625
0 0.98515625 0.38515625 0.025 0.0484375
0 0.86640625 0.4546875 0.0421875 0.0390625
0 0.9484375 0.44921875 0.04375 0.03125
0 0.9875 0.4515625 0.021875 0.04453125
0 0.90078125 0.5 0.04375 0.03671875
0 0.7984375 0.50546875 0.0421875 0.04453125
0 0.74296875 0.50625 0.04375 0.0390625
0 0.61796875 0.525 0.040625 0.06875
0 0.68125 0.55546875 0.0484375 0.059375
0 0.63203125 0.6 0.03828125 0.06328125
0 0.6890625 0.86015625 0.03046875 0.071875
0 0.56171875 0.91796875 0.0234375 0.090625
0 0.5375 0.97578125 0.01953125 0.040625
0 0.5875 0.8546875 0.02421875 0.0796875
0 0.6109375 0.85390625 0.021875 0.078125
0 0.4703125 0.17578125 0.0203125 0.078125
0 0.24296875 0.5453125 0.040625 0.0390625
0 0.19453125 0.5453125 0.0453125 0.04609375
0 0.53828125 0.91015625 0.02421875 0.08671875
1 0.55625 0.33671875 0.03046875 0.08125
0 0.75 0.63203125 0.0453125 0.05