0 0.5015625 0.06328125 0.01484375 0.03671875
0 0.87265625 0.528125 0.02265625 0.02578125
0 0.0125 0.51640625 0.021875 0.021875
0 0.02890625 0.51796875 0.02265625 0.02421875
0 0.12421875 0.51171875 0.0203125 0.0203125
0 0.6140625 0.5203125 0.0234375 0.02578125
0 0.5703125 0.54296875 0.0234375 0.0296875
0 0.2796875 0.55703125 0.0203125 0.02578125
0 0.5296875 0.5609375 0.02265625 0.0296875
0 0.9328125 0.5 0.01875 0.02578125
0 0.503125 0.70859375 0.0140625 0.04296875
0 0.3265625 0.53046875 0.01953125 0.02421875
0 0.55546875 0.71875 0.0109375 0.03359375
0 0.6953125 0.4984375 0.0234375 0.02578125
0 0.48359375 0.3359375 0.0140625 0.04296875
0 0.64140625 0.49921875 0.01875 0.0203125
0 0.51640625 0.32421875 0.0140625 0.04453125
0 0.55546875 0.19296875 0.0140625 0.04453125
0 0.5734375 0.34453125 0.0234375 0.04453125
0 0.5890625 0.40546875 0.0203125 0.02578125
0 0.5375 0.596875 0.0234375 0.03515625
2 0.8421875 0.4984375 0.040625 0.02578125
0 0.346875 0.534375 0.01953125 0.02421875
0 0.790625 0.6 0.0234375 0.021875
0 0.7921875 0.521875 0.0234375 0.02578125
0 0.2296875 0.5609375 0.015625 0.02578125
0 0.83203125 0.521875 0.0234375 0.02578125
0 0.04140625 0.5640625 0.0203125 0.02421875
0 0.8921875 0.49921875 0.0234375 0.02421875
0 0.525 0.971875 0.0140625 0.040625
0 0.578125 0.7296875 0.0140625 0.03671875
0 0.521875 0.7484375 0.01484375 0.04453125
0 0.5234375 0.7890625 0.0140625 0.04453125
0 0.52421875 0.83828125 0.0140625 0.04296875
0 0.525 0.88125 0.01171875 0.04453125
0 0.5453125 0.68125 0.01171875 0.04453125
0 0.5578125 0.68203125 0.01171875 0.0390625
0 0.47265625 0.33046875 0.0140625 0.04296875
0 0.4578125 0.4203125 0.0140625 0.04453125
0 0.4828125 0.04921875 0.01171875 0.03515625
0 0.484375 0.384375 0.0140625 0.04296875
0 0.490625 0.184375 0.0125 0.04296875
0 0.5046875 0.2609375 0.0140625 0.04453125
0 0.49375 0.33203125 0.0140625 0.04296875
0 0.50390625 0.33515625 0.0140625 0.040625
0 0.49453125 0.375 0.0125 0.04296875
0 0.50625 0.378125 0.0140625 0.040625
0 0.3984375 0.534375 0.0234375 0.0203125
0 0.27265625 0.53046875 0.021875 0.02421875
0 0.64921875 0.5234375 0.0234375 0.028125
0 0.059375 0.53515625 0.0234375 0.01875
0 0.87109375 0.47421875 0.0234375 0.02578125
0 0.1359375 0.56484375 0.02734375 0.02578125
0 0.73359375 0.50390625 0.0234375 0.02578125
0 0.20234375 0.53671875 0.02421875 0.02578125
0 0.3703125 0.53125 0.021875 0.021875
0 0.1359375 0.53828125 0.021875 0.02421875
0 0.6984375 0.521875 0.0234375 0.02578125
0 0.16328125 0.53203125 0.0234375 0.02421875
0 0.1625 0.55703125 0.0171875 0.02578125
0 0.1875 0.5609375 0.021875 0.02578125
0 0.2046875 0.56328125 0.025 0.02578125
0 0.32421875 0.47421875 0.0234375 0.02578125
0 0.93828125 0.52421875 0.0234375 0.02578125
0 0.81328125 0.48125 0.02265625 0.02578125
0 0.253125 0.55390625 0.021875 0.02578125
0 0.10859375 0.559375 0.02265625 0.02578125
0 0.303125 0.55390625 0.021875 0.02578125
0 0.35703125 0.55390625 0.01875 0.021875