0 0.909375 0.52421875 0.02265625 0.02578125
0 0.0140625 0.515625 0.021875 0.02421875
0 0.07734375 0.51640625 0.021875 0.02578125
0 0.1765625 0.51171875 0.021875 0.0203125
0 0.66171875 0.5203125 0.02265625 0.02578125
0 0.61328125 0.521875 0.0234375 0.02578125
0 0.271875 0.56015625 0.0203125 0.02421875
0 0.57734375 0.5109375 0.0234375 0.02578125
0 0.48828125 0.86328125 0.01171875 0.04453125
0 0.97109375 0.49609375 0.01875 0.02578125
0 0.5203125 0.63671875 0.0203125 0.04453125
0 0.31796875 0.53515625 0.0203125 0.021875
0 0.55625 0.72890625 0.01171875 0.03515625
0 0.7453125 0.4984375 0.02421875 0.02578125
0 0.48515625 0.3234375 0.0140625 0.04296875
0 0.6984375 0.496875 0.01875 0.0203125
0 0.51484375 0.309375 0.01484375 0.04453125
0 0.565625 0.3015625 0.0140625 0.040625
0 0.60078125 0.41328125 0.0234375 0.040625
0 0.6296875 0.4484375 0.0203125 0.02578125
0 0.5765625 0.54453125 0.0234375 0.02578125
2 0.8859375 0.4984375 0.0421875 0.02578125
0 0.3375 0.5359375 0.0234375 0.02421875
0 0.73515625 0.603125 0.0234375 0.0203125
0 0.83515625 0.521875 0.02421875 0.02578125
0 0.21953125 0.56328125 0.01640625 0.021875
0 0.871875 0.52421875 0.02265625 0.02578125
0 0.02421875 0.56796875 0.0203125 0.02421875
0 0.9328125 0.4953125 0.0234375 0.02421875
0 0.571875 0.83828125 0.0109375 0.03125
0 0.52421875 0.75703125 0.01484375 0.04453125
0 0.525 0.80703125 0.01484375 0.04453125
0 0.52578125 0.84921875 0.01484375 0.04609375
0 0.5265625 0.89375 0.01171875 0.04296875
0 0.5453125 0.684375 0.0125 0.04296875
0 0.559375 0.6890625 0.0125 0.04453125
0 0.4703125 0.26015625 0.0125 0.04296875
0 0.4640625 0.37421875 0.0140625 0.04453125
0 0.48359375 0.38125 0.0125 0.04453125
0 0.490625 0.0984375 0.0140625 0.04453125
0 0.503125 0.190625 0.0125 0.04453125
0 0.49375 0.325 0.0140625 0.04609375
0 0.50625 0.31875 0.0140625 0.040625
0 0.49296875 0.375 0.0140625 0.04296875
0 0.50703125 0.37421875 0.0140625 0.04453125
0 0.3890625 0.5359375 0.0234375 0.0203125
0 0.2671875 0.53203125 0.02265625 0.02421875
0 0.69140625 0.525 0.021875 0.028125
0 0.04296875 0.53984375 0.0234375 0.0203125
0 0.9296875 0.4703125 0.0234375 0.02578125
0 0.121875 0.56953125 0.028125 0.028125
0 0.784375 0.50390625 0.0234375 0.02578125
0 0.18515625 0.5390625 0.0265625 0.02578125
0 0.36328125 0.53515625 0.0234375 0.021875
0 0.1234375 0.540625 0.02265625 0.021875
0 0.74375 0.521875 0.0234375 0.02578125
0 0.146875 0.534375 0.0234375 0.02421875
0 0.14921875 0.559375 0.0171875 0.02578125
0 0.17109375 0.5640625 0.0203125 0.02421875
0 0.19296875 0.565625 0.0265625 0.02421875
0 0.3328125 0.4984375 0.0234375 0.0296875
0 0.965625 0.52421875 0.0234375 0.02578125
0 0.878125 0.47578125 0.02265625 0.02578125
0 0.24296875 0.55859375 0.0234375 0.028125
1 0.94296875 0.57578125 0.01484375 0.02578125
0 0.09453125 0.56328125 0.021875 0.02578125
0 0.29375 0.55703125 0.021875 0.02578125
0 0.34921875 0.55703125 0.01875 0.021875