0 0.621875 0.6015625 0.04765625 0.06328125
0 0.64140625 0.54140625 0.0484375 0.0609375
0 0.52265625 0.65859375 0.028125 0.090625
0 0.5359375 0.865625 0.02265625 0.08359375
1 0.76484375 0.43046875 0.1296875 0.0609375
0 0.853125 0.43203125 0.0515625 0.0390625
0 0.90546875 0.5 0.05078125 0.04453125
0 0.03828125 0.55078125 0.046875 0.04296875
0 0.08671875 0.55078125 0.05078125 0.0390625
1 0.53203125 0.20703125 0.02734375 0.08515625
0 0.51015625 0.54375 0.03046875 0.08359375
0 0.059375 0.60859375 0.0484375 0.04296875
0 0.1125 0.6109375 0.04375 0.04453125
0 0.1734375 0.60390625 0.04375 0.040625
0 0.2203125 0.59296875 0.03828125 0.03671875
0 0.53046875 0.775 0.02265625 0.08359375
0 0.9203125 0.43515625 0.0484375 0.040625
0 0.9609375 0.490625 0.0484375 0.03671875
0 0.84296875 0.49609375 0.04765625 0.040625
0 0.775 0.4984375 0.05078125 0.040625
0 0.5390625 0.315625 0.03125 0.09453125
0 0.58125 0.4484375 0.04765625 0.09296875
0 0.50625 0.3390625 0.0265625 0.08125
0 0.2 0.54609375 0.046875 0.040625
0 0.1453125 0.546875 0.046875 0.03515625
0 0.54375 0.96171875 0.0234375 0.071875
1 0.5171875 0.1 0.021875 0.09296875
0 0.02421875 0.48359375 0.046875 0.040625
0 0.4640625 0.471875 0.01953125 0.0890625
0 0.5546875 0.4984375 0.04296875 0.08125