0 0.46171875 0.38671875 0.04609375 0.1296875
0 0.3859375 0.05546875 0.046875 0.10703125
0 0.40078125 0.28828125 0.04375 0.13515625
0 0.321875 0.396875 0.0453125 0.1390625
0 0.30390625 0.1859375 0.0375 0.14296875
0 0.9609375 0.33125 0.071875 0.06640625
0 0.4484375 0.184375 0.04296875 0.1203125
0 0.11640625 0.66953125 0.08203125 0.071875
0 0.1484375 0.76015625 0.0609375 0.071875
0 0.0453125 0.78828125 0.0765625 0.07578125
0 0.0296875 0.678125 0.059375 0.0703125
0 0.35234375 0.1515625 0.03984375 0.13671875
0 0.06015625 0.25078125 0.065625 0.13125
0 0.12734375 0.54140625 0.08671875 0.08359375
0 0.36875 0.43203125 0.03984375 0.1609375
0 0.596875 0.15078125 0.0390625 0.14296875
0 0.6578125 0.44921875 0.0421875 0.1203125
2 0.5765625 0.52109375 0.053125 0.20546875
0 0.35 0.7453125 0.06953125 0.1203125
0 0.62890625 0.76953125 0.04296875 0.14296875
0 0.55078125 0.8265625 0.040625 0.14296875
0 0.6828125 0.934375 0.03828125 0.128125
0 0.45234375 0.96015625 0.05078125 0.07578125
1 0.4390625 0.0359375 0.0421875 0.071875