2 0.053125 0.25625 0.1015625 0.09453125
0 0.29765625 0.2046875 0.0796875 0.07578125
0 0.27890625 0.30390625 0.07109375 0.0703125
0 0.1203125 0.36484375 0.0765625 0.06328125
0 0.2203125 0.453125 0.08671875 0.07578125
0 0.33203125 0.3859375 0.0796875 0.0609375
2 0.65703125 0.21015625 0.1984375 0.0984375
0 0.50625 0.30859375 0.06953125 0.06484375
0 0.45 0.4734375 0.075 0.06484375
0 0.578125 0.81015625 0.07421875 0.11328125
0 0.62578125 0.40390625 0.0765625 0.06328125
0 0.71171875 0.66015625 0.07421875 0.0984375
0 0.74140625 0.328125 0.0703125 0.059375
0 0.90625 0.23828125 0.0765625 0.06875
0 0.79375 0.48984375 0.0765625 0.06484375
0 0.89921875 0.41484375 0.08125 0.06328125
0 0.246875 0.5609375 0.07734375 0.06328125
0 0.1234375 0.64296875 0.08125 0.06640625
0 0.23125 0.815625 0.071875 0.0609375
0 0.04765625 0.803125 0.0765625 0.06875
0 0.0984375 0.55078125 0.06953125 0.05703125
0 0.0421875 0.71796875 0.08125 0.06875
0 0.06171875 0.9609375 0.08203125 0.07421875
0 0.9328125 0.5890625 0.07734375 0.06328125
0 0.2015625 0.728125 0.08671875 0.06328125