0 0.5578125 0.29453125 0.01953125 0.078125
0 0.5765625 0.04921875 0.0234375 0.06875
0 0.55546875 0.1203125 0.01953125 0.059375
0 0.54453125 0.20078125 0.0203125 0.06484375
0 0.60078125 0.040625 0.01875 0.06328125
0 0.5875 0.1109375 0.0171875 0.05546875
0 0.57578125 0.18359375 0.02421875 0.06328125
0 0.33671875 0.4203125 0.0375 0.03671875
0 0.27890625 0.3859375 0.0359375 0.04296875
0 0.021875 0.28046875 0.03828125 0.04296875
0 0.01484375 0.3640625 0.0296875 0.04609375
0 0.05 0.25703125 0.03828125 0.03671875
0 0.0671875 0.390625 0.03203125 0.03671875
2 0.05703125 0.43125 0.0984375 0.08515625
0 0.15 0.484375 0.034375 0.03515625
0 0.10625 0.3234375 0.03828125 0.0390625
0 0.7 0.56640625 0.04296875 0.040625
0 0.065625 0.34296875 0.03125 0.03671875
0 0.2015625 0.51796875 0.034375 0.04296875
0 0.1765625 0.3296875 0.0390625 0.04453125
0 0.75546875 0.59296875 0.0421875 0.04453125
0 0.16484375 0.3609375 0.0375 0.04453125
0 0.1734375 0.41015625 0.0421875 0.04609375
0 0.7015625 0.60859375 0.0359375 0.04296875
0 0.70703125 0.528125 0.0375 0.04453125
0 0.71171875 0.48671875 0.0421875 0.040625
0 0.825 0.6390625 0.03828125 0.04453125
0 0.78125 0.56796875 0.0390625 0.04609375
2 0.80546875 0.5296875 0.10234375 0.0890625
0 0.89375 0.5796875 0.040625 0.0484375
0 0.9171875 0.63671875 0.0375 0.0515625
0 0.74453125 0.63359375 0.03828125 0.04453125
0 0.83515625 0.596875 0.0359375 0.0390625
0 0.90546875 0.67578125 0.0390625 0.04453125
0 0.78984375 0.65859375 0.0390625 0.04609375
0 0.840625 0.6890625 0.03984375 0.0515625
0 0.96484375 0.7109375 0.040625 0.040625
0 0.25859375 0.41875 0.0359375 0.040625
0 0.2984375 0.478125 0.0359375 0.0515625
2 0.2625 0.503125 0.08984375 0.0796875
0 0.72578125 0.37890625 0.0359375 0.05703125
0 0.3609375 0.55859375 0.03828125 0.04609375
0 0.33125 0.60703125 0.0375 0.0484375
0 0.4484375 0.97578125 0.0265625 0.04453125
0 0.8796875 0.53046875 0.03828125 0.04609375
0 0.209375 0.19921875 0.0375 0.04609375
0 0.653125 0.68125 0.03828125 0.04453125
0 0.64296875 0.13984375 0.02421875 0.06875
0 0.5890625 0.33203125 0.0296875 0.05703125
0 0.78828125 0.71640625 0.0359375 0.040625
0 0.86484375 0.83984375 0.03984375 0.05
0 0.74765625 0.74375 0.03984375 0.05
0 0.70390625 0.66796875 0.03125 0.0390625
0 0.571875 0.59609375 0.0390625 0.0515625
0 0.3859375 0.48671875 0.0375 0.040625
0 0.38203125 0.525 0.0375 0.0390625
0 0.50625 0.4296875 0.034375 0.03671875
0 0.496875 0.59296875 0.03828125 0.04453125
0 0.4390625 0.603125 0.0375 0.04296875
2 0.48828125 0.68125 0.078125 0.078125
2 0.5828125 0.68203125 0.0640625 0.06875
2 0.6203125 0.75859375 0.0703125 0.0796875