0 0.52890625 0.65390625 0.0125 0.04453125
0 0.54609375 0.534375 0.0125 0.03515625
1 0.5484375 0.4765625 0.0125 0.03515625
0 0.525 0.525 0.0125 0.03515625
1 0.52421875 0.43828125 0.01484375 0.04296875
0 0.53671875 0.375 0.0125 0.02421875
0 0.56640625 0.41953125 0.015625 0.028125
1 0.465625 0.47890625 0.0140625 0.05390625
0 0.44921875 0.4453125 0.009375 0.03515625
0 0.471875 0.39609375 0.00859375 0.02578125
0 0.45625 0.39453125 0.009375 0.02578125
0 0.4734375 0.30703125 0.01171875 0.02578125
0 0.45390625 0.340625 0.009375 0.02578125
0 0.4578125 0.30703125 0.009375 0.02578125
0 0.46015625 0.2546875 0.00859375 0.02421875
0 0.475 0.24296875 0.00859375 0.02578125
0 0.4625 0.2203125 0.009375 0.021875
0 0.51015625 0.79453125 0.01484375 0.0484375
0 0.51015625 0.69140625 0.0125 0.04296875
0 0.553125 0.740625 0.01484375 0.04453125
0 0.534375 0.85859375 0.015625 0.05703125
0 0.509375 0.58203125 0.0109375 0.03125
0 0.4890625 0.3203125 0.00859375 0.02578125
0 0.4875 0.34453125 0.00859375 0.02578125
0 0.49296875 0.41640625 0.01484375 0.02578125
0 0.50859375 0.50859375 0.0125 0.03125
0 0.49921875 0.3796875 0.015625 0.0296875
0 0.490625 0.29453125 0.009375 0.02578125
0 0.4890625 0.26875 0.0078125 0.02578125
0 0.4890625 0.24453125 0.0109375 0.02578125
0 0.55078125 0.634375 0.01171875 0.0390625
0 0.4265625 0.403125 0.01875 0.0203125
0 0.515625 0.36015625 0.01171875 0.028125
0 0.50859375 0.93125 0.01875 0.06640625
0 0.50859375 0.26796875 0.00859375 0.02421875
0 0.5203125 0.22109375 0.00859375 0.02421875
0 0.5203125 0.29921875 0.00859375 0.02421875
1 0.646875 0.93046875 0.075 0.06484375
0 0.43125 0.7203125 0.01640625 0.0515625
0 0.47421875 0.72109375 0.01484375 0.05390625
0 0.490625 0.2109375 0.00859375 0.02578125
0 0.5359375 0.2984375 0.0140625 0.040625