0 0.51875 0.58359375 0.0140625 0.040625
0 0.53984375 0.628125 0.015625 0.04453125
1 0.56875 0.575 0.0234375 0.0390625
0 0.51640625 0.46171875 0.0125 0.03515625
1 0.51875 0.3859375 0.01171875 0.03515625
0 0.52265625 0.321875 0.0109375 0.02578125
0 0.65703125 0.5796875 0.0296875 0.02578125
0 0.46015625 0.8609375 0.0140625 0.06328125
0 0.43671875 0.778125 0.0140625 0.0484375
0 0.46015625 0.6109375 0.0140625 0.040625
0 0.42890625 0.64296875 0.0140625 0.04453125
0 0.44140625 0.5390625 0.0140625 0.040625
0 0.44609375 0.4453125 0.01171875 0.03125
0 0.46171875 0.4796875 0.0140625 0.040625
0 0.45 0.3890625 0.009375 0.02578125
0 0.4640625 0.3984375 0.0140625 0.02578125
0 0.4671875 0.33671875 0.01171875 0.0296875
0 0.496875 0.91875 0.01484375 0.06328125
0 0.5 0.8046875 0.015625 0.05390625
0 0.54296875 0.84140625 0.0140625 0.05390625
0 0.5203125 0.8234375 0.015625 0.0609375
0 0.503125 0.68515625 0.0140625 0.04453125
0 0.48125 0.44609375 0.0140625 0.03359375
0 0.4828125 0.4890625 0.0140625 0.03359375
0 0.48125 0.55859375 0.01953125 0.03515625
0 0.490625 0.61796875 0.01953125 0.0390625
0 0.4984375 0.5296875 0.0234375 0.04453125
0 0.4828125 0.409375 0.0125 0.02578125
0 0.48359375 0.38359375 0.0109375 0.02578125
0 0.484375 0.35078125 0.0140625 0.03515625
0 0.48515625 0.31640625 0.009375 0.02578125
0 0.5421875 0.7296875 0.0140625 0.0515625
0 0.41015625 0.54453125 0.0234375 0.02578125
0 0.3640625 0.5296875 0.0234375 0.0296875
0 0.325 0.5359375 0.025 0.028125
0 0.29609375 0.5296875 0.0296875 0.02578125
0 0.2609375 0.52421875 0.02421875 0.02578125