0 0.7765625 0.634375 0.0484375 0.05
0 0.73984375 0.571875 0.04765625 0.0515625
0 0.51875 0.63359375 0.03125 0.0890625
0 0.53359375 0.840625 0.0265625 0.08125
1 0.7484375 0.43828125 0.12109375 0.06484375
0 0.8296875 0.44375 0.05078125 0.04609375
0 0.87890625 0.503125 0.0484375 0.04296875
0 0.07109375 0.54921875 0.04609375 0.05
0 0.97734375 0.5 0.0390625 0.04453125
0 0.115625 0.5484375 0.05 0.0484375
1 0.559375 0.34921875 0.03125 0.08359375
0 0.4875 0.50859375 0.0375 0.07578125
0 0.01640625 0.546875 0.0328125 0.04296875
0 0.0203125 0.6046875 0.040625 0.0390625
0 0.090625 0.60078125 0.04765625 0.05
0 0.1375 0.60625 0.04609375 0.04296875
0 0.19609375 0.6015625 0.04375 0.040625
0 0.240625 0.590625 0.03828125 0.03671875
0 0.53046875 0.75390625 0.02421875 0.08125
0 0.51328125 0.1265625 0.02421875 0.090625
0 0.89296875 0.44296875 0.04765625 0.04453125
0 0.97734375 0.43828125 0.040625 0.04296875
0 0.9296875 0.49609375 0.0484375 0.04453125
0 0.82109375 0.5015625 0.04609375 0.04453125
0 0.75859375 0.503125 0.046875 0.0390625
0 0.590625 0.47109375 0.04296875 0.08359375
0 0.64921875 0.534375 0.05390625 0.07578125
0 0.58359375 0.53828125 0.03828125 0.06875
0 0.565625 0.9453125 0.0234375 0.090625
0 0.59296875 0.87890625 0.025 0.09453125
0 0.6203125 0.88515625 0.025 0.0890625
0 0.4640625 0.103125 0.02421875 0.08671875
0 0.221875 0.54453125 0.046875 0.040625
0 0.1703125 0.546875 0.0453125 0.04609375
0 0.5421875 0.940625 0.025 0.0890625
1 0.5375 0.25078125 0.0296875 0.08671875
0 0.6765625 0.61953125 0.046875 0.0609375