0 0.5296875 0.53046875 0.01171875 0.03515625
0 0.540625 0.3734375 0.0109375 0.028125
1 0.54453125 0.33046875 0.0125 0.03125
0 0.525 0.44921875 0.0125 0.03125
1 0.52578125 0.39140625 0.01484375 0.0390625
0 0.5359375 0.2953125 0.01171875 0.02421875
0 0.54375 0.2234375 0.015625 0.0203125
0 0.5109375 0.58984375 0.0125 0.0390625
0 0.51015625 0.49921875 0.0125 0.03515625
0 0.54609375 0.52890625 0.0125 0.03515625
0 0.5296875 0.61015625 0.01484375 0.0390625
0 0.5078125 0.396875 0.01171875 0.03125
0 0.496875 0.22421875 0.01171875 0.02578125
0 0.50625 0.340625 0.0109375 0.02578125
0 0.54375 0.43828125 0.01171875 0.03125
0 0.44921875 0.2109375 0.0171875 0.01875
0 0.52265625 0.3140625 0.01171875 0.028125
0 0.5140625 0.809375 0.01484375 0.0484375
0 0.54609375 0.9296875 0.015625 0.06328125
0 0.53984375 0.85078125 0.01484375 0.05703125
0 0.53359375 0.75859375 0.0203125 0.05703125
0 0.51015625 0.6734375 0.01640625 0.05
0 0.5328125 0.6890625 0.01484375 0.0484375
0 0.56484375 0.5859375 0.0125 0.0390625
0 0.50859375 0.23984375 0.00859375 0.02421875
0 0.5203125 0.23046875 0.00859375 0.02421875
0 0.5328125 0.25859375 0.00859375 0.0203125
1 0.63359375 0.87890625 0.0359375 0.1609375
0 0.63359375 0.67109375 0.03203125 0.028125
0 0.63046875 0.64921875 0.028125 0.028125
1 0.39140625 0.79375 0.025 0.10546875
0 0.46015625 0.30078125 0.0109375 0.028125
0 0.47578125 0.284375 0.009375 0.028125
0 0.60234375 0.484375 0.04765625 0.04609375
0 0.4640625 0.21640625 0.009375 0.021875
0 0.53125 0.22109375 0.0140625 0.03515625