0 0.6734375 0.48046875 0.02734375 0.028125
0 0.5109375 0.72421875 0.01875 0.04453125
0 0.72734375 0.4703125 0.02421875 0.02578125
0 0.540625 0.559375 0.0234375 0.04453125
0 0.53203125 0.28515625 0.0234375 0.04453125
0 0.125 0.559375 0.0234375 0.02578125
0 0.05 0.5703125 0.0234375 0.02578125
1 0.48359375 0.8546875 0.0171875 0.090625
0 0.62890625 0.45703125 0.02734375 0.02578125
0 0.5171875 0.2046875 0.015625 0.04609375
0 0.5125 0.909375 0.0140625 0.06328125
0 0.68671875 0.43828125 0.0265625 0.028125
0 0.58515625 0.48515625 0.0234375 0.0296875
0 0.5484375 0.60390625 0.028125 0.04453125
0 0.27265625 0.58671875 0.0328125 0.02578125
0 0.49296875 0.709375 0.01640625 0.0484375
0 0.5109375 0.36953125 0.021875 0.04296875
0 0.8734375 0.41640625 0.028125 0.02578125
0 0.8875 0.44453125 0.0234375 0.02578125
0 0.95234375 0.3984375 0.025 0.0296875
0 0.9609375 0.43359375 0.0234375 0.02578125
0 0.5296875 0.75546875 0.0140625 0.0484375
0 0.5359375 0.81328125 0.0171875 0.06328125
0 0.5359375 0.86875 0.0140625 0.0515625
0 0.540625 0.92578125 0.0140625 0.04453125
0 0.54375 0.97890625 0.0140625 0.03515625
0 0.546875 0.74296875 0.0140625 0.04453125
0 0.55859375 0.709375 0.0140625 0.0515625
0 0.56328125 0.76640625 0.0140625 0.0515625
0 0.56640625 0.83359375 0.0140625 0.06328125
0 0.5734375 0.70546875 0.0140625 0.04453125
0 0.5734375 0.76328125 0.0140625 0.04453125
0 0.57734375 0.81328125 0.0140625 0.04453125
0 0.440625 0.01953125 0.01484375 0.0390625
1 0.43515625 0.18671875 0.01875 0.06640625
0 0.4328125 0.1265625 0.0140625 0.05
0 0.44140625 0.26796875 0.0140625 0.04609375
0 0.44453125 0.33359375 0.0140625 0.04453125
0 0.459375 0.08046875 0.0140625 0.05
0 0.475 0.07578125 0.0140625 0.06328125
0 0.45546875 0.02109375 0.0140625 0.0421875
0 0.4859375 0.04140625 0.0140625 0.05390625
0 0.4890625 0.10546875 0.0140625 0.0515625
0 0.4484375 0.16484375 0.0140625 0.04453125
0 0.45234375 0.21875 0.0140625 0.04453125
0 0.4546875 0.2703125 0.0140625 0.04453125
0 0.46015625 0.3296875 0.0140625 0.0515625
0 0.46171875 0.1359375 0.0140625 0.05390625
0 0.47734375 0.14375 0.0125 0.05
0 0.465625 0.2 0.0140625 0.04453125
0 0.4796875 0.20390625 0.0140625 0.0484375
0 0.49375 0.1796875 0.0140625 0.04453125
0 0.496875 0.23359375 0.0140625 0.04453125
0 0.46953125 0.259375 0.0140625 0.0484375
0 0.48515625 0.2640625 0.0140625 0.05390625
0 0.471875 0.31328125 0.0140625 0.04453125
0 0.4890625 0.315625 0.0125 0.04609375
0 0.5 0.30078125 0.0140625 0.05390625
0 0.5421875 0.1515625 0.0140625 0.04453125
0 0.425 0.540625 0.0234375 0.02578125
0 0.4453125 0.096875 0.0140625 0.05390625
0 0.815625 0.4296875 0.0234375 0.02578125
0 0.46953125 0.021875 0.0140625 0.04375
0 0.73203125 0.43671875 0.0265625 0.02578125
0 0.4765625 0.559375 0.021875 0.02578125
2 0.0484375 0.63671875 0.0328125 0.02578125
0 0.23125 0.571875 0.0234375 0.02578125
0 0.4890625 0.53359375 0.025 0.02578125
0 0.02734375 0.609375 0.02734375 0.02578125
0 0.0734375 0.59609375 0.0234375 0.02578125
0 0.10859375 0.6203125 0.0234375 0.02578125
0 0.14453125 0.58515625 0.0296875 0.02578125
0 0.16328125 0.61328125 0.0234375 0.02578125
0 0.503125 0.55703125 0.0203125 0.02578125
0 0.21796875 0.60390625 0.02421875 0.02578125
0 0.31328125 0.55546875 0.0234375 0.02578125
0 0.5828125 0.53515625 0.0234375 0.03359375
0 0.3578125 0.51328125 0.0234375 0.02578125
0 0.37578125 0.5390625 0.0234375 0.02578125
0 0.31328125 0.58359375 0.0234375 0.02578125
0 0.8421875 0.45390625 0.0234375 0.02578125
0 0.34765625 0.5796875 0.0234375 0.02578125
0 0.3765625 0.571875 0.0234375 0.02578125
0 0.6265625 0.49296875 0.0296875 0.02578125
0 0.41875 0.56875 0.0234375 0.02578125
0 0.44453125 0.5703125 0.0234375 0.02578125