0 0.6921875 0.503125 0.02734375 0.028125
0 0.5265625 0.640625 0.0234375 0.04453125
0 0.75703125 0.49453125 0.02421875 0.02578125
0 0.56875 0.51640625 0.025 0.040625
0 0.52578125 0.35703125 0.02421875 0.04453125
0 0.17890625 0.509375 0.0234375 0.02578125
0 0.10546875 0.51015625 0.0234375 0.02421875
1 0.47890625 0.74140625 0.03203125 0.09453125
0 0.66875 0.47421875 0.02734375 0.02578125
0 0.53046875 0.29453125 0.0171875 0.0484375
0 0.4953125 0.88984375 0.0140625 0.04609375
0 0.49921875 0.78984375 0.0140625 0.0609375
0 0.72578125 0.46640625 0.0234375 0.02578125
0 0.61328125 0.478125 0.025 0.02578125
0 0.5734375 0.55390625 0.0234375 0.04453125
0 0.26171875 0.56015625 0.0296875 0.028125
0 0.509375 0.61875 0.0265625 0.04453125
0 0.49375 0.40859375 0.0234375 0.03515625
0 0.91328125 0.46875 0.028125 0.02578125
0 0.93046875 0.49453125 0.025 0.02578125
0 0.521875 0.753125 0.01484375 0.04609375
0 0.525 0.80625 0.01640625 0.05703125
0 0.5234375 0.859375 0.0140625 0.0515625
0 0.5265625 0.921875 0.0140625 0.04453125
0 0.528125 0.9765625 0.0140625 0.04296875
0 0.5375 0.74609375 0.0140625 0.0484375
0 0.55078125 0.709375 0.0140625 0.0515625
0 0.553125 0.76875 0.0140625 0.04453125
0 0.553125 0.8390625 0.0140625 0.05546875
0 0.56484375 0.7046875 0.01484375 0.05
0 0.5640625 0.7609375 0.0140625 0.04453125
0 0.56640625 0.815625 0.0140625 0.04609375
1 0.45 0.19140625 0.01484375 0.071875
0 0.4484375 0.13203125 0.0140625 0.05
0 0.453125 0.26953125 0.0140625 0.04609375
0 0.4546875 0.33515625 0.0140625 0.0484375
0 0.0421875 0.5109375 0.02734375 0.02578125
0 0.478125 0.09140625 0.0125 0.05
0 0.49296875 0.0890625 0.0140625 0.05546875
0 0.4765625 0.03125 0.0140625 0.04453125
0 0.5046875 0.05546875 0.01484375 0.0484375
0 0.50625 0.115625 0.0140625 0.05390625
0 0.4640625 0.16640625 0.0140625 0.04453125
0 0.465625 0.225 0.01484375 0.04296875
0 0.46796875 0.2796875 0.01171875 0.04453125
0 0.46875 0.33515625 0.0140625 0.0515625
0 0.47734375 0.146875 0.0140625 0.05390625
0 0.49296875 0.15625 0.0140625 0.05
0 0.48046875 0.209375 0.0140625 0.04453125
0 0.49375 0.2109375 0.01484375 0.0484375
0 0.50625 0.1890625 0.0125 0.04453125
0 0.5078125 0.24296875 0.0140625 0.04453125
0 0.4796875 0.26640625 0.0125 0.04453125
0 0.49609375 0.27109375 0.01171875 0.05
0 0.48359375 0.31875 0.0140625 0.04453125
0 0.49765625 0.3234375 0.0125 0.05
0 0.50703125 0.31484375 0.0140625 0.059375
0 0.546875 0.24453125 0.015625 0.04453125
0 0.40703125 0.528125 0.0234375 0.021875
0 0.4625 0.10625 0.0140625 0.05390625
0 0.85234375 0.46875 0.025 0.0296875
0 0.4890625 0.040625 0.01171875 0.040625
0 0.5578125 0.0984375 0.0140625 0.04453125
0 0.76875 0.46796875 0.0234375 0.028125
0 0.475 0.55546875 0.0203125 0.02578125
2 0.04375 0.58203125 0.0328125 0.028125
0 0.21015625 0.53984375 0.0234375 0.028125
0 0.4890625 0.53046875 0.02421875 0.02421875
0 0.03046875 0.54453125 0.02734375 0.02578125
0 0.0703125 0.54609375 0.0234375 0.02578125
0 0.09296875 0.57109375 0.0234375 0.02421875
0 0.1265625 0.53671875 0.0296875 0.02578125
0 0.1421875 0.56640625 0.0234375 0.02578125
0 0.50078125 0.55625 0.01953125 0.02421875
0 0.1984375 0.56875 0.02421875 0.02578125
0 0.30546875 0.36484375 0.021875 0.03671875
0 0.2921875 0.53125 0.025 0.02578125
0 0.6125 0.5140625 0.0265625 0.02421875
0 0.41015625 0.49296875 0.025 0.02578125
0 0.35390625 0.52578125 0.02421875 0.0296875
0 0.31015625 0.55546875 0.02421875 0.02578125
0 0.8796875 0.4984375 0.02421875 0.0296875
0 0.35 0.55625 0.025 0.028125
0 0.009375 0.57578125 0.01875 0.03359375
0 0.38125 0.55625 0.02421875 0.02421875
0 0.65625 0.50546875 0.0296875 0.0296875
0 0.42109375 0.559375 0.025 0.02578125
0 0.446875 0.56328125 0.02265625 0.02578125