0 0.55078125 0.29296875 0.021875 0.078125
0 0.5625 0.04921875 0.0234375 0.06875
0 0.54375 0.11875 0.01953125 0.06328125
0 0.53515625 0.203125 0.01953125 0.0609375
0 0.58671875 0.0390625 0.01953125 0.06640625
0 0.575 0.10859375 0.01953125 0.05703125
0 0.56484375 0.18203125 0.02265625 0.06484375
0 0.2828125 0.4203125 0.0375 0.03671875
0 0.22421875 0.38984375 0.0359375 0.04296875
0 0.01640625 0.33203125 0.03203125 0.04609375
0 0.0203125 0.3 0.040625 0.03671875
0 0.04609375 0.43359375 0.034375 0.03359375
2 0.0390625 0.47578125 0.078125 0.08125
0 0.128125 0.51640625 0.03515625 0.03359375
0 0.071875 0.35859375 0.0375 0.04296875
0 0.70234375 0.55 0.04296875 0.040625
0 0.02109375 0.37421875 0.03203125 0.0296875
0 0.17578125 0.540625 0.03515625 0.040625
0 0.121875 0.34609375 0.03828125 0.040625
0 0.759375 0.571875 0.04296875 0.04453125
0 0.1234375 0.38359375 0.03984375 0.04453125
0 0.1203125 0.42578125 0.04296875 0.04453125
0 0.703125 0.5890625 0.0375 0.040625
0 0.70625 0.51015625 0.0375 0.04296875
0 0.71171875 0.4703125 0.04296875 0.04453125
0 0.83125 0.61015625 0.0390625 0.04296875
0 0.7875 0.54453125 0.0375 0.040625
2 0.803125 0.5015625 0.10234375 0.08125
0 0.89140625 0.54453125 0.040625 0.04453125
0 0.93984375 0.60625 0.03828125 0.04609375
0 0.74609375 0.60859375 0.0390625 0.0390625
0 0.84375 0.5703125 0.0375 0.03671875
0 0.91328125 0.64140625 0.040625 0.04296875
0 0.7921875 0.63125 0.0390625 0.04453125
0 0.84296875 0.659375 0.040625 0.0484375
0 0.98203125 0.67890625 0.03046875 0.04296875
0 0.20859375 0.4265625 0.03828125 0.0390625
0 0.2390625 0.4765625 0.0375 0.04609375
2 0.2140625 0.51015625 0.090625 0.07578125
0 0.73046875 0.3734375 0.0375 0.05390625
0 0.31171875 0.55546875 0.03984375 0.040625
0 0.29765625 0.60546875 0.0359375 0.04453125
0 0.95625 0.53203125 0.0390625 0.04296875
0 0.26875 0.24609375 0.03828125 0.04453125
0 0.56953125 0.62578125 0.03515625 0.0515625
0 0.6078125 0.2734375 0.0265625 0.06484375
0 0.6703125 0.0515625 0.015625 0.059375
0 0.61640625 0.09609375 0.02265625 0.06640625
0 0.53203125 0.39453125 0.03515625 0.04453125
0 0.7046875 0.653125 0.0375 0.04296875
0 0.74921875 0.759375 0.03828125 0.04453125
0 0.93125 0.8109375 0.03984375 0.0484375
0 0.66015625 0.6765625 0.0390625 0.04609375
0 0.6203125 0.6140625 0.03203125 0.0390625
0 0.49765625 0.55703125 0.03828125 0.0484375
0 0.3234375 0.47890625 0.0375 0.0390625
0 0.32421875 0.51953125 0.0375 0.0390625
0 0.4421875 0.45390625 0.03515625 0.03671875
0 0.428125 0.56953125 0.03828125 0.04296875
0 0.38359375 0.58984375 0.0375 0.0390625
2 0.434375 0.66328125 0.0796875 0.0703125
2 0.5234375 0.65 0.06640625 0.06640625
2 0.5640625 0.72421875 0.06875 0.0703125