0 0.5078125 0.89609375 0.01953125 0.06328125
0 0.5328125 0.85859375 0.0171875 0.05703125
0 0.509375 0.82109375 0.01484375 0.05390625
0 0.55546875 0.7609375 0.0140625 0.04453125
0 0.534375 0.765625 0.015625 0.05390625
0 0.51015625 0.7203125 0.01484375 0.04453125
0 0.5484375 0.69609375 0.0140625 0.04453125
0 0.53125 0.69609375 0.0140625 0.04453125
0 0.5109375 0.66484375 0.0140625 0.04453125
0 0.56328125 0.6609375 0.03125 0.04453125
0 0.66015625 0.71875 0.02734375 0.02578125
0 0.41875 0.63046875 0.03203125 0.03125
0 0.465625 0.66875 0.02421875 0.04453125
0 0.7828125 0.73984375 0.0328125 0.03515625
0 0.5265625 0.6140625 0.0234375 0.0390625
0 0.5015625 0.57578125 0.0203125 0.04453125
0 0.4921875 0.52421875 0.0140625 0.04453125
0 0.49375 0.47109375 0.00859375 0.03515625
0 0.4703125 0.57890625 0.01171875 0.04296875
0 0.4953125 0.42109375 0.0140625 0.03515625
0 0.47265625 0.5046875 0.0140625 0.0390625
0 0.44921875 0.54296875 0.0140625 0.03671875
0 0.67109375 0.63671875 0.03046875 0.03359375
1 0.5 0.36328125 0.0140625 0.03671875
0 0.48125 0.39140625 0.0109375 0.03515625
0 0.40625 0.65703125 0.0234375 0.02578125
0 0.31875 0.640625 0.028125 0.02578125
0 0.2859375 0.634375 0.0328125 0.03125
0 0.246875 0.62890625 0.025 0.028125
0 0.1984375 0.621875 0.0328125 0.02578125
0 0.15703125 0.615625 0.0296875 0.028125
0 0.8484375 0.69453125 0.0328125 0.02578125
0 0.96953125 0.72890625 0.03046875 0.03125
0 0.0703125 0.5984375 0.0328125 0.02578125
0 0.50625 0.97890625 0.015625 0.03515625
0 0.53359375 0.95546875 0.01875 0.06328125
0 0.47890625 0.34609375 0.0109375 0.02578125
0 0.4640625 0.3484375 0.0109375 0.02578125