0 0.47578125 0.284375 0.02734375 0.0796875
0 0.415625 0.06484375 0.0234375 0.06640625
0 0.41953125 0.1390625 0.02265625 0.06640625
0 0.43671875 0.2203125 0.02265625 0.06640625
0 0.4359375 0.03125 0.021875 0.0625
0 0.446875 0.103125 0.01875 0.05703125
0 0.4578125 0.1765625 0.0234375 0.06875
0 0.13671875 0.7265625 0.040625 0.04609375
0 0.0828125 0.7515625 0.0375 0.04453125
0 0.03671875 0.91484375 0.0359375 0.040625
0 0.096875 0.925 0.0375 0.04296875
0 0.0296875 0.828125 0.0421875 0.0484375
0 0.68359375 0.35703125 0.0453125 0.0484375
0 0.14375 0.9015625 0.0421875 0.0515625
0 0.021875 0.790625 0.0421875 0.04453125
0 0.73671875 0.3234375 0.03984375 0.04296875
0 0.0765625 0.8046875 0.040625 0.04609375
0 0.03203125 0.86875 0.04765625 0.0515625
0 0.68125 0.3953125 0.0359375 0.04609375
0 0.66328125 0.3265625 0.03828125 0.04609375
0 0.65703125 0.28671875 0.0421875 0.0484375
0 0.8625 0.25859375 0.0375 0.04296875
0 0.74609375 0.2796875 0.03515625 0.040625
0 0.7609375 0.21953125 0.096875 0.090625
0 0.72109375 0.37578125 0.03984375 0.0484375
0 0.93671875 0.16484375 0.03828125 0.0484375
0 0.76640625 0.35078125 0.03828125 0.04296875
0 0.81171875 0.32421875 0.0390625 0.04453125
0 0.128125 0.775 0.040625 0.04609375
0 0.0859375 0.84296875 0.040625 0.0515625
2 0.121875 0.86015625 0.103125 0.109375
0 0.2140625 0.8109375 0.03984375 0.0484375
0 0.2046875 0.86796875 0.03984375 0.05
0 0.38828125 0.0984375 0.01875 0.06328125
0 0.26796875 0.73203125 0.0359375 0.05
0 0.4765625 0.57890625 0.0375 0.04296875
0 0.69453125 0.1984375 0.040625 0.03671875
0 0.86015625 0.63515625 0.02421875 0.078125
0 0.315625 0.62421875 0.03984375 0.04453125
0 0.77109375 0.16875 0.03046875 0.03671875
0 0.39375 0.565625 0.0375 0.04609375
0 0.24921875 0.6609375 0.0375 0.0484375
0 0.36796875 0.63828125 0.03828125 0.04609375
0 0.3953125 0.70546875 0.03984375 0.04453125
0 0.39453125 0.66796875 0.0375 0.04609375
0 0.32890625 0.69921875 0.03828125 0.04609375
0 0.29609375 0.67421875 0.0328125 0.0484375
0 0.23671875 0.7109375 0.03984375 0.0484375
0 0.17265625 0.74921875 0.03515625 0.05
0 0.1484375 0.809375 0.0390625 0.0484375
0 0.2015625 0.6890625 0.0390625 0.04453125
0 0.20390625 0.76796875 0.03828125 0.05390625
0 0.25703125 0.78515625 0.0359375 0.0484375
2 0.28046875 0.8140625 0.0875 0.10546875
2 0.32578125 0.7453125 0.07109375 0.07578125
2 0.37265625 0.7640625 0.0671875 0.09453125