0 0.95078125 0.521875 0.02421875 0.02578125
0 0.07109375 0.51640625 0.0234375 0.02578125
0 0.14140625 0.51640625 0.021875 0.02578125
0 0.728125 0.51875 0.03046875 0.02578125
0 0.68125 0.52109375 0.0296875 0.028125
0 0.6625 0.4953125 0.028125 0.028125
1 0.48515625 0.83828125 0.02421875 0.1015625
0 0.490625 0.70390625 0.01875 0.05546875
0 0.559375 0.56875 0.0234375 0.0296875
0 0.3046875 0.5390625 0.021875 0.021875
0 0.56015625 0.740625 0.01484375 0.04453125
0 0.821875 0.49140625 0.028125 0.02421875
0 0.51484375 0.24375 0.0140625 0.05390625
0 0.6125 0.4046875 0.0265625 0.0390625
0 0.6734375 0.45703125 0.03046875 0.02578125
0 0.7203125 0.459375 0.02265625 0.021875
0 0.63203125 0.5234375 0.02421875 0.02421875
0 0.95078125 0.4953125 0.04609375 0.0390625
0 0.325 0.53828125 0.02734375 0.02421875
0 0.67265625 0.6140625 0.02265625 0.03515625
0 0.9140625 0.61328125 0.025 0.021875
1 0.9234375 0.5890625 0.01953125 0.021875
0 0.890625 0.52109375 0.0296875 0.028125
0 0.1984375 0.56796875 0.03046875 0.028125
0 0.19140625 0.540625 0.02734375 0.02578125
0 0.2203125 0.53828125 0.02734375 0.02421875
0 0.275 0.53671875 0.02734375 0.02578125
0 0.91953125 0.51875 0.028125 0.0296875
0 0.2515625 0.56640625 0.03046875 0.0296875
0 0.278125 0.56484375 0.02734375 0.0296875
0 0.31171875 0.56484375 0.0234375 0.0296875
0 0.33515625 0.56484375 0.028125 0.02578125
0 0.3640625 0.56328125 0.02734375 0.0296875
0 0.3859375 0.55625 0.02421875 0.028125
0 0.24140625 0.5140625 0.021875 0.02421875
0 0.51796875 0.33671875 0.0125 0.05546875
0 0.51328125 0.603125 0.0265625 0.03515625
0 0.51953125 0.48828125 0.0296875 0.03125
0 0.55859375 0.5296875 0.025 0.03359375
0 0.7234375 0.49140625 0.0234375 0.0203125
0 0.77265625 0.49296875 0.021875 0.01875
0 0.59765625 0.5296875 0.0296875 0.0296875
0 0.52734375 0.634375 0.025 0.03515625
0 0.50703125 0.71875 0.0203125 0.0484375
0 0.7671875 0.61015625 0.0265625 0.03125
0 0.53671875 0.73046875 0.0125 0.05
0 0.525 0.734375 0.01484375 0.05703125
0 0.56171875 0.79375 0.0140625 0.05390625
0 0.0109375 0.578125 0.0171875 0.0296875
0 0.1390625 0.540625 0.028125 0.02578125
0 0.846875 0.52578125 0.034375 0.02578125
0 0.63125 0.6390625 0.0234375 0.0515625
0 0.1140625 0.540625 0.02734375 0.0296875
0 0.08828125 0.54609375 0.0265625 0.02578125
0 0.89921875 0.4953125 0.0296875 0.028125
0 0.059375 0.54453125 0.025 0.0296875
0 0.4796875 0.234375 0.0140625 0.05390625
0 0.4890625 0.128125 0.0140625 0.059375
0 0.98671875 0.49375 0.01875 0.028125
0 0.0328125 0.546875 0.021875 0.028125
0 0.03359375 0.578125 0.0265625 0.02578125
0 0.52421875 0.78046875 0.01484375 0.05703125
0 0.52578125 0.83046875 0.01640625 0.05
0 0.52578125 0.8734375 0.01484375 0.05
0 0.528125 0.92890625 0.01484375 0.04296875
0 0.5484375 0.7 0.01640625 0.0484375
0 0.56328125 0.70078125 0.01484375 0.05390625
0 0.465625 0.128125 0.01484375 0.04453125
0 0.46640625 0.28046875 0.0125 0.05
0 0.48125 0.36875 0.0125 0.0515625
0 0.49921875 0.04453125 0.01171875 0.04453125
0 0.490625 0.30546875 0.0140625 0.0515625
0 0.50390625 0.19375 0.0140625 0.05390625
0 0.49140625 0.3515625 0.01484375 0.05546875
0 0.5046875 0.35625 0.00859375 0.04609375
0 0.37421875 0.53515625 0.0265625 0.02578125
0 0.246875 0.53671875 0.0234375 0.02578125
0 0.7609375 0.51953125 0.02734375 0.02421875
0 0.0875 0.575 0.0296875 0.028125
0 0.85625 0.5 0.0265625 0.0296875
0 0.16328125 0.54375 0.028125 0.02421875
0 0.3515625 0.5359375 0.025 0.028125
0 0.80546875 0.52421875 0.028125 0.02578125
0 0.11953125 0.56640625 0.0265625 0.021875
0 0.14375 0.56953125 0.0234375 0.028125
0 0.16953125 0.5703125 0.028125 0.021875
0 0.35078125 0.5 0.02421875 0.02578125
0 0.971875 0.46796875 0.025 0.02421875
0 0.2234375 0.56171875 0.02421875 0.028125
1 0.8703125 0.57890625 0.02265625 0.02421875
0 0.059375 0.5703125 0.02421875 0.02578125