0 0.6046875 0.83984375 0.0859375 0.14296875
0 0.4015625 0.4859375 0.0796875 0.06484375
0 0.3890625 0.403125 0.08125 0.06484375
2 0.4234375 0.26796875 0.10234375 0.109375
0 0.6359375 0.196875 0.07734375 0.0796875
0 0.65859375 0.290625 0.075 0.0703125
0 0.5921875 0.38359375 0.07890625 0.06328125
0 0.6265625 0.465625 0.08671875 0.07578125
1 0.71328125 0.61328125 0.12578125 0.140625
0 0.778125 0.3609375 0.0859375 0.06640625
0 0.25703125 0.34296875 0.07421875 0.06640625
0 0.18125 0.42421875 0.065625 0.0703125
1 0.196875 0.515625 0.10078125 0.09453125
2 0.23515625 0.23671875 0.153125 0.1109375
2 0.90859375 0.1484375 0.17890625 0.1296875
0 0.85390625 0.25859375 0.07890625 0.06875
0 0.88984375 0.42109375 0.07734375 0.0796875
0 0.878125 0.5109375 0.0796875 0.0703125
0 0.14375 0.6265625 0.0765625 0.06875
0 0.109375 0.71953125 0.0796875 0.06875
0 0.190625 0.87890625 0.07109375 0.06875
0 0.04453125 0.89453125 0.07734375 0.06640625
0 0.0578125 0.6359375 0.075 0.05390625
0 0.05 0.80703125 0.078125 0.06640625
0 0.17890625 0.790625 0.0765625 0.06328125