2 0.4671875 0.12109375 0.1875 0.2421875
0 0.30546875 0.1734375 0.071875 0.11328125
0 0.38515625 0.91171875 0.075 0.0984375
0 0.4703125 0.2640625 0.075 0.0984375
0 0.69453125 0.3859375 0.075 0.1015625
0 0.4234375 0.37578125 0.0796875 0.11484375
0 0.55546875 0.43515625 0.071875 0.1
0 0.0171875 0.2453125 0.034375 0.096875
1 0.06953125 0.12890625 0.11875 0.15390625
0 0.3609375 0.4390625 0.0734375 0.1
0 0.0875 0.23671875 0.0796875 0.10703125
0 0.2171875 0.38046875 0.0765625 0.10546875
0 0.2515625 0.615625 0.0734375 0.09453125
0 0.11015625 0.46171875 0.07421875 0.109375
0 0.21015625 0.2703125 0.06953125 0.09609375
0 0.0984375 0.34453125 0.07421875 0.10390625
0 0.11953125 0.884375 0.06328125 0.1390625
0 0.0453125 0.6609375 0.06953125 0.1515625
0 0.5828125 0.85859375 0.08125 0.07578125
0 0.7859375 0.88203125 0.0890625 0.128125
0 0.26953125 0.53828125 0.08203125 0.11328125
0 0.728125 0.721875 0.0703125 0.10390625
0 0.93828125 0.95 0.0875 0.09609375
0 0.97265625 0.79921875 0.053125 0.1015625
0 0.9 0.57890625 0.078125 0.11640625
0 0.87421875 0.79140625 0.075 0.11328125
0 0.82109375 0.62109375 0.0671875 0.08671875