0 0.5953125 0.3234375 0.03046875 0.07578125
1 0.67109375 0.03125 0.0359375 0.0625
0 0.64765625 0.090625 0.028125 0.06640625
0 0.61875 0.15 0.0265625 0.059375
0 0.59609375 0.22890625 0.0265625 0.05390625
0 0.7015625 0.03125 0.03125 0.0515625
0 0.675 0.0984375 0.025 0.059375
0 0.65 0.16171875 0.021875 0.05390625
0 0.62734375 0.225 0.028125 0.06484375
0 0.68046875 0.25390625 0.0328125 0.059375
0 0.628125 0.34453125 0.0328125 0.05546875
0 0.03515625 0.0203125 0.0296875 0.040625
0 0.071875 0.01640625 0.03125 0.0328125
0 0.0390625 0.0609375 0.03515625 0.0515625
0 0.028125 0.096875 0.0328125 0.05390625
0 0.128125 0.03203125 0.0328125 0.05
0 0.1046875 0.0984375 0.0328125 0.04453125
0 0.15703125 0.10703125 0.03515625 0.05546875
2 0.13984375 0.1953125 0.05625 0.08359375
0 0.11328125 0.20859375 0.0328125 0.05
0 0.225 0.1984375 0.0328125 0.0515625
2 0.16796875 0.27109375 0.04296875 0.0609375
0 0.2234375 0.290625 0.0328125 0.0484375
0 0.28515625 0.23046875 0.03515625 0.05390625
0 0.29765625 0.33359375 0.034375 0.0515625
0 0.3578125 0.31171875 0.034375 0.05703125
0 0.3109375 0.3984375 0.03046875 0.0515625
2 0.25078125 0.37890625 0.0890625 0.1203125
0 0.3296875 0.5015625 0.0265625 0.0515625
0 0.39609375 0.41015625 0.034375 0.05390625
0 0.5265625 0.4609375 0.03984375 0.059375
0 0.42890625 0.5015625 0.03046875 0.0484375
0 0.36953125 0.61796875 0.02421875 0.06484375
0 0.528125 0.39375 0.0359375 0.0390625
0 0.58203125 0.5203125 0.0390625 0.059375
0 0.50859375 0.5515625 0.0375 0.05546875
0 0.534375 0.6390625 0.03984375 0.06328125
0 0.61796875 0.615625 0.034375 0.05390625
0 0.61953125 0.521875 0.03828125 0.05546875
0 0.621875 0.4765625 0.04375 0.0609375
0 0.665625 0.63125 0.0375 0.05546875
0 0.69609375 0.61015625 0.0375 0.05390625
2 0.7171875 0.58359375 0.09453125 0.13359375
0 0.8109375 0.6984375 0.03984375 0.059375
0 0.815625 0.75390625 0.0359375 0.059375
0 0.97421875 0.8484375 0.03828125 0.059375
0 0.93984375 0.859375 0.03828125 0.059375
0 0.69921875 0.71875 0.0375 0.05546875
0 0.74765625 0.68125 0.0359375 0.05546875
0 0.7671875 0.7484375 0.0359375 0.059375
0 0.7484375 0.77890625 0.0390625 0.0609375
0 0.80390625 0.84609375 0.040625 0.06328125
0 0.86875 0.87890625 0.0375 0.05703125
0 0.8796875 0.93984375 0.0421875 0.05703125
0 0.675 0.75703125 0.03828125 0.05546875
0 0.6671875 0.79296875 0.03515625 0.06328125
2 0.61640625 0.78046875 0.0859375 0.12421875
0 0.74375 0.19609375 0.0234375 0.06328125
0 0.7125 0.89453125 0.0375 0.05546875
0 0.37734375 0.84453125 0.0265625 0.0703125
0 0.3875 0.925 0.0296875 0.06875
0 0.72734375 0.37109375 0.02265625 0.071875
0 0.465625 0.16328125 0.03828125 0.03671875
0 0.8109375 0.9234375 0.03828125 0.05703125
0 0.771875 0.93125 0.0390625 0.05546875