0 0.5828125 0.30859375 0.0265625 0.07578125
0 0.625 0.0703125 0.02734375 0.06640625
0 0.59765625 0.13515625 0.0234375 0.059375
0 0.57890625 0.2140625 0.0234375 0.05390625
0 0.6515625 0.075 0.02421875 0.0609375
0 0.63125 0.14140625 0.021875 0.05390625
0 0.6109375 0.20703125 0.0265625 0.06640625
0 0.5765625 0.39453125 0.0359375 0.040625
0 0.51015625 0.39453125 0.034375 0.03671875
0 0.01171875 0.0546875 0.0234375 0.0390625
0 0.01875 0.115625 0.034375 0.04296875
0 0.05625 0.0984375 0.034375 0.0515625
2 0.0421875 0.18046875 0.0578125 0.07578125
0 0.03125 0.215625 0.0375 0.05
0 0.11484375 0.1609375 0.034375 0.04453125
0 0.08984375 0.28359375 0.0453125 0.06328125
0 0.13046875 0.265625 0.0359375 0.05
0 0.1515625 0.15546875 0.0359375 0.0484375
0 0.1609375 0.25390625 0.0375 0.0484375
0 0.22734375 0.2265625 0.034375 0.05
0 0.20625 0.33984375 0.03046875 0.04609375
2 0.17578125 0.35859375 0.0921875 0.11328125
0 0.25546875 0.4453125 0.028125 0.04609375
0 0.27265625 0.31328125 0.0375 0.0515625
0 0.621875 0.55546875 0.040625 0.05546875
0 0.284375 0.371875 0.03203125 0.0484375
0 0.31484375 0.525 0.03203125 0.05390625
0 0.3953125 0.38359375 0.03515625 0.0484375
0 0.6796875 0.60546875 0.04296875 0.059375
0 0.36015625 0.40625 0.040625 0.06484375
0 0.39765625 0.48671875 0.03828125 0.059375
0 0.675 0.65 0.0390625 0.0484375
0 0.67890625 0.559375 0.0390625 0.0515625
0 0.66171875 0.49375 0.04375 0.05703125
0 0.7578125 0.68828125 0.0375 0.05
0 0.75078125 0.6296875 0.03828125 0.05546875
2 0.77109375 0.5953125 0.0984375 0.11640625
0 0.87109375 0.69140625 0.040625 0.05390625
0 0.8625 0.7296875 0.0375 0.05546875
0 0.7296875 0.70546875 0.03828125 0.05546875
0 0.79921875 0.6796875 0.0359375 0.05546875
0 0.853125 0.77421875 0.03828125 0.059375
0 0.775 0.74609375 0.03984375 0.05546875
0 0.821875 0.7953125 0.040625 0.05703125
0 0.91328125 0.8359375 0.0375 0.05703125
0 0.9484375 0.91796875 0.0421875 0.05703125
0 0.5015625 0.54296875 0.0359375 0.0515625
0 0.525 0.61171875 0.0359375 0.0609375
2 0.4796875 0.6140625 0.08515625 0.10546875
0 0.7140625 0.33671875 0.02265625 0.06640625
0 0.575 0.703125 0.0359375 0.05390625
0 0.40390625 0.7046875 0.02265625 0.06875
0 0.40546875 0.94921875 0.0265625 0.06875
0 0.74921875 0.4703125 0.0328125 0.0703125
0 0.5828125 0.06171875 0.0359375 0.06875
0 0.8796875 0.91796875 0.03984375 0.05703125
0 0.64609375 0.6859375 0.03828125 0.05703125
0 0.61640625 0.70390625 0.0390625 0.05546875
0 0.68359375 0.1703125 0.025 0.05546875
0 0.8078125 0.8859375 0.03984375 0.05390625
0 0.70390625 0.80703125 0.0359375 0.0515625
2 0.73125 0.88984375 0.08671875 0.1015625
2 0.8625 0.96796875 0.06328125 0.05703125