0 0.8078125 0.4984375 0.0234375 0.02578125
0 0.65234375 0.50390625 0.021875 0.02578125
0 0.8953125 0.49453125 0.0234375 0.02578125
0 0.6875 0.47421875 0.0234375 0.021875
0 0.4421875 0.50390625 0.0234375 0.0296875
0 0.36015625 0.49609375 0.0234375 0.02578125
0 0.2984375 0.509375 0.0171875 0.021875
2 0.584375 0.49296875 0.04296875 0.04453125
0 0.8125 0.47578125 0.0234375 0.02578125
0 0.4796875 0.4765625 0.02265625 0.03515625
0 0.546875 0.5734375 0.0234375 0.03125
0 0.584375 0.53046875 0.02265625 0.03515625
0 0.85546875 0.46875 0.0234375 0.02578125
0 0.740625 0.4734375 0.02265625 0.02421875
0 0.68359375 0.5890625 0.0234375 0.02578125
0 0.51484375 0.65703125 0.01875 0.03671875
0 0.05 0.54296875 0.02265625 0.02578125
0 0.221875 0.559375 0.0171875 0.02578125
0 0.5046875 0.05390625 0.0140625 0.040625
0 0.63125 0.47421875 0.0234375 0.02578125
0 0.384375 0.51875 0.021875 0.02578125
0 0.934375 0.58203125 0.0140625 0.01640625
0 0.521875 0.72109375 0.01171875 0.0390625
0 0.5234375 0.76484375 0.0140625 0.04453125
0 0.52421875 0.815625 0.0140625 0.04296875
0 0.52578125 0.8703125 0.0125 0.040625
0 0.52734375 0.91796875 0.0140625 0.04296875
0 0.53515625 0.71640625 0.0140625 0.04453125
0 0.5484375 0.68359375 0.0109375 0.04453125
0 0.54765625 0.73671875 0.009375 0.03359375
0 0.56015625 0.68125 0.0125 0.04453125
0 0.56015625 0.7296875 0.0109375 0.03359375
0 0.5609375 0.778125 0.0109375 0.03671875
1 0.4578125 0.23359375 0.01171875 0.06640625
0 0.46015625 0.359375 0.0125 0.04453125
0 0.24140625 0.509375 0.0234375 0.02578125
0 0.4828125 0.140625 0.0140625 0.04453125
0 0.4953125 0.140625 0.0125 0.04453125
0 0.48046875 0.01875 0.0140625 0.03671875
0 0.5 0.64453125 0.0140625 0.04453125
0 0.50625 0.13203125 0.0109375 0.04296875
0 0.46953125 0.2109375 0.0125 0.03671875
0 0.4734375 0.35546875 0.0140625 0.04453125
0 0.48359375 0.19453125 0.0140625 0.04453125
0 0.48359375 0.24453125 0.0140625 0.04453125
0 0.4953125 0.2484375 0.0109375 0.04453125
0 0.50859375 0.22578125 0.0125 0.04453125
0 0.509375 0.278125 0.0125 0.04453125
0 0.48515625 0.29375 0.01171875 0.0390625
0 0.496875 0.2984375 0.009375 0.03671875
0 0.4875 0.34140625 0.01171875 0.04296875
0 0.49921875 0.3453125 0.01171875 0.0390625
0 0.5109375 0.43671875 0.0171875 0.04453125
0 0.3328125 0.52890625 0.01875 0.02421875
0 0.46953125 0.1515625 0.0140625 0.04453125
0 0.98359375 0.46640625 0.02265625 0.02578125
0 0.4953125 0.09296875 0.009375 0.03359375
0 0.5671875 0.29609375 0.01875 0.04453125
0 0.621875 0.41796875 0.0234375 0.028125
0 0.8984375 0.46875 0.021875 0.02578125
2 0.08515625 0.5734375 0.03125 0.03125
0 0.484375 0.74296875 0.0140625 0.04453125
0 0.1578125 0.540625 0.01875 0.02578125
0 0.49140625 0.5296875 0.0234375 0.021875
0 0.084375 0.54375 0.021875 0.02421875
0 0.49140625 0.8203125 0.0140625 0.04453125
0 0.1078125 0.540625 0.01953125 0.02578125
0 0.109375 0.56484375 0.0171875 0.021875
0 0.13203125 0.540625 0.02265625 0.02578125
0 0.134375 0.56484375 0.0234375 0.021875
0 0.5015625 0.55078125 0.0203125 0.0203125
0 0.1625 0.56796875 0.0234375 0.0203125
0 0.3109375 0.36875 0.01875 0.040625
0 0.20234375 0.5390625 0.021875 0.02578125
0 0.7046875 0.5015625 0.0234375 0.02578125
0 0.51484375 0.48125 0.0234375 0.02578125
0 0.26953125 0.52890625 0.0234375 0.02421875
0 0.2578125 0.55703125 0.0234375 0.02578125
0 0.990625 0.49609375 0.01484375 0.02578125
0 0.3140625 0.55703125 0.0234375 0.02578125
0 0.0578125 0.5703125 0.0234375 0.02578125
0 0.36640625 0.5484375 0.02265625 0.021875
0 0.7453125 0.5015625 0.0234375 0.02578125
0 0.4328125 0.5515625 0.01953125 0.02578125
0 0.45703125 0.55546875 0.0234375 0.021875