0 0.9734375 0.62109375 0.0390625 0.0390625
0 0.85625 0.57109375 0.04375 0.0390625
0 0.46640625 0.540625 0.034375 0.05546875
0 0.51640625 0.72109375 0.0265625 0.071875
0 0.9515625 0.51171875 0.0421875 0.04296875
0 0.98359375 0.45625 0.02734375 0.0390625
1 0.6859375 0.46171875 0.0984375 0.05
0 0.75859375 0.46171875 0.040625 0.0390625
0 0.81640625 0.515625 0.040625 0.0390625
0 0.14765625 0.5484375 0.03984375 0.040625
0 0.5984375 0.93359375 0.0203125 0.0703125
0 0.9 0.509375 0.04296875 0.03671875
0 0.184375 0.55 0.04296875 0.04453125
0 0.659375 0.84140625 0.0296875 0.07578125
1 0.6078125 0.50546875 0.028125 0.059375
0 0.35703125 0.475 0.0359375 0.03515625
0 0.0140625 0.5546875 0.02734375 0.03125
0 0.1 0.55 0.0390625 0.040625
0 0.05546875 0.6 0.0421875 0.040625
0 0.10390625 0.5953125 0.04375 0.0390625
0 0.1625 0.59453125 0.0390625 0.03671875
0 0.203125 0.596875 0.0390625 0.0390625
0 0.2515625 0.59375 0.034375 0.03515625
0 0.28828125 0.584375 0.03203125 0.03515625
0 0.5109375 0.6359375 0.02265625 0.06875
0 0.515625 0.2140625 0.0234375 0.08359375
0 0.834375 0.40078125 0.0421875 0.04296875
0 0.8265625 0.46484375 0.0390625 0.03671875
0 0.9 0.4609375 0.0390625 0.040625
0 0.9484375 0.46015625 0.0453125 0.04609375
0 0.8578125 0.50625 0.040625 0.03515625
0 0.7609375 0.50859375 0.03828125 0.04296875
0 0.7125 0.51171875 0.0390625 0.0390625
0 0.6546875 0.5640625 0.0390625 0.05
0 0.75859375 0.578125 0.04765625 0.0484375
0 0.70625 0.61953125 0.0328125 0.03515625
0 0.69453125 0.7546875 0.028125 0.06875
0 0.55625 0.87890625 0.01953125 0.0796875
0 0.534375 0.93125 0.01953125 0.078125
0 0.57734375 0.82421875 0.0234375 0.07421875
0 0.6015625 0.8203125 0.01953125 0.07421875
0 0.45390625 0.13203125 0.02265625 0.07578125
0 0.475 0.2265625 0.01953125 0.07578125
0 0.27265625 0.54375 0.040625 0.0390625
0 0.04765625 0.55625 0.0390625 0.03515625
0 0.2296875 0.5484375 0.03984375 0.04453125
0 0.5359375 0.83515625 0.0234375 0.078125
0 0.01171875 0.596875 0.0234375 0.03515625
1 0.57890625 0.44453125 0.025 0.06328125
0 0.8609375 0.63046875 0.0421875 0.0390625