0 0.54296875 0.1015625 0.0609375 0.140625
0 0.175 0.02890625 0.03984375 0.05703125
0 0.43125 0.421875 0.0625 0.13359375
0 0.25 0.06640625 0.05625 0.1328125
0 0.32734375 0.29609375 0.059375 0.13359375
0 0.29296875 0.4953125 0.0640625 0.1203125
0 0.21796875 0.2796875 0.05625 0.13671875
0 0.14375 0.06875 0.06640625 0.12578125
0 0.3515625 0.17890625 0.0546875 0.1203125
0 0.17890625 0.9515625 0.0828125 0.09296875
0 0.23671875 0.178125 0.059375 0.12578125
0 0.034375 0.709375 0.065625 0.140625
0 0.059375 0.44609375 0.0359375 0.1515625
0 0.22265625 0.815625 0.07421875 0.07578125
0 0.43203125 0.84921875 0.090625 0.0984375
0 0.3390625 0.48515625 0.0640625 0.1484375
0 0.4421875 0.25390625 0.0546875 0.140625
0 0.55390625 0.61171875 0.065625 0.15390625
0 0.6953125 0.6859375 0.06640625 0.14296875
0 0.7953125 0.83359375 0.0578125 0.121875
0 0.78671875 0.5390625 0.04609375 0.1515625
0 0.54453125 0.42578125 0.06171875 0.140625
0 0.584375 0.365625 0.0546875 0.11328125
0 0.540625 0.10390625 0.06875 0.12578125