0 0.22890625 0.5109375 0.075 0.06640625
0 0.1984375 0.4265625 0.08125 0.06484375
2 0.27109375 0.30390625 0.10078125 0.10390625
0 0.4984375 0.21796875 0.0828125 0.071875
0 0.51875 0.31171875 0.0765625 0.06875
0 0.42265625 0.40546875 0.075 0.0703125
0 0.4703125 0.48203125 0.0875 0.07578125
1 0.61171875 0.76328125 0.1046875 0.16328125
0 0.60859375 0.38828125 0.078125 0.071875
0 0.0625 0.36328125 0.0765625 0.06640625
2 0.10390625 0.259375 0.16328125 0.1109375
2 0.81953125 0.16015625 0.2078125 0.128125
0 0.7203125 0.2765625 0.0671875 0.06875
0 0.72109375 0.44296875 0.07734375 0.08125
0 0.76328125 0.58359375 0.07890625 0.09609375
0 0.875 0.3390625 0.08203125 0.06328125
0 0.9234375 0.5015625 0.08203125 0.0703125
0 0.93359375 0.25546875 0.08203125 0.06328125
0 0.165625 0.62421875 0.084375 0.0703125
0 0.109375 0.71796875 0.08203125 0.06875
0 0.2046875 0.87109375 0.0765625 0.06875
0 0.04453125 0.8953125 0.07734375 0.06875
0 0.06171875 0.6390625 0.07109375 0.06328125
0 0.05078125 0.80625 0.0796875 0.06875
0 0.184375 0.78984375 0.08203125 0.07578125