0 0.53046875 0.64921875 0.0125 0.04296875
0 0.54609375 0.5140625 0.0125 0.03515625
1 0.54921875 0.45625 0.0125 0.03515625
0 0.52578125 0.5234375 0.0125 0.03515625
1 0.525 0.434375 0.01484375 0.04296875
0 0.5375 0.36953125 0.0125 0.02421875
0 0.56171875 0.39296875 0.01640625 0.02578125
1 0.46953125 0.4203125 0.0125 0.0515625
0 0.453125 0.39140625 0.009375 0.03515625
0 0.47421875 0.34609375 0.00859375 0.02578125
0 0.459375 0.3515625 0.009375 0.02578125
0 0.475 0.271875 0.009375 0.02578125
0 0.45703125 0.30703125 0.009375 0.02578125
0 0.459375 0.27421875 0.009375 0.02578125
0 0.46328125 0.22578125 0.00859375 0.021875
0 0.47578125 0.21171875 0.00859375 0.028125
0 0.51328125 0.76171875 0.01484375 0.04609375
0 0.5109375 0.66015625 0.0125 0.04296875
0 0.55390625 0.7109375 0.01484375 0.04453125
0 0.5359375 0.83828125 0.015625 0.05390625
0 0.51015625 0.55859375 0.0109375 0.03125
0 0.48984375 0.29609375 0.00859375 0.02578125
0 0.48984375 0.3203125 0.00859375 0.02578125
0 0.49375 0.38984375 0.01484375 0.028125
0 0.509375 0.48203125 0.0125 0.03125
0 0.5 0.35703125 0.0140625 0.02578125
0 0.490625 0.271875 0.009375 0.02578125
0 0.49140625 0.25 0.0078125 0.02578125
0 0.48984375 0.22421875 0.0109375 0.02578125
0 0.5515625 0.6140625 0.01171875 0.0390625
0 0.43046875 0.37578125 0.01640625 0.01875
0 0.5171875 0.36015625 0.01171875 0.028125
0 0.5109375 0.9046875 0.01953125 0.0609375
0 0.509375 0.265625 0.00859375 0.02421875
0 0.5203125 0.2234375 0.00859375 0.02421875
0 0.521875 0.3046875 0.00859375 0.02421875
1 0.64140625 0.8609375 0.0703125 0.06640625
0 0.4390625 0.61328125 0.01484375 0.04453125
0 0.47734375 0.61328125 0.0125 0.0484375
0 0.5375 0.29609375 0.0140625 0.040625