0 0.5359375 0.42578125 0.0140625 0.03671875
1 0.87109375 0.75390625 0.03125 0.04453125
0 0.43359375 0.80390625 0.0140625 0.0515625
0 0.4578125 0.87421875 0.0171875 0.06328125
0 0.50078125 0.97578125 0.0203125 0.040625
0 0.528125 0.97109375 0.01875 0.05
0 0.503125 0.871875 0.01640625 0.06328125
0 0.55546875 0.93125 0.0140625 0.06328125
0 0.528125 0.8359375 0.0171875 0.0609375
0 0.5078125 0.79453125 0.0140625 0.0515625
0 0.54609375 0.76484375 0.0140625 0.04453125
0 0.5265625 0.74453125 0.0140625 0.04453125
0 0.50859375 0.71640625 0.0140625 0.04453125
0 0.49296875 0.5984375 0.01875 0.04453125
0 0.5078125 0.63984375 0.0234375 0.0390625
0 0.48125 0.671875 0.01875 0.04453125
0 0.49140625 0.7484375 0.0234375 0.04453125
0 0.5421875 0.68203125 0.0328125 0.03125
0 0.48359375 0.54921875 0.0140625 0.03515625
0 0.48671875 0.5 0.0125 0.03671875
0 0.4875 0.45625 0.0109375 0.03515625
0 0.49140625 0.41015625 0.009375 0.03515625
0 0.4734375 0.378125 0.009375 0.02578125
0 0.490625 0.371875 0.00859375 0.02578125
0 0.475 0.31328125 0.0109375 0.02578125
0 0.45703125 0.6234375 0.0140625 0.04296875
0 0.5484375 0.56171875 0.0125 0.04296875
1 0.49375 0.32578125 0.0140625 0.03359375
0 0.4890625 0.30390625 0.0125 0.02578125
0 0.3984375 0.659375 0.0234375 0.02578125
0 0.3125 0.6515625 0.025 0.02578125
0 0.27734375 0.640625 0.0296875 0.02578125
0 0.23984375 0.6359375 0.028125 0.03125
0 0.05625 0.60625 0.03203125 0.028125