0 0.89921875 0.4984375 0.0234375 0.02578125
0 0.6984375 0.50390625 0.021875 0.02578125
0 0.50625 0.83046875 0.0140625 0.04609375
0 0.50625 0.959375 0.0140625 0.04453125
0 0.959375 0.49609375 0.0234375 0.02578125
0 0.75703125 0.478125 0.02265625 0.021875
0 0.3890625 0.52578125 0.021875 0.021875
0 0.45625 0.48515625 0.0234375 0.02578125
0 0.39921875 0.50625 0.01875 0.02421875
2 0.653125 0.4765625 0.0359375 0.02421875
0 0.89375 0.47421875 0.0234375 0.02578125
0 0.43046875 0.5203125 0.01953125 0.02578125
0 0.60625 0.509375 0.01953125 0.02578125
0 0.64765625 0.50703125 0.0234375 0.02578125
0 0.93203125 0.4546875 0.0203125 0.02421875
0 0.82265625 0.4734375 0.02265625 0.02421875
0 0.59453125 0.66328125 0.015625 0.04453125
0 0.01171875 0.5796875 0.01953125 0.02578125
0 0.21484375 0.56328125 0.015625 0.01875
0 0.7046875 0.4796875 0.0234375 0.02578125
0 0.3484375 0.52578125 0.021875 0.021875
0 0.7828125 0.58125 0.015625 0.01875
0 0.5203125 0.70859375 0.0109375 0.0390625
0 0.525 0.7546875 0.0140625 0.04296875
0 0.525 0.79609375 0.0140625 0.03359375
0 0.528125 0.840625 0.0125 0.040625
0 0.52734375 0.8890625 0.0140625 0.04453125
0 0.5328125 0.703125 0.01484375 0.04296875
0 0.54609375 0.6765625 0.009375 0.04296875
0 0.5453125 0.71484375 0.009375 0.03359375
0 0.5578125 0.678125 0.01171875 0.040625
0 0.55625 0.71953125 0.0109375 0.03515625
0 0.55703125 0.7640625 0.0109375 0.0390625
1 0.4625 0.23671875 0.0140625 0.07421875
0 0.46640625 0.3734375 0.0109375 0.04296875
0 0.33515625 0.50390625 0.0234375 0.02578125
0 0.48515625 0.15390625 0.0140625 0.04453125
0 0.4953125 0.16953125 0.0109375 0.04296875
0 0.50625 0.0546875 0.0109375 0.0390625
0 0.47421875 0.23515625 0.0125 0.03671875
0 0.47734375 0.3703125 0.0140625 0.04453125
0 0.48515625 0.21953125 0.0140625 0.04296875
0 0.4984375 0.26875 0.0109375 0.03671875
0 0.509375 0.29609375 0.0125 0.04453125
0 0.4890625 0.3140625 0.0109375 0.0390625
0 0.49921875 0.31875 0.009375 0.03671875
0 0.4875 0.35625 0.01171875 0.0390625
0 0.50078125 0.36015625 0.01171875 0.0390625
0 0.4796875 0.50703125 0.01875 0.02578125
0 0.290625 0.534375 0.015625 0.0203125
0 0.47421875 0.1703125 0.0125 0.04453125
0 0.5015625 0.75703125 0.0125 0.04453125
0 0.0296875 0.54609375 0.0203125 0.021875
0 0.61328125 0.41171875 0.0234375 0.028125
0 0.7046875 0.4484375 0.0234375 0.02578125
0 0.971875 0.46875 0.021875 0.02578125
2 0.1140625 0.5734375 0.0234375 0.02421875
0 0.534375 0.5546875 0.02265625 0.03515625
0 0.18125 0.54453125 0.01875 0.021875
0 0.46953125 0.53125 0.0234375 0.021875
0 0.11640625 0.54453125 0.01953125 0.02578125
0 0.528125 0.60859375 0.01875 0.03515625
0 0.13671875 0.540625 0.01953125 0.02578125
0 0.1390625 0.56640625 0.0171875 0.021875
0 0.1625 0.56875 0.021875 0.021875
0 0.1859375 0.565625 0.021875 0.0203125
0 0.3171875 0.3984375 0.01875 0.04453125
0 0.209375 0.54296875 0.01953125 0.02578125
0 0.78359375 0.4984375 0.02265625 0.021875
0 0.6 0.478125 0.0234375 0.02578125
0 0.2484375 0.5359375 0.0234375 0.02421875
0 0.23984375 0.559375 0.01875 0.02578125
0 0.28515625 0.5609375 0.021875 0.02578125
0 0.090625 0.571875 0.0234375 0.02578125
0 0.325 0.55078125 0.02265625 0.02421875
0 0.83125 0.50390625 0.0234375 0.02578125
0 0.40703125 0.5515625 0.01953125 0.02578125
0 0.453125 0.55546875 0.0234375 0.021875