0 0.5109375 0.85 0.01640625 0.06328125
0 0.5359375 0.83125 0.01875 0.05546875
0 0.51171875 0.775 0.015625 0.05390625
0 0.559375 0.75546875 0.0140625 0.04453125
0 0.5359375 0.75390625 0.0140625 0.0515625
0 0.5125 0.7015625 0.01484375 0.04453125
0 0.5515625 0.690625 0.0140625 0.04453125
0 0.5328125 0.69296875 0.0140625 0.04453125
0 0.51171875 0.64609375 0.0140625 0.040625
0 0.65546875 0.709375 0.0328125 0.03671875
0 0.78203125 0.75078125 0.02734375 0.03125
0 0.3609375 0.621875 0.0296875 0.02578125
0 0.43828125 0.640625 0.025 0.04453125
0 0.57578125 0.66171875 0.0265625 0.04296875
0 0.5359375 0.61796875 0.02734375 0.04296875
0 0.4921875 0.56328125 0.0140625 0.04453125
0 0.49375 0.503125 0.009375 0.03515625
0 0.471875 0.64296875 0.0140625 0.04453125
0 0.496875 0.44921875 0.0125 0.03125
0 0.475 0.5703125 0.0140625 0.04453125
0 0.45234375 0.58359375 0.0140625 0.040625
0 0.58984375 0.540625 0.0234375 0.03359375
1 0.50078125 0.38984375 0.0140625 0.04296875
0 0.478125 0.48125 0.0125 0.040625
0 0.4109375 0.65625 0.02421875 0.03125
0 0.31953125 0.640625 0.028125 0.02578125
0 0.28828125 0.63203125 0.0328125 0.03125
0 0.25078125 0.62578125 0.028125 0.02578125
0 0.2109375 0.621875 0.0328125 0.02578125
0 0.1703125 0.61796875 0.03125 0.028125
0 0.72578125 0.66015625 0.0296875 0.028125
0 0.81875 0.690625 0.03125 0.02578125
0 0.12578125 0.60703125 0.03046875 0.02578125
0 0.0734375 0.59375 0.0328125 0.03515625
0 0.509375 0.95625 0.01953125 0.05390625
0 0.5375 0.92421875 0.01875 0.06328125
0 0.47890625 0.40859375 0.0109375 0.03515625
0 0.459375 0.44921875 0.01171875 0.03125
0 0.4671875 0.36484375 0.0125 0.04453125
0 0.48515625 0.34375 0.009375 0.03125
0 0.503125 0.3390625 0.009375 0.02578125