0 0.54375 0.290625 0.0203125 0.078125
0 0.546875 0.046875 0.021875 0.06875
0 0.53046875 0.11796875 0.01875 0.0609375
0 0.525 0.20390625 0.01953125 0.059375
0 0.571875 0.034375 0.0203125 0.06484375
0 0.56171875 0.1046875 0.01875 0.05703125
0 0.55390625 0.18046875 0.0203125 0.06484375
0 0.2375 0.428125 0.03984375 0.0484375
0 0.16875 0.3984375 0.03828125 0.04453125
0 0.03203125 0.478125 0.0359375 0.0296875
0 0.10625 0.55078125 0.0359375 0.03125
0 0.05 0.39921875 0.0359375 0.04296875
0 0.70625 0.53125 0.0421875 0.040625
0 0.15390625 0.56796875 0.0359375 0.0390625
0 0.075 0.37109375 0.0390625 0.0390625
0 0.76640625 0.55078125 0.04296875 0.04296875
0 0.09765625 0.41640625 0.040625 0.040625
0 0.075 0.4515625 0.0421875 0.040625
0 0.7046875 0.56953125 0.03828125 0.0390625
0 0.70390625 0.490625 0.03828125 0.040625
0 0.70859375 0.45078125 0.04375 0.04296875
0 0.834375 0.5765625 0.0390625 0.0390625
0 0.79296875 0.51875 0.0375 0.03671875
0 0.8 0.47421875 0.10234375 0.07421875
0 0.89296875 0.50703125 0.0421875 0.03671875
0 0.96953125 0.57109375 0.03828125 0.03515625
0 0.746875 0.58515625 0.03828125 0.040625
0 0.853125 0.53828125 0.03828125 0.03515625
0 0.9265625 0.60546875 0.0390625 0.03671875
0 0.79296875 0.6015625 0.0390625 0.040625
0 0.84453125 0.62421875 0.0421875 0.04453125
0 0.16796875 0.4453125 0.0390625 0.03515625
0 0.1859375 0.4890625 0.03828125 0.040625
2 0.1734375 0.53203125 0.0984375 0.06875
0 0.74453125 0.375 0.03828125 0.04609375
0 0.2671875 0.55703125 0.03984375 0.03671875
0 0.26328125 0.60703125 0.0359375 0.040625
0 0.32109375 0.27109375 0.0390625 0.04296875
0 0.4921875 0.59296875 0.03515625 0.040625
0 0.6515625 0.0296875 0.0203125 0.05546875
0 0.965625 0.834375 0.04296875 0.05
0 0.56640625 0.365625 0.0328125 0.05703125
0 0.6578125 0.16328125 0.02265625 0.05546875
0 0.58671875 0.22890625 0.0234375 0.06875
0 0.47109375 0.43671875 0.03828125 0.04453125
0 0.6265625 0.603125 0.0359375 0.04296875
0 0.6484375 0.6984375 0.0375 0.04453125
0 0.81953125 0.72109375 0.0375 0.0390625
0 0.5828125 0.6390625 0.03828125 0.0484375
0 0.54375 0.571875 0.03046875 0.03671875
0 0.42265625 0.5296875 0.0375 0.04453125
0 0.2703125 0.47578125 0.03828125 0.03671875
0 0.271875 0.5203125 0.0375 0.03671875
0 0.38203125 0.46796875 0.0359375 0.0390625
0 0.365625 0.553125 0.0375 0.04296875
0 0.3328125 0.58203125 0.0375 0.0390625
2 0.38203125 0.65 0.08125 0.06328125
2 0.4703125 0.62578125 0.06328125 0.05546875
2 0.5109375 0.6953125 0.0671875 0.0609375