0 0.0453125 0.51640625 0.071875 0.06328125
2 0.12109375 0.31875 0.11875 0.08515625
0 0.35859375 0.23203125 0.0765625 0.07578125
0 0.3578125 0.33125 0.0765625 0.0703125
0 0.228125 0.41875 0.07734375 0.06328125
0 0.31015625 0.49453125 0.08125 0.07421875
1 0.51875 0.92578125 0.07890625 0.14453125
0 0.428125 0.4109375 0.0765625 0.06328125
2 0.70390625 0.18125 0.1984375 0.12578125
0 0.575 0.296875 0.0671875 0.071875
0 0.5375 0.47421875 0.07734375 0.0703125
0 0.64375 0.71484375 0.075 0.11484375
0 0.71015625 0.3734375 0.0765625 0.071875
0 0.78203125 0.575 0.08125 0.08671875
0 0.803125 0.28125 0.075 0.0703125
0 0.95078125 0.1640625 0.07734375 0.071875
0 0.8875 0.43203125 0.07734375 0.06484375
0 0.9703125 0.34140625 0.05625 0.0609375
0 0.21875 0.60703125 0.0765625 0.06328125
0 0.11640625 0.7015625 0.08125 0.0703125
0 0.228125 0.86796875 0.071875 0.0796875
0 0.0453125 0.8765625 0.0796875 0.06875
0 0.08203125 0.61875 0.0765625 0.059375
0 0.0484375 0.790625 0.07734375 0.0703125
0 0.98046875 0.5109375 0.03515625 0.059375
0 0.196875 0.778125 0.08671875 0.06328125