0 0.5328125 0.61171875 0.01484375 0.04296875
0 0.5453125 0.4546875 0.0125 0.03515625
1 0.54765625 0.396875 0.0109375 0.03125
0 0.52890625 0.503125 0.0125 0.03515625
1 0.5265625 0.41875 0.0125 0.040625
0 0.5390625 0.3453125 0.01171875 0.02421875
0 0.553125 0.31640625 0.01484375 0.02578125
0 0.47578125 0.2765625 0.01171875 0.03515625
0 0.46015625 0.278125 0.00859375 0.02578125
0 0.47734375 0.228125 0.0078125 0.02578125
0 0.4640625 0.25390625 0.009375 0.02578125
0 0.4640625 0.2234375 0.009375 0.02421875
0 0.5140625 0.68359375 0.0125 0.04453125
0 0.51328125 0.58203125 0.0125 0.03515625
0 0.553125 0.61171875 0.0125 0.0390625
0 0.5359375 0.746875 0.01484375 0.05
0 0.5109375 0.484375 0.0109375 0.03125
0 0.49296875 0.23203125 0.00859375 0.02421875
0 0.49140625 0.2515625 0.00859375 0.02578125
0 0.49609375 0.30703125 0.01171875 0.02578125
0 0.51015625 0.415625 0.0125 0.03125
0 0.50078125 0.278125 0.0140625 0.02578125
0 0.55 0.53828125 0.01171875 0.0390625
0 0.44140625 0.30078125 0.015625 0.02421875
0 0.52265625 0.34375 0.01171875 0.028125
0 0.51640625 0.98125 0.0171875 0.03359375
0 0.51484375 0.80703125 0.01875 0.05546875
0 0.5421875 0.91484375 0.01640625 0.06328125
0 0.58046875 0.809375 0.01640625 0.0515625
0 0.5109375 0.2640625 0.00859375 0.02421875
0 0.5203125 0.2359375 0.00859375 0.02421875
0 0.5296875 0.30078125 0.0109375 0.02421875
0 0.6671875 0.94140625 0.03984375 0.0390625
0 0.66328125 0.9046875 0.03515625 0.028125
0 0.446875 0.590625 0.0125 0.040625
0 0.46796875 0.55546875 0.0125 0.04453125
1 0.62578125 0.66953125 0.059375 0.05390625
0 0.4546875 0.3859375 0.0125 0.03515625
0 0.48125 0.38359375 0.0125 0.03671875
0 0.5375 0.26875 0.0140625 0.03671875