0 0.478125 0.34375 0.03515625 0.13515625
0 0.43359375 0.07578125 0.03515625 0.1484375
0 0.42578125 0.34375 0.0390625 0.14609375
0 0.34140625 0.38359375 0.0359375 0.14453125
0 0.34296875 0.14453125 0.03828125 0.13671875
0 0.97109375 0.4515625 0.05546875 0.059375
0 0.4890625 0.1765625 0.03203125 0.1203125
0 0.3515625 0.7484375 0.0625 0.1296875
0 0.1125 0.50703125 0.07890625 0.07421875
0 0.13828125 0.609375 0.065625 0.05546875
0 0.03515625 0.60625 0.0703125 0.06875
0 0.03046875 0.49140625 0.05859375 0.06484375
0 0.38671875 0.16875 0.0375 0.140625
0 0.38125 0.44140625 0.0390625 0.1609375
0 0.04765625 0.33828125 0.07734375 0.09453125
0 0.65546875 0.23359375 0.0375 0.1296875
0 0.23359375 0.49609375 0.078125 0.1296875
1 0.5 0.034375 0.0375 0.06875
0 0.61171875 0.49453125 0.0359375 0.1484375
0 0.56875 0.49921875 0.03203125 0.14609375
0 0.140625 0.92890625 0.078125 0.128125
0 0.52734375 0.7 0.0390625 0.1484375
0 0.6078125 0.828125 0.034375 0.1515625
0 0.65546875 0.84453125 0.0375 0.1484375