0 0.571875 0.30078125 0.0234375 0.07578125
0 0.60546875 0.05859375 0.025 0.06875
0 0.5796875 0.12578125 0.021875 0.059375
0 0.56484375 0.20546875 0.02265625 0.059375
0 0.63125 0.05859375 0.02265625 0.0609375
0 0.6140625 0.1265625 0.0203125 0.05390625
0 0.596875 0.19609375 0.025 0.06640625
0 0.4703125 0.4203125 0.0375 0.03359375
0 0.4046875 0.403125 0.034375 0.03515625
0 0.01640625 0.15078125 0.03203125 0.05390625
0 0.0546875 0.184375 0.03515625 0.04296875
0 0.03203125 0.3 0.04765625 0.05546875
0 0.06875 0.28203125 0.0359375 0.05
0 0.0796875 0.16796875 0.03828125 0.05
0 0.0734375 0.23984375 0.03828125 0.04609375
0 0.1375 0.20703125 0.0359375 0.0484375
0 0.1421875 0.34453125 0.03125 0.040625
2 0.121875 0.37109375 0.0984375 0.0984375
0 0.20859375 0.44140625 0.03046875 0.04296875
0 0.196875 0.296875 0.03515625 0.0390625
0 0.678125 0.584375 0.040625 0.05390625
0 0.1765625 0.32421875 0.03203125 0.0484375
0 0.2609375 0.4984375 0.0328125 0.0484375
0 0.29765625 0.34609375 0.0375 0.0484375
0 0.73359375 0.6234375 0.0421875 0.05390625
0 0.2625 0.35390625 0.0375 0.0515625
0 0.2953125 0.421875 0.0375 0.0515625
0 0.696875 0.63671875 0.0390625 0.0484375
0 0.70390625 0.559375 0.0390625 0.0515625
0 0.69921875 0.50859375 0.04296875 0.05390625
0 0.7984375 0.678125 0.03828125 0.0484375
0 0.77265625 0.61328125 0.0390625 0.0484375
2 0.79453125 0.5765625 0.10078125 0.10546875
0 0.88515625 0.646875 0.0421875 0.05
0 0.88125 0.6890625 0.0375 0.0515625
0 0.73828125 0.675 0.0375 0.05
0 0.815625 0.64921875 0.03515625 0.05
0 0.884375 0.74140625 0.03828125 0.05390625
0 0.78359375 0.7109375 0.03984375 0.0484375
0 0.83125 0.746875 0.0421875 0.05390625
0 0.9328125 0.78359375 0.03828125 0.0515625
0 0.3890625 0.45546875 0.03515625 0.0484375
0 0.4265625 0.53046875 0.0375 0.04609375
2 0.378125 0.53671875 0.0890625 0.09609375
0 0.72109375 0.38359375 0.03046875 0.06328125
0 0.4796875 0.615625 0.0359375 0.05
0 0.38671875 0.63984375 0.03125 0.05703125
0 0.42109375 0.96328125 0.025 0.06640625
0 0.7875 0.50703125 0.0375 0.05546875
0 0.07890625 0.03125 0.0359375 0.0484375
0 0.84609375 0.86640625 0.03984375 0.0515625
0 0.68125 0.0890625 0.025 0.059375
0 0.9640625 0.91015625 0.03984375 0.05
0 0.95546875 0.96171875 0.03984375 0.05
0 0.88359375 0.846875 0.0328125 0.05390625
0 0.740625 0.734375 0.03984375 0.05390625
0 0.525 0.5640625 0.03828125 0.05390625
0 0.509375 0.59453125 0.0390625 0.0484375
0 0.6140625 0.31796875 0.025 0.05390625
0 0.66328125 0.71796875 0.0390625 0.05
0 0.57734375 0.68828125 0.03515625 0.05
2 0.61640625 0.7703125 0.0875 0.09296875
2 0.73359375 0.8203125 0.06640625 0.08515625
2 0.7515625 0.88828125 0.0734375 0.09453125