0 0.53046875 0.28671875 0.0171875 0.078125
0 0.521875 0.04453125 0.01875 0.06640625
0 0.509375 0.11640625 0.01640625 0.059375
0 0.509375 0.20078125 0.0171875 0.06484375
0 0.5453125 0.02890625 0.01640625 0.05703125
0 0.540625 0.0984375 0.01640625 0.059375
0 0.53671875 0.175 0.0203125 0.06484375
0 0.1734375 0.4609375 0.0390625 0.03359375
0 0.10234375 0.4484375 0.0359375 0.03671875
0 0.021875 0.55703125 0.03515625 0.0296875
0 0.07890625 0.61484375 0.03828125 0.0296875
0 0.03359375 0.48515625 0.03828125 0.03671875
0 0.71171875 0.50078125 0.04296875 0.0390625
0 0.125 0.62109375 0.0375 0.03515625
0 0.0375 0.4484375 0.0421875 0.03671875
0 0.76953125 0.5109375 0.04296875 0.03359375
0 0.07734375 0.48671875 0.040625 0.03671875
0 0.03203125 0.51640625 0.0390625 0.040625
0 0.7046875 0.5390625 0.03828125 0.040625
0 0.69921875 0.45859375 0.0375 0.0390625
0 0.7015625 0.41875 0.04296875 0.03671875
0 0.834375 0.52421875 0.0390625 0.03671875
0 0.7890625 0.4734375 0.0375 0.03515625
0 0.79375 0.4296875 0.09765625 0.06328125
0 0.9171875 0.4515625 0.0421875 0.03671875
0 0.74453125 0.5484375 0.03828125 0.040625
0 0.86796875 0.48671875 0.03828125 0.03359375
0 0.9515625 0.5390625 0.034375 0.03359375
0 0.7921875 0.55546875 0.0390625 0.03671875
0 0.84375 0.56640625 0.0390625 0.03671875
0 0.1265625 0.4953125 0.03828125 0.03515625
0 0.1171875 0.534375 0.0390625 0.03515625
2 0.12578125 0.58125 0.10078125 0.05546875
0 0.81953125 0.38671875 0.0390625 0.0296875
0 0.21640625 0.59140625 0.03828125 0.03125
0 0.2171875 0.64375 0.03828125 0.03515625
0 0.38125 0.26796875 0.0375 0.05390625
0 0.3890625 0.58046875 0.034375 0.0390625
0 0.80546875 0.63828125 0.03828125 0.0390625
0 0.64140625 0.1609375 0.0296875 0.06640625
0 0.8953125 0.746875 0.0359375 0.05
0 0.48671875 0.4546875 0.03828125 0.04296875
0 0.68671875 0.265625 0.028125 0.05390625
0 0.53984375 0.36796875 0.0328125 0.06484375
0 0.3765625 0.48515625 0.0359375 0.03671875
0 0.52578125 0.56171875 0.034375 0.0390625
0 0.52421875 0.64921875 0.0375 0.0390625
0 0.6609375 0.63046875 0.0328125 0.0390625
0 0.471875 0.59609375 0.03828125 0.040625
0 0.43828125 0.54453125 0.03046875 0.0296875
0 0.3203125 0.52578125 0.0390625 0.03671875
0 0.2109375 0.51015625 0.0390625 0.03515625
0 0.2109375 0.553125 0.0375 0.03125
0 0.30625 0.484375 0.03515625 0.0390625
0 0.2828125 0.56328125 0.0375 0.040625
0 0.275 0.603125 0.0375 0.03125
2 0.31796875 0.65703125 0.08671875 0.05546875
2 0.40625 0.62578125 0.0640625 0.0484375
2 0.4359375 0.6796875 0.0671875 0.059375