0 0.2921875 0.5 0.03046875 0.02578125
0 0.353125 0.51484375 0.03046875 0.040625
0 0.8796875 0.515625 0.03125 0.028125
0 0.8421875 0.51796875 0.0328125 0.03515625
0 0.871875 0.478125 0.0328125 0.0296875
1 0.57578125 0.515625 0.0671875 0.07578125
0 0.6421875 0.48046875 0.03515625 0.03125
0 0.721875 0.51875 0.034375 0.03359375
0 0.2375 0.54140625 0.03125 0.03125
0 0.57578125 0.8109375 0.01484375 0.05546875
0 0.97734375 0.4734375 0.02734375 0.03515625
0 0.98046875 0.4359375 0.03125 0.03125
0 0.80078125 0.51796875 0.03125 0.028125
0 0.26640625 0.54140625 0.03125 0.03515625
0 0.61015625 0.8453125 0.0171875 0.0609375
0 0.696875 0.64609375 0.02734375 0.03671875
1 0.7125 0.58828125 0.02734375 0.028125
0 0.11640625 0.50390625 0.028125 0.0296875
0 0.09375 0.58046875 0.03515625 0.03515625
0 0.08671875 0.55078125 0.03203125 0.028125
0 0.1296875 0.5484375 0.03125 0.0296875
0 0.19921875 0.54453125 0.03125 0.03359375
0 0.165625 0.5765625 0.0328125 0.03125
0 0.20234375 0.575 0.03046875 0.03125
0 0.2484375 0.578125 0.03125 0.02578125
0 0.278125 0.57578125 0.034375 0.0296875
0 0.3171875 0.575 0.028125 0.03125
0 0.34296875 0.56796875 0.025 0.03125
0 0.38046875 0.49453125 0.028125 0.03359375
0 0.51640625 0.29296875 0.015625 0.06328125
0 0.6125 0.3015625 0.03125 0.0515625
0 0.69375 0.4765625 0.028125 0.03125
0 0.74921875 0.48046875 0.03125 0.028125
0 0.81015625 0.484375 0.034375 0.028125
0 0.9078125 0.475 0.0328125 0.03125
0 0.940625 0.47890625 0.03125 0.03125
0 0.7609375 0.5140625 0.03046875 0.03125
0 0.66484375 0.51796875 0.0328125 0.03515625
0 0.621875 0.52890625 0.03125 0.03125
0 0.83125 0.58125 0.0296875 0.02578125
0 0.9125 0.596875 0.0296875 0.028125
0 0.7609375 0.63671875 0.0296875 0.02578125
0 0.640625 0.715625 0.025 0.05703125
0 0.5453125 0.7953125 0.01640625 0.06484375
0 0.528125 0.80078125 0.01484375 0.05703125
0 0.57890625 0.87421875 0.015625 0.05546875
0 0.021875 0.55 0.0296875 0.0296875
0 0.98046875 0.5109375 0.0296875 0.0296875
0 0.53125 0.8609375 0.015625 0.0703125
0 0.53046875 0.96015625 0.01640625 0.05703125
0 0.5625 0.75390625 0.0171875 0.05546875
0 0.58046875 0.746875 0.01640625 0.05703125
0 0.46953125 0.31875 0.01640625 0.06328125
0 0.48515625 0.23828125 0.0140625 0.05703125
0 0.484375 0.303125 0.0140625 0.05703125
0 0.49921875 0.11953125 0.01875 0.05703125
0 0.33125 0.54140625 0.03046875 0.028125
0 0.16015625 0.5453125 0.02734375 0.028125
0 0.91328125 0.50859375 0.03203125 0.028125
0 0.0515625 0.55078125 0.03125 0.028125
0 0.3 0.540625 0.0296875 0.0296875
0 0.9515625 0.51640625 0.0328125 0.03359375
0 0.02265625 0.58203125 0.03203125 0.03125
0 0.05546875 0.58671875 0.034375 0.02578125
0 0.4609375 0.546875 0.02734375 0.05390625
0 0.12734375 0.5765625 0.03046875 0.03125
1 0.665625 0.58359375 0.025 0.03671875