0 0.89609375 0.62421875 0.04375 0.040625
0 0.81015625 0.5734375 0.04375 0.0390625
0 0.496875 0.58125 0.03515625 0.07421875
0 0.528125 0.78359375 0.0234375 0.07421875
0 0.98125 0.51015625 0.034375 0.0390625
1 0.7109375 0.45625 0.10546875 0.05390625
0 0.7890625 0.45546875 0.0453125 0.040625
0 0.8421875 0.50703125 0.046875 0.040625
0 0.11875 0.55 0.03984375 0.040625
0 0.93046875 0.50703125 0.046875 0.040625
0 0.1578125 0.5484375 0.04296875 0.04453125
0 0.65703125 0.925 0.0296875 0.0796875
1 0.5875 0.45625 0.0296875 0.06875
0 0.41640625 0.47578125 0.03828125 0.0484375
0 0.065625 0.55 0.0390625 0.040625
0 0.01953125 0.60078125 0.0390625 0.0390625
0 0.071875 0.60078125 0.04375 0.0390625
0 0.1359375 0.596875 0.04296875 0.0390625
0 0.17890625 0.6 0.040625 0.040625
0 0.23046875 0.5953125 0.0390625 0.0390625
0 0.26875 0.58828125 0.03203125 0.03515625
0 0.52265625 0.69140625 0.0234375 0.071875
0 0.51640625 0.19140625 0.0234375 0.08359375
0 0.93671875 0.39296875 0.0421875 0.04453125
0 0.8546875 0.45703125 0.040625 0.03671875
0 0.93125 0.45546875 0.0390625 0.040625
0 0.9796875 0.45546875 0.03828125 0.040625
0 0.8859375 0.50390625 0.04375 0.03671875
0 0.78671875 0.50625 0.03828125 0.04296875
0 0.73359375 0.51015625 0.0421875 0.0390625
0 0.63046875 0.540625 0.03984375 0.06328125
0 0.703125 0.56796875 0.0484375 0.05390625
0 0.659375 0.61328125 0.0375 0.05546875
0 0.69296875 0.815625 0.03046875 0.071875
0 0.559375 0.9046875 0.0203125 0.08671875
0 0.53671875 0.96796875 0.01875 0.05390625
0 0.58359375 0.846875 0.02421875 0.0796875
0 0.6078125 0.84296875 0.021875 0.078125
0 0.471875 0.196875 0.01953125 0.07578125
0 0.25390625 0.5453125 0.040625 0.0390625
0 0.01640625 0.55546875 0.03203125 0.03359375
0 0.20859375 0.55 0.03984375 0.04453125
0 0.5375 0.8890625 0.0234375 0.078125
1 0.56328125 0.3734375 0.0296875 0.07578125
0 0.7875 0.63125 0.03984375 0.040625