0 0.503125 0.16328125 0.0140625 0.04453125
0 0.9765625 0.5203125 0.0234375 0.02578125
0 0.81640625 0.521875 0.0234375 0.02578125
0 0.0125 0.51640625 0.021875 0.021875
0 0.02890625 0.51953125 0.02265625 0.02421875
0 0.0515625 0.51484375 0.01953125 0.021875
0 0.5484375 0.5734375 0.0234375 0.03515625
0 0.5140625 0.64609375 0.01953125 0.040625
0 0.28203125 0.5515625 0.0203125 0.02578125
0 0.49140625 0.721875 0.0140625 0.04453125
0 0.87421875 0.4984375 0.01875 0.02578125
0 0.5015625 0.8703125 0.0140625 0.04453125
0 0.334375 0.5265625 0.01953125 0.02421875
0 0.55390625 0.71484375 0.0109375 0.0296875
0 0.6046875 0.49296875 0.0234375 0.02578125
0 0.48359375 0.3359375 0.0140625 0.04296875
0 0.553125 0.496875 0.01875 0.0203125
0 0.51484375 0.3203125 0.0140625 0.04453125
0 0.55625 0.1640625 0.0140625 0.0390625
0 0.55859375 0.2515625 0.0140625 0.02578125
0 0.50625 0.7453125 0.0125 0.0390625
2 0.77421875 0.49609375 0.0421875 0.02578125
0 0.98125 0.5015625 0.021875 0.021875
0 0.3609375 0.52890625 0.01953125 0.02421875
0 0.9015625 0.59296875 0.0234375 0.02578125
0 0.7125 0.51640625 0.0234375 0.02578125
0 0.23203125 0.55546875 0.01875 0.02578125
0 0.76171875 0.521875 0.0234375 0.02578125
0 0.5671875 0.821875 0.01171875 0.03671875
0 0.0421875 0.559375 0.0203125 0.02578125
0 0.82734375 0.49609375 0.0234375 0.02578125
0 0.52421875 0.96640625 0.0140625 0.04453125
0 0.6296875 0.6140625 0.0140625 0.03515625
0 0.521875 0.74296875 0.01484375 0.04453125
0 0.52265625 0.78359375 0.0140625 0.04453125
0 0.52265625 0.83359375 0.0140625 0.040625
0 0.525 0.8796875 0.01171875 0.04453125
0 0.54453125 0.671875 0.0125 0.04453125
0 0.55546875 0.6765625 0.01171875 0.0390625
0 0.47265625 0.38515625 0.0140625 0.04453125
0 0.4359375 0.47421875 0.015625 0.04453125
0 0.4828125 0.19609375 0.01171875 0.04453125
0 0.484375 0.38203125 0.0140625 0.0390625
0 0.4921875 0.23671875 0.0140625 0.04453125
0 0.503125 0.2890625 0.0140625 0.04453125
0 0.49296875 0.33203125 0.0140625 0.04296875
0 0.503125 0.33515625 0.0140625 0.040625
0 0.4953125 0.37578125 0.01171875 0.040625
0 0.5078125 0.37890625 0.0140625 0.0390625
0 0.43671875 0.521875 0.0234375 0.02578125
0 0.27421875 0.52890625 0.021875 0.02421875
0 0.578125 0.534375 0.0234375 0.028125
0 0.0640625 0.53125 0.0234375 0.01875
0 0.76171875 0.46875 0.0234375 0.02578125
0 0.140625 0.55703125 0.025 0.02578125
0 0.6484375 0.49453125 0.0234375 0.02578125
0 0.20625 0.53359375 0.0234375 0.02578125
0 0.3953125 0.5265625 0.0234375 0.02421875
0 0.14375 0.53359375 0.01875 0.021875
0 0.6296875 0.51875 0.0234375 0.02578125
0 0.1640625 0.52890625 0.0234375 0.02421875
0 0.165625 0.55 0.0171875 0.02578125
0 0.1875 0.55390625 0.021875 0.02578125
0 0.209375 0.55546875 0.0234375 0.02578125
0 0.32109375 0.44140625 0.015625 0.0390625
0 0.8984375 0.521875 0.0234375 0.02578125
0 0.7296875 0.48671875 0.0234375 0.02578125
0 0.25625 0.55 0.02265625 0.02578125
0 0.1140625 0.55390625 0.02265625 0.02578125
0 0.309375 0.5515625 0.021875 0.02578125
0 0.38359375 0.55 0.01875 0.021875