0 0.56171875 0.82578125 0.0421875 0.1484375
0 0.6171875 0.5890625 0.0328125 0.11875
0 0.4765625 0.296875 0.03515625 0.13515625
0 0.4296875 0.25390625 0.03515625 0.1484375
0 0.4234375 0.60703125 0.0359375 0.14453125
0 0.33359375 0.5703125 0.0359375 0.14453125
0 0.334375 0.25859375 0.0375 0.14296875
0 0.971875 0.40390625 0.053125 0.059375
0 0.3421875 0.0265625 0.034375 0.053125
0 0.38828125 0.046875 0.0421875 0.09375
0 0.4859375 0.1359375 0.0328125 0.12421875
0 0.18203125 0.38515625 0.07109375 0.11484375
0 0.1109375 0.4640625 0.0828125 0.0796875
0 0.13359375 0.56171875 0.0609375 0.0609375
0 0.03671875 0.559375 0.07109375 0.06640625
0 0.02890625 0.44453125 0.05546875 0.06328125
0 0.38203125 0.35390625 0.03828125 0.140625
0 0.37109375 0.765625 0.04296875 0.15390625
0 0.61875 0.1 0.0390625 0.14453125
0 0.66484375 0.19296875 0.0359375 0.14453125
0 0.575 0.2546875 0.03828125 0.13515625
0 0.165625 0.92421875 0.0671875 0.11484375