0 0.7875 0.4984375 0.0234375 0.02578125
0 0.6203125 0.50546875 0.0234375 0.02578125
0 0.88203125 0.49453125 0.0234375 0.02578125
0 0.67109375 0.47421875 0.0234375 0.021875
0 0.453125 0.490625 0.0234375 0.0296875
0 0.33984375 0.4984375 0.0234375 0.02578125
0 0.275 0.509375 0.01640625 0.021875
2 0.56953125 0.50625 0.0421875 0.05390625
0 0.7921875 0.47421875 0.0234375 0.02578125
0 0.4890625 0.45625 0.0234375 0.03515625
0 0.534375 0.59609375 0.01875 0.03671875
0 0.57109375 0.54375 0.02265625 0.03515625
0 0.840625 0.46640625 0.0234375 0.02578125
0 0.72578125 0.471875 0.02265625 0.02578125
0 0.71171875 0.58125 0.0234375 0.02578125
0 0.50859375 0.7 0.01875 0.040625
0 0.04140625 0.54296875 0.02265625 0.02578125
0 0.2265625 0.5609375 0.021875 0.02578125
0 0.5046875 0.06328125 0.0140625 0.040625
0 0.6171875 0.47890625 0.0234375 0.028125
0 0.396875 0.51640625 0.021875 0.02578125
0 0.52734375 0.971875 0.0140625 0.04453125
0 0.9703125 0.58203125 0.015625 0.01640625
0 0.52109375 0.721875 0.0125 0.040625
0 0.5234375 0.76953125 0.0140625 0.04609375
0 0.52421875 0.82109375 0.0140625 0.04296875
0 0.525 0.87421875 0.0140625 0.040625
0 0.52734375 0.9234375 0.0140625 0.04296875
0 0.53515625 0.7203125 0.0140625 0.04453125
0 0.5484375 0.68671875 0.0109375 0.04453125
0 0.54765625 0.73671875 0.009375 0.03359375
0 0.553125 0.8953125 0.01484375 0.04609375
0 0.56015625 0.68359375 0.01484375 0.04453125
0 0.559375 0.73359375 0.009375 0.03671875
0 0.5609375 0.78515625 0.0109375 0.03671875
1 0.4578125 0.228125 0.0125 0.06328125
0 0.459375 0.303125 0.0125 0.04296875
0 0.459375 0.35546875 0.0125 0.04453125
0 0.21875 0.509375 0.0234375 0.02578125
0 0.4828125 0.13359375 0.0140625 0.04453125
0 0.49609375 0.13125 0.0140625 0.04453125
0 0.48046875 0.0296875 0.0140625 0.03671875
0 0.490625 0.690625 0.0140625 0.04453125
0 0.50703125 0.1484375 0.0109375 0.04453125
0 0.46953125 0.20390625 0.0125 0.03671875
0 0.4703125 0.25390625 0.01171875 0.04453125
0 0.47265625 0.3015625 0.009375 0.03671875
0 0.4734375 0.3515625 0.0140625 0.04453125
0 0.4828125 0.1890625 0.0140625 0.04453125
0 0.4953125 0.1890625 0.0109375 0.04453125
0 0.48359375 0.240625 0.0140625 0.04453125
0 0.4953125 0.24609375 0.0109375 0.04453125
0 0.50859375 0.221875 0.0125 0.04453125
0 0.509375 0.27578125 0.0125 0.04453125
0 0.48515625 0.28828125 0.0125 0.0390625
0 0.496875 0.2953125 0.009375 0.0390625
0 0.4875 0.33984375 0.01171875 0.04296875
0 0.4984375 0.34140625 0.01171875 0.0390625
0 0.51484375 0.41640625 0.01640625 0.04453125
0 0.33828125 0.52890625 0.01875 0.02421875
0 0.46875 0.14609375 0.0140625 0.04453125
0 0.9703125 0.46640625 0.02265625 0.02578125
0 0.49296875 0.08515625 0.009375 0.03359375
0 0.56015625 0.25390625 0.01484375 0.04453125
0 0.60625 0.396875 0.021875 0.03515625
0 0.88671875 0.46875 0.0234375 0.02578125
0 0.4796875 0.55078125 0.0171875 0.0203125
2 0.07734375 0.57109375 0.03125 0.03125
0 0.48046875 0.79453125 0.0140625 0.04453125
0 0.15703125 0.540625 0.01875 0.02578125
0 0.490625 0.5296875 0.0234375 0.021875
0 0.07734375 0.54453125 0.02265625 0.02578125
0 0.4890625 0.871875 0.0140625 0.04453125
0 0.1 0.540625 0.01953125 0.02578125
0 0.10234375 0.56484375 0.0171875 0.021875
0 0.12578125 0.540625 0.02265625 0.02578125
0 0.13125 0.56640625 0.0234375 0.021875
0 0.5015625 0.55078125 0.0203125 0.0203125
0 0.16015625 0.56796875 0.0234375 0.0203125
0 0.309375 0.36484375 0.0203125 0.03671875
0 0.2078125 0.5390625 0.021875 0.02578125
0 0.69140625 0.5015625 0.0234375 0.02578125
0 0.503125 0.48515625 0.0234375 0.02578125
0 0.28125 0.53046875 0.0234375 0.02421875
0 0.26484375 0.55703125 0.0234375 0.02578125
0 0.98125 0.4953125 0.02265625 0.02421875
0 0.321875 0.55546875 0.0234375 0.02578125
0 0.0484375 0.5703125 0.0234375 0.02578125
0 0.37578125 0.55 0.0234375 0.021875
0 0.72734375 0.50546875 0.0234375 0.02578125
0 0.43125 0.55390625 0.01953125 0.02578125
0 0.4546875 0.55546875 0.0234375 0.021875