0 0.5609375 0.29609375 0.0203125 0.078125
0 0.5828125 0.05 0.0234375 0.0703125
0 0.56171875 0.12109375 0.01953125 0.05703125
0 0.54921875 0.20078125 0.0203125 0.06484375
0 0.60859375 0.04296875 0.0203125 0.059375
0 0.59453125 0.11484375 0.0171875 0.05546875
0 0.58046875 0.1859375 0.02421875 0.06484375
0 0.36796875 0.41953125 0.0359375 0.03515625
0 0.30703125 0.38515625 0.034375 0.0484375
0 0.0296875 0.25625 0.03828125 0.04296875
0 0.02109375 0.334375 0.0359375 0.05
0 0.01875 0.20390625 0.0375 0.0484375
0 0.06875 0.23984375 0.0359375 0.0390625
0 0.0828125 0.3703125 0.03203125 0.03671875
2 0.071875 0.41171875 0.0984375 0.08671875
0 0.16328125 0.46796875 0.0328125 0.03515625
0 0.12734375 0.31015625 0.0359375 0.0390625
0 0.696875 0.57109375 0.04296875 0.04296875
0 0.0890625 0.33125 0.03125 0.040625
0 0.2140625 0.50625 0.034375 0.04296875
0 0.20625 0.32578125 0.0390625 0.04453125
0 0.75234375 0.596875 0.0421875 0.04609375
0 0.18671875 0.353125 0.0375 0.04609375
0 0.2 0.403125 0.0421875 0.04609375
0 0.7 0.615625 0.0375 0.04296875
0 0.70625 0.5359375 0.03828125 0.04609375
0 0.709375 0.49296875 0.0421875 0.04453125
0 0.81875 0.6453125 0.03828125 0.04609375
0 0.7796875 0.57890625 0.0390625 0.04609375
2 0.8046875 0.54296875 0.1015625 0.09296875
0 0.89140625 0.59609375 0.0421875 0.0484375
0 0.9078125 0.65 0.0375 0.0515625
0 0.74296875 0.64375 0.03828125 0.04609375
0 0.83125 0.609375 0.03515625 0.03671875
0 0.89921875 0.69296875 0.0390625 0.0484375
0 0.78828125 0.67109375 0.0390625 0.04609375
0 0.8375 0.70390625 0.040625 0.0515625
0 0.95390625 0.72421875 0.03984375 0.040625
0 0.28984375 0.421875 0.03515625 0.040625
0 0.3296875 0.48203125 0.0359375 0.04609375
2 0.28671875 0.5 0.0890625 0.08125
0 0.725 0.38125 0.034375 0.059375
0 0.3875 0.5640625 0.0375 0.04609375
0 0.34765625 0.60859375 0.0375 0.05
0 0.44140625 0.97109375 0.025 0.05
0 0.84921875 0.52578125 0.03828125 0.0484375
0 0.1765625 0.16484375 0.0375 0.0484375
0 0.696875 0.709375 0.03828125 0.0484375
0 0.66484375 0.059375 0.0234375 0.06640625
0 0.6125 0.275 0.02734375 0.0609375
0 0.83125 0.75 0.03828125 0.040625
0 0.92578125 0.89140625 0.040625 0.05
0 0.79609375 0.7796875 0.040625 0.0515625
0 0.74921875 0.696875 0.03125 0.04296875
0 0.609375 0.61484375 0.0390625 0.0515625
0 0.4171875 0.49453125 0.03828125 0.04453125
0 0.4125 0.5296875 0.03828125 0.040625
0 0.5359375 0.40703125 0.03515625 0.03671875
0 0.53046875 0.60390625 0.03828125 0.04453125
0 0.47265625 0.615625 0.0375 0.04609375
2 0.51796875 0.6953125 0.08125 0.08359375
2 0.61640625 0.70625 0.0640625 0.071875
2 0.6515625 0.78359375 0.0703125 0.08515625