0 0.58828125 0.315625 0.028125 0.07578125
0 0.6359375 0.08046875 0.028125 0.06875
0 0.6078125 0.14296875 0.02421875 0.059375
0 0.5875 0.22109375 0.025 0.05390625
0 0.68515625 0.0234375 0.02421875 0.04609375
0 0.66328125 0.0859375 0.025 0.0609375
0 0.640625 0.15078125 0.021875 0.05390625
0 0.61875 0.21640625 0.02734375 0.06640625
0 0.63125 0.32890625 0.034375 0.05
0 0.571875 0.38828125 0.0375 0.04296875
0 0.034375 0.021875 0.034375 0.04375
0 0.06328125 0.1 0.0328125 0.04453125
0 0.10234375 0.09453125 0.034375 0.0515625
2 0.0890625 0.178125 0.0578125 0.08125
0 0.0734375 0.20546875 0.034375 0.0515625
0 0.1671875 0.16484375 0.0328125 0.0484375
2 0.1296875 0.271875 0.04375 0.0703125
0 0.17578125 0.26875 0.03515625 0.0484375
0 0.21796875 0.18203125 0.03515625 0.05390625
0 0.22578125 0.28046875 0.0375 0.05
0 0.29375 0.26875 0.034375 0.05546875
0 0.25234375 0.3546875 0.03046875 0.05
2 0.21171875 0.36171875 0.08984375 0.11640625
0 0.29375 0.46171875 0.028125 0.05
0 0.33125 0.3484375 0.034375 0.0515625
0 0.5765625 0.51953125 0.040625 0.05703125
0 0.35546875 0.428125 0.03125 0.0484375
0 0.3453125 0.55546875 0.0296875 0.059375
0 0.46484375 0.39140625 0.03515625 0.04296875
0 0.63125 0.56953125 0.03984375 0.05703125
0 0.43515625 0.46640625 0.0359375 0.05546875
0 0.46640625 0.54921875 0.03984375 0.05703125
0 0.64765625 0.63828125 0.0359375 0.05
0 0.65078125 0.5484375 0.03828125 0.059375
0 0.63671875 0.48515625 0.0453125 0.059375
0 0.7140625 0.66484375 0.0375 0.05546875
0 0.725 0.6265625 0.0359375 0.05390625
2 0.7453125 0.596875 0.0953125 0.12421875
0 0.84140625 0.6984375 0.03984375 0.05546875
0 0.840625 0.7453125 0.0359375 0.05703125
0 0.9828125 0.85625 0.03046875 0.05703125
0 0.71640625 0.71640625 0.03828125 0.059375
0 0.775 0.68515625 0.0359375 0.059375
0 0.8109375 0.76796875 0.03828125 0.0609375
0 0.76484375 0.765625 0.0390625 0.05703125
0 0.8140625 0.82421875 0.040625 0.06328125
0 0.89765625 0.865625 0.0375 0.05703125
0 0.90703125 0.925 0.0421875 0.05703125
0 0.58671875 0.64140625 0.0375 0.05390625
0 0.59453125 0.69296875 0.0359375 0.06328125
2 0.54921875 0.68671875 0.08515625 0.1109375
0 0.721875 0.2765625 0.01953125 0.06484375
0 0.64453125 0.79296875 0.0375 0.05546875
0 0.39921875 0.76953125 0.0203125 0.06875
0 0.3953125 0.93671875 0.02734375 0.0703125
0 0.73125 0.421875 0.0296875 0.06640625
0 0.5265625 0.13671875 0.0359375 0.0515625
0 0.728125 0.79921875 0.03828125 0.05703125
0 0.69375 0.8109375 0.0390625 0.05546875
0 0.7359375 0.06796875 0.0265625 0.05703125
0 0.7953125 0.921875 0.0359375 0.0515625