0 0.11171875 0.95625 0.07109375 0.08359375
0 0.56796875 0.203125 0.065625 0.13125
0 0.3859375 0.06484375 0.0671875 0.12578125
0 0.1265625 0.04921875 0.06171875 0.09453125
0 0.42109375 0.425 0.06640625 0.1203125
0 0.2140625 0.08984375 0.0703125 0.128125
0 0.30234375 0.3015625 0.065625 0.12578125
0 0.28203125 0.51875 0.0640625 0.12578125
0 0.18984375 0.30703125 0.06328125 0.12578125
0 0.0984375 0.1015625 0.065625 0.13359375
0 0.3171875 0.18515625 0.06171875 0.121875
0 0.20234375 0.19609375 0.06328125 0.12578125
0 0.0609375 0.75625 0.05078125 0.14296875
0 0.0578125 0.48828125 0.04296875 0.15390625
0 0.309375 0.8484375 0.08125 0.0703125
0 0.5125 0.88359375 0.0859375 0.1
0 0.328125 0.49140625 0.06875 0.1390625
0 0.4890625 0.415625 0.0625 0.13125
0 0.63125 0.76328125 0.0734375 0.1484375
0 0.75546875 0.76796875 0.07109375 0.13515625
0 0.859375 0.86953125 0.0625 0.12421875
0 0.78671875 0.57890625 0.05 0.14296875
0 0.61015625 0.58203125 0.075 0.13515625
0 0.62890625 0.47578125 0.05625 0.11484375