0 0.503125 0.1703125 0.0140625 0.04453125
0 0.971875 0.5203125 0.0234375 0.02578125
0 0.8 0.5203125 0.0234375 0.02578125
0 0.0125 0.51640625 0.021875 0.021875
0 0.02890625 0.51953125 0.02265625 0.02421875
0 0.0515625 0.51484375 0.01953125 0.021875
0 0.5375 0.59140625 0.0234375 0.03515625
0 0.50859375 0.67578125 0.015625 0.04453125
0 0.28046875 0.55 0.0203125 0.02578125
0 0.490625 0.76484375 0.0140625 0.04453125
0 0.8609375 0.4984375 0.01875 0.02578125
0 0.503125 0.9015625 0.0140625 0.04453125
0 0.3390625 0.52578125 0.01953125 0.02578125
0 0.55390625 0.71484375 0.0109375 0.0296875
0 0.58671875 0.49296875 0.0234375 0.02578125
0 0.48359375 0.3359375 0.0140625 0.04296875
0 0.534375 0.496875 0.01875 0.0203125
0 0.51484375 0.31875 0.0140625 0.04453125
0 0.55546875 0.128125 0.0140625 0.04453125
0 0.55390625 0.21328125 0.0140625 0.02578125
0 0.50703125 0.78671875 0.0125 0.04453125
2 0.759375 0.49609375 0.0421875 0.02578125
0 0.97578125 0.5046875 0.021875 0.02421875
0 0.37109375 0.5265625 0.01953125 0.02421875
0 0.92421875 0.590625 0.02265625 0.02578125
0 0.6953125 0.5203125 0.0234375 0.02578125
0 0.2328125 0.55546875 0.01875 0.02578125
0 0.74296875 0.51875 0.0234375 0.02578125
0 0.56953125 0.78671875 0.01171875 0.03671875
0 0.0421875 0.55703125 0.01953125 0.02578125
0 0.81328125 0.5 0.0234375 0.02578125
0 0.52421875 0.96640625 0.0140625 0.04453125
0 0.64375 0.60078125 0.0140625 0.03515625
0 0.521875 0.74296875 0.01484375 0.04453125
0 0.52265625 0.78125 0.0140625 0.04453125
0 0.52265625 0.83359375 0.0140625 0.040625
0 0.525 0.8796875 0.01171875 0.04453125
0 0.54453125 0.671875 0.0125 0.04453125
0 0.55546875 0.6765625 0.01171875 0.0390625
0 0.47265625 0.384375 0.0140625 0.04296875
0 0.428125 0.48125 0.015625 0.04453125
0 0.49296875 0.0234375 0.0109375 0.0390625
0 0.4828125 0.21875 0.01171875 0.04453125
0 0.484375 0.38125 0.0140625 0.03671875
0 0.4921875 0.240625 0.0140625 0.04453125
0 0.503125 0.28671875 0.0140625 0.04453125
0 0.49296875 0.33125 0.0140625 0.04453125
0 0.503125 0.33515625 0.0140625 0.040625
0 0.4953125 0.37578125 0.01171875 0.040625
0 0.50703125 0.3765625 0.0140625 0.0390625
0 0.4484375 0.5203125 0.0234375 0.02578125
0 0.27421875 0.52890625 0.021875 0.02421875
0 0.48046875 0.0234375 0.009375 0.0390625
0 0.5640625 0.546875 0.0234375 0.028125
0 0.0640625 0.53125 0.0234375 0.01875
0 0.7375 0.46875 0.0234375 0.02578125
0 0.140625 0.55703125 0.025 0.02578125
0 0.63125 0.49296875 0.0234375 0.02578125
0 0.20625 0.53359375 0.0234375 0.02578125
0 0.4046875 0.528125 0.0234375 0.021875
0 0.14375 0.53359375 0.01875 0.021875
0 0.6171875 0.5203125 0.0234375 0.02578125
0 0.1640625 0.5265625 0.0234375 0.02421875
0 0.165625 0.55 0.0171875 0.02578125
0 0.18671875 0.55390625 0.02265625 0.02578125
0 0.209375 0.55390625 0.0234375 0.02578125
0 0.32109375 0.43984375 0.0140625 0.04296875
0 0.8859375 0.5203125 0.0234375 0.02578125
0 0.71484375 0.4890625 0.0234375 0.02578125
0 0.25625 0.55 0.02265625 0.02578125
0 0.1125 0.55390625 0.02265625 0.02578125
0 0.309375 0.5515625 0.021875 0.02578125
0 0.39296875 0.55 0.01875 0.021875