0 0.52734375 0.50703125 0.01171875 0.03671875
0 0.53984375 0.3546875 0.0109375 0.028125
1 0.5421875 0.3140625 0.0125 0.03125
0 0.52421875 0.43203125 0.0125 0.03125
1 0.52578125 0.37890625 0.0125 0.0390625
0 0.5359375 0.28046875 0.01171875 0.02421875
0 0.509375 0.5640625 0.0125 0.0390625
0 0.50859375 0.47890625 0.0140625 0.03515625
0 0.54453125 0.50625 0.0125 0.03515625
0 0.528125 0.5765625 0.01484375 0.0390625
0 0.50703125 0.38046875 0.01171875 0.03125
0 0.50546875 0.32109375 0.0109375 0.03125
0 0.54296875 0.41953125 0.01171875 0.03125
0 0.52265625 0.31015625 0.01171875 0.028125
0 0.5125 0.765625 0.015625 0.04296875
0 0.5140625 0.95703125 0.01953125 0.06640625
0 0.5375 0.9296875 0.0171875 0.06640625
0 0.5421875 0.859375 0.015625 0.05546875
0 0.5359375 0.79296875 0.01484375 0.0515625
0 0.53046875 0.70078125 0.0171875 0.05
0 0.509375 0.64375 0.01640625 0.05
0 0.53046875 0.63984375 0.0140625 0.04609375
0 0.56171875 0.54140625 0.0140625 0.0390625
0 0.50703125 0.22890625 0.00859375 0.02421875
0 0.51875 0.2234375 0.00859375 0.02421875
0 0.53359375 0.246875 0.00859375 0.0203125
1 0.62578125 0.81015625 0.03515625 0.14609375
0 0.6265625 0.6234375 0.03203125 0.02421875
0 0.62421875 0.603125 0.02734375 0.028125
1 0.3953125 0.73125 0.02734375 0.09609375
0 0.4625 0.253125 0.00859375 0.02421875
0 0.47578125 0.24140625 0.009375 0.028125
0 0.6 0.44609375 0.05 0.040625