0 0.54765625 0.29296875 0.021875 0.078125
0 0.55546875 0.04921875 0.0234375 0.06875
0 0.53828125 0.11875 0.01953125 0.06328125
0 0.53125 0.2046875 0.01953125 0.05703125
0 0.58125 0.03671875 0.021875 0.06640625
0 0.56953125 0.10859375 0.01953125 0.05703125
0 0.5609375 0.18203125 0.021875 0.06484375
0 0.259375 0.421875 0.0390625 0.04453125
0 0.196875 0.39296875 0.0375 0.04453125
0 0.0171875 0.325 0.034375 0.0390625
0 0.03671875 0.4546875 0.034375 0.03125
2 0.0328125 0.4921875 0.065625 0.0625
0 0.1171875 0.53359375 0.03515625 0.03359375
0 0.059375 0.37578125 0.0359375 0.04453125
0 0.7046875 0.54140625 0.0421875 0.04296875
0 0.16328125 0.553125 0.0359375 0.0390625
0 0.09453125 0.35625 0.03828125 0.0390625
0 0.7640625 0.56484375 0.04296875 0.04453125
0 0.1109375 0.4 0.040625 0.040625
0 0.09375 0.434375 0.04296875 0.04296875
0 0.7046875 0.58046875 0.03828125 0.0390625
0 0.70546875 0.5015625 0.03828125 0.040625
0 0.71171875 0.46171875 0.04375 0.04609375
0 0.834375 0.59453125 0.03984375 0.040625
0 0.79140625 0.534375 0.0359375 0.0390625
2 0.803125 0.4890625 0.103125 0.078125
0 0.89140625 0.528125 0.0421875 0.040625
0 0.95390625 0.590625 0.03828125 0.040625
0 0.746875 0.596875 0.03828125 0.0390625
0 0.8484375 0.55625 0.0375 0.03515625
0 0.91875 0.62421875 0.040625 0.040625
0 0.79375 0.61875 0.03984375 0.040625
0 0.84453125 0.64375 0.0421875 0.04609375
0 0.1859375 0.43359375 0.03828125 0.03671875
0 0.21171875 0.48125 0.03828125 0.040625
2 0.19609375 0.52421875 0.09765625 0.07421875
0 0.73359375 0.37109375 0.0375 0.05390625
0 0.28828125 0.5546875 0.040625 0.0390625
0 0.28046875 0.60546875 0.0359375 0.040625
0 0.29765625 0.2640625 0.0390625 0.04296875
0 0.5296875 0.60859375 0.03515625 0.0390625
0 0.5875 0.32109375 0.03046875 0.0609375
0 0.65859375 0.10703125 0.01875 0.05546875
0 0.60078125 0.16328125 0.02265625 0.06640625
0 0.503125 0.41640625 0.0375 0.04453125
0 0.6640625 0.625 0.0375 0.04609375
0 0.69609375 0.725 0.0375 0.04296875
0 0.8734375 0.7609375 0.03828125 0.04453125
0 0.6203125 0.65625 0.03828125 0.05
0 0.58125 0.5890625 0.03125 0.03671875
0 0.46015625 0.5390625 0.03828125 0.0484375
0 0.29296875 0.47578125 0.0375 0.03671875
0 0.29609375 0.51796875 0.0375 0.0390625
0 0.4109375 0.46328125 0.0359375 0.03671875
0 0.39453125 0.55859375 0.0375 0.04296875
0 0.35859375 0.584375 0.0375 0.0390625
2 0.4078125 0.6546875 0.08125 0.06875
2 0.49375 0.634375 0.06640625 0.06484375
2 0.5375 0.70703125 0.0671875 0.06328125