0 0.75 0.4984375 0.0234375 0.02578125
0 0.59453125 0.52109375 0.0203125 0.03515625
0 0.84375 0.49609375 0.0234375 0.02578125
0 0.6375 0.478125 0.0234375 0.021875
0 0.47734375 0.45390625 0.02265625 0.03359375
0 0.29609375 0.50390625 0.0234375 0.02578125
0 0.2296875 0.5109375 0.015625 0.021875
2 0.53984375 0.55 0.04296875 0.06328125
0 0.75859375 0.47578125 0.0234375 0.02578125
0 0.50625 0.415625 0.0203125 0.0390625
0 0.5125 0.65546875 0.0171875 0.040625
0 0.54453125 0.59296875 0.02265625 0.040625
0 0.80859375 0.46875 0.0234375 0.02578125
0 0.69296875 0.471875 0.02265625 0.02578125
0 0.63828125 0.50390625 0.0265625 0.02578125
0 0.78515625 0.58515625 0.0234375 0.02578125
0 0.49921875 0.80078125 0.0140625 0.0390625
0 0.025 0.54453125 0.021875 0.02578125
0 0.2375 0.5609375 0.021875 0.02578125
0 0.50390625 0.08359375 0.0140625 0.040625
0 0.58984375 0.49140625 0.0234375 0.03125
0 0.42578125 0.49140625 0.0234375 0.03125
0 0.52734375 0.9796875 0.0140625 0.03359375
0 0.5203125 0.7296875 0.0140625 0.04453125
0 0.5234375 0.7796875 0.0140625 0.0484375
0 0.52265625 0.83125 0.0140625 0.04453125
0 0.52421875 0.884375 0.0140625 0.04296875
0 0.5265625 0.9359375 0.0140625 0.04296875
0 0.53515625 0.72578125 0.0140625 0.04453125
0 0.54765625 0.69140625 0.01171875 0.04609375
0 0.54921875 0.74296875 0.0109375 0.03671875
0 0.553125 0.871875 0.01484375 0.04453125
0 0.5609375 0.6890625 0.015625 0.04453125
0 0.559375 0.7390625 0.009375 0.040625
0 0.5625 0.7890625 0.0140625 0.03671875
1 0.45390625 0.21875 0.0125 0.06328125
0 0.459375 0.296875 0.0125 0.04296875
0 0.4578125 0.35 0.0125 0.04453125
0 0.171875 0.509375 0.0234375 0.02578125
0 0.48125 0.128125 0.0140625 0.04453125
0 0.49296875 0.11640625 0.0140625 0.04453125
0 0.478125 0.0484375 0.0140625 0.03671875
0 0.4859375 0.8 0.0140625 0.04453125
0 0.50546875 0.14609375 0.0109375 0.04453125
0 0.46796875 0.19296875 0.0140625 0.03671875
0 0.46875 0.24609375 0.01171875 0.04453125
0 0.46953125 0.29296875 0.009375 0.03671875
0 0.47265625 0.34453125 0.0140625 0.04453125
0 0.48046875 0.178125 0.0140625 0.04453125
0 0.4953125 0.18125 0.0109375 0.04453125
0 0.4828125 0.23125 0.0140625 0.04453125
0 0.4953125 0.2390625 0.0109375 0.04453125
0 0.50703125 0.21484375 0.0125 0.04453125
0 0.509375 0.26875 0.0125 0.04453125
0 0.48359375 0.28046875 0.0125 0.0390625
0 0.49609375 0.28671875 0.009375 0.040625
0 0.48515625 0.334375 0.0125 0.04296875
0 0.496875 0.334375 0.01171875 0.0390625
0 0.52734375 0.371875 0.015625 0.04453125
0 0.35625 0.53046875 0.01875 0.02421875
0 0.465625 0.13359375 0.0140625 0.04453125
0 0.9390625 0.46640625 0.02265625 0.02578125
0 0.4921875 0.071875 0.009375 0.03359375
0 0.553125 0.14296875 0.0140625 0.04453125
0 0.58203125 0.340625 0.021875 0.04453125
0 0.8546875 0.46875 0.0234375 0.02578125
0 0.478125 0.55078125 0.0171875 0.0203125
2 0.0640625 0.5765625 0.0328125 0.03125
0 0.4796875 0.9109375 0.0140625 0.04453125
0 0.1625 0.540625 0.01953125 0.02578125
0 0.4890625 0.5296875 0.0234375 0.021875
0 0.06171875 0.54609375 0.021875 0.02578125
0 0.08515625 0.540625 0.0203125 0.02578125
0 0.0875 0.565625 0.021875 0.0203125
0 0.11796875 0.53671875 0.02265625 0.02578125
0 0.1265625 0.56640625 0.0234375 0.021875
0 0.50078125 0.55078125 0.01953125 0.0203125
0 0.1625 0.56796875 0.0234375 0.0203125
0 0.30546875 0.35625 0.0234375 0.03515625
0 0.225 0.53125 0.021875 0.02578125
0 0.6703125 0.5015625 0.0234375 0.02578125
0 0.4828125 0.48671875 0.0234375 0.02578125
0 0.3 0.52890625 0.0234375 0.02421875
0 0.2765625 0.55546875 0.0234375 0.02578125
0 0.95390625 0.4953125 0.02265625 0.02421875
0 0.340625 0.55703125 0.0234375 0.02578125
0 0.03203125 0.571875 0.0234375 0.02578125
0 0.384375 0.55 0.0234375 0.021875
0 0.70390625 0.5015625 0.0234375 0.02578125
0 0.428125 0.5515625 0.0234375 0.02578125
0 0.45234375 0.55703125 0.0234375 0.021875