0 0.4640625 0.28671875 0.028125 0.08125
0 0.396875 0.0765625 0.02421875 0.06484375
0 0.40390625 0.15078125 0.02421875 0.06484375
0 0.42421875 0.228125 0.02421875 0.06328125
0 0.41484375 0.04140625 0.0234375 0.06875
0 0.428125 0.11171875 0.0203125 0.05703125
0 0.44375 0.184375 0.025 0.06875
0 0.14296875 0.7796875 0.03984375 0.0515625
0 0.090625 0.8140625 0.03828125 0.04609375
0 0.0484375 0.97890625 0.03515625 0.0390625
0 0.11171875 0.97890625 0.034375 0.0390625
0 0.03984375 0.8984375 0.040625 0.05546875
0 0.67265625 0.33125 0.04296875 0.0515625
0 0.1578125 0.9484375 0.0421875 0.0515625
0 0.03046875 0.8609375 0.04375 0.0515625
0 0.7265625 0.28984375 0.0390625 0.05390625
0 0.084375 0.8640625 0.04296875 0.05703125
0 0.03984375 0.93671875 0.046875 0.05546875
0 0.675 0.371875 0.0359375 0.0484375
0 0.653125 0.303125 0.0359375 0.04609375
0 0.6453125 0.26484375 0.040625 0.0515625
0 0.86796875 0.19375 0.0359375 0.04609375
0 0.734375 0.2453125 0.03515625 0.05
0 0.75546875 0.18359375 0.09453125 0.10390625
0 0.71328125 0.34453125 0.03984375 0.0484375
0 0.94453125 0.090625 0.03828125 0.0515625
0 0.75625 0.31171875 0.03515625 0.05390625
0 0.80078125 0.28125 0.0375 0.04453125
0 0.13359375 0.828125 0.0390625 0.0515625
0 0.09921875 0.90390625 0.0421875 0.05546875
2 0.13359375 0.91796875 0.103125 0.109375
0 0.22421875 0.84609375 0.03984375 0.0484375
0 0.21953125 0.91171875 0.03984375 0.05
0 0.3625 0.0640625 0.0234375 0.0609375
0 0.27109375 0.765625 0.0359375 0.05
0 0.4484375 0.6 0.0375 0.0515625
0 0.703125 0.16796875 0.0390625 0.04609375
0 0.8625 0.5953125 0.0265625 0.071875
0 0.3046875 0.65625 0.0390625 0.04609375
0 0.78359375 0.1109375 0.03046875 0.04453125
0 0.37734375 0.5984375 0.03828125 0.0484375
0 0.24765625 0.70078125 0.03828125 0.05
0 0.3546875 0.66484375 0.03828125 0.0484375
0 0.39609375 0.7203125 0.034375 0.04453125
0 0.38359375 0.69140625 0.0328125 0.05390625
0 0.32734375 0.72890625 0.0390625 0.05390625
0 0.29609375 0.70546875 0.0328125 0.0515625
0 0.2375 0.7484375 0.03984375 0.0515625
0 0.184375 0.79453125 0.0359375 0.0515625
0 0.15703125 0.85859375 0.03984375 0.05
0 0.2 0.734375 0.0390625 0.04609375
0 0.21171875 0.81640625 0.0390625 0.05546875
0 0.26796875 0.8203125 0.0359375 0.0515625
2 0.2921875 0.8484375 0.08671875 0.10703125
2 0.33203125 0.7703125 0.0703125 0.08125
2 0.38125 0.78359375 0.0671875 0.09296875