0 0.6125 0.34140625 0.03125 0.07578125
1 0.7015625 0.05078125 0.0375 0.07578125
0 0.6734375 0.11953125 0.0296875 0.06484375
0 0.64296875 0.1703125 0.028125 0.059375
0 0.6171875 0.24375 0.025 0.05703125
0 0.73046875 0.06015625 0.02734375 0.05390625
0 0.7015625 0.1296875 0.028125 0.059375
0 0.67421875 0.1890625 0.0265625 0.0515625
0 0.64921875 0.25 0.03203125 0.06328125
0 0.221875 0.17578125 0.03203125 0.0484375
0 0.29609375 0.23359375 0.03203125 0.05546875
0 0.26484375 0.28359375 0.034375 0.05546875
0 0.20390625 0.2515625 0.03125 0.05546875
0 0.36484375 0.28515625 0.034375 0.0515625
0 0.3453125 0.35859375 0.03203125 0.05390625
0 0.45703125 0.465625 0.0328125 0.05703125
2 0.365625 0.43203125 0.04765625 0.07578125
0 0.30859375 0.40546875 0.0328125 0.0484375
0 0.52890625 0.58046875 0.03203125 0.05390625
2 0.3734375 0.50703125 0.03984375 0.059375
0 0.4984375 0.625 0.0296875 0.05703125
0 0.45078125 0.40703125 0.0359375 0.059375
0 0.646875 0.79296875 0.034375 0.059375
0 0.5015625 0.471875 0.034375 0.0484375
0 0.5859375 0.78046875 0.0296875 0.05
2 0.47734375 0.65625 0.08203125 0.13125
0 0.35859375 0.86796875 0.021875 0.05390625
0 0.7421875 0.8859375 0.03515625 0.06484375
0 0.2625 0.059375 0.0359375 0.06328125
0 0.72265625 0.1859375 0.03125 0.05703125
0 0.29609375 0.06953125 0.0359375 0.05703125
0 0.55390625 0.553125 0.03515625 0.05
0 0.37109375 0.17578125 0.0328125 0.0515625
0 0.50078125 0.30859375 0.03984375 0.0609375
0 0.390625 0.253125 0.0328125 0.05390625
0 0.53125 0.40546875 0.0328125 0.05546875
2 0.6109375 0.45546875 0.0828125 0.1296875
0 0.7 0.5859375 0.03828125 0.05703125
0 0.65703125 0.58046875 0.03515625 0.05703125
0 0.753125 0.50859375 0.0265625 0.05703125
0 0.76640625 0.68203125 0.03125 0.05703125
0 0.6234375 0.64921875 0.03984375 0.05703125
0 0.596875 0.503125 0.034375 0.05703125
0 0.49296875 0.4015625 0.03515625 0.05546875
0 0.67265625 0.7109375 0.03828125 0.059375
0 0.7390625 0.8046875 0.03828125 0.0609375
0 0.6109375 0.571875 0.0359375 0.05546875
0 0.809375 0.90390625 0.0390625 0.059375
0 0.38046875 0.91015625 0.03046875 0.06484375
1 0.646875 0.078125 0.03515625 0.06328125
0 0.1390625 0.1453125 0.0328125 0.05703125
0 0.159375 0.13203125 0.03203125 0.05
0 0.2125 0.1140625 0.03125 0.05
0 0.0765625 0.0265625 0.03203125 0.05
0 0.846875 0.85859375 0.0390625 0.0609375
0 0.9171875 0.9 0.03984375 0.05546875