0 0.48515625 0.28125 0.025 0.07421875
0 0.4359375 0.05390625 0.021875 0.06640625
0 0.4359375 0.12890625 0.0203125 0.06875
0 0.45 0.21328125 0.021875 0.0703125
0 0.45625 0.02890625 0.01953125 0.05703125
0 0.4625 0.09921875 0.01875 0.05703125
0 0.47109375 0.1734375 0.02265625 0.06875
0 0.13203125 0.675 0.04375 0.0390625
0 0.07890625 0.6953125 0.0375 0.04296875
0 0.028125 0.8515625 0.03515625 0.040625
0 0.0859375 0.8703125 0.0375 0.040625
0 0.02265625 0.76328125 0.04296875 0.04453125
0 0.6890625 0.38125 0.0453125 0.04453125
0 0.134375 0.84921875 0.03984375 0.04296875
0 0.01875 0.72578125 0.0375 0.0453125
0 0.74453125 0.35625 0.03984375 0.04296875
0 0.0703125 0.74453125 0.040625 0.040625
0 0.025 0.80390625 0.0453125 0.0484375
0 0.68671875 0.4203125 0.03515625 0.04453125
0 0.6703125 0.34921875 0.03828125 0.04296875
0 0.66484375 0.309375 0.04296875 0.04453125
0 0.8546875 0.31484375 0.03828125 0.040625
0 0.75703125 0.3140625 0.0375 0.0390625
0 0.7671875 0.26328125 0.096875 0.08515625
0 0.72734375 0.4046875 0.03984375 0.04609375
0 0.92890625 0.23828125 0.03828125 0.04296875
0 0.77265625 0.38671875 0.0375 0.040625
0 0.8203125 0.36875 0.0390625 0.040625
0 0.121875 0.7234375 0.04296875 0.04296875
0 0.0796875 0.7859375 0.040625 0.04609375
2 0.115625 0.8109375 0.10546875 0.07421875
0 0.20703125 0.76875 0.0390625 0.040625
0 0.196875 0.82421875 0.03984375 0.0484375
0 0.40390625 0.1296875 0.02265625 0.0703125
0 0.27265625 0.70078125 0.0359375 0.04609375
0 0.5109375 0.56328125 0.03828125 0.03671875
0 0.6859375 0.22421875 0.040625 0.03671875
0 0.8578125 0.66328125 0.01953125 0.07421875
0 0.32734375 0.59140625 0.03984375 0.04296875
0 0.75546875 0.21171875 0.034375 0.03125
0 0.41328125 0.53359375 0.0375 0.04453125
0 0.25390625 0.62421875 0.0375 0.0484375
0 0.38125 0.61171875 0.0375 0.04296875
0 0.39921875 0.6859375 0.0390625 0.04296875
0 0.4125 0.64296875 0.0375 0.0484375
0 0.33828125 0.67109375 0.03828125 0.04296875
0 0.30078125 0.64296875 0.0328125 0.04453125
0 0.2359375 0.6734375 0.03984375 0.04609375
0 0.1703125 0.70546875 0.0359375 0.04453125
0 0.14375 0.759375 0.0390625 0.040625
0 0.20234375 0.64375 0.03828125 0.04296875
0 0.20859375 0.7296875 0.03828125 0.0515625
0 0.24765625 0.75078125 0.0359375 0.04609375
2 0.2734375 0.790625 0.0859375 0.08515625
2 0.325 0.71953125 0.06953125 0.06875
2 0.36796875 0.74609375 0.06875 0.08125