0 0.5015625 0.18125 0.0140625 0.04453125
0 0.925 0.51875 0.02265625 0.02578125
0 0.72578125 0.51796875 0.0234375 0.02421875
0 0.0125 0.51640625 0.021875 0.021875
0 0.02890625 0.51953125 0.02265625 0.02421875
0 0.0515625 0.51484375 0.01953125 0.021875
0 0.50390625 0.73671875 0.0140625 0.04453125
0 0.4984375 0.86484375 0.0140625 0.04453125
0 0.2796875 0.5484375 0.0203125 0.02578125
0 0.975 0.51875 0.0234375 0.02578125
0 0.7890625 0.49296875 0.021875 0.021875
0 0.3734375 0.525 0.021875 0.02421875
0 0.55390625 0.71484375 0.0109375 0.0296875
0 0.49921875 0.48984375 0.0234375 0.02421875
0 0.48125 0.334375 0.0140625 0.04296875
0 0.4359375 0.49921875 0.01875 0.0203125
0 0.5140625 0.31484375 0.0140625 0.04453125
2 0.6828125 0.49140625 0.0359375 0.02421875
0 0.92109375 0.49609375 0.021875 0.02578125
0 0.41484375 0.51875 0.01953125 0.02578125
0 0.65625 0.51484375 0.0234375 0.02578125
0 0.22734375 0.55390625 0.01875 0.02578125
0 0.6296875 0.51484375 0.01953125 0.02578125
0 0.67265625 0.51796875 0.02265625 0.02421875
0 0.9765625 0.47109375 0.01953125 0.02421875
0 0.8546875 0.49375 0.0203125 0.02421875
0 0.58125 0.7046875 0.0140625 0.04296875
0 0.02421875 0.56640625 0.02265625 0.02578125
0 0.2203125 0.55546875 0.015625 0.01875
0 0.73515625 0.4890625 0.01875 0.02578125
0 0.32890625 0.525 0.021875 0.0203125
0 0.52421875 0.975 0.0140625 0.04296875
0 0.7328125 0.58515625 0.01484375 0.01875
0 0.51875 0.70859375 0.0109375 0.0390625
0 0.52265625 0.74375 0.0140625 0.04296875
0 0.52265625 0.78828125 0.0140625 0.03515625
0 0.5234375 0.83671875 0.0140625 0.040625
0 0.52421875 0.884375 0.0140625 0.04296875
0 0.53046875 0.703125 0.0125 0.04296875
0 0.5453125 0.67578125 0.01171875 0.04453125
0 0.54765625 0.71484375 0.009375 0.03359375
0 0.55546875 0.6765625 0.01171875 0.0390625
1 0.4671875 0.2203125 0.0140625 0.07421875
0 0.46953125 0.37890625 0.01171875 0.0390625
0 0.365625 0.4984375 0.0203125 0.02578125
0 0.490625 0.14296875 0.0140625 0.04453125
0 0.4984375 0.18046875 0.0109375 0.04296875
0 0.5125 0.01875 0.0109375 0.03671875
0 0.47734375 0.24453125 0.0140625 0.040625
0 0.48046875 0.37578125 0.01171875 0.03671875
0 0.4890625 0.2265625 0.0140625 0.04296875
0 0.5015625 0.2765625 0.0125 0.04296875
0 0.49140625 0.325 0.0125 0.04296875
0 0.50078125 0.32890625 0.01171875 0.0390625
0 0.49140625 0.36484375 0.0125 0.040625
0 0.503125 0.36796875 0.0125 0.0390625
0 0.98828125 0.49375 0.0171875 0.0203125
0 0.47109375 0.509375 0.0203125 0.02578125
0 0.278125 0.528125 0.0171875 0.021875
0 0.47734375 0.14296875 0.0109375 0.04453125
0 0.50703125 0.6734375 0.01484375 0.0390625
0 0.0453125 0.5359375 0.021875 0.0203125
0 0.634375 0.446875 0.0234375 0.028125
0 0.75390625 0.45703125 0.0234375 0.02578125
0 0.98828125 0.49609375 0.021875 0.021875
2 0.12578125 0.55703125 0.021875 0.02578125
0 0.559375 0.5234375 0.021875 0.028125
0 0.1921875 0.53828125 0.021875 0.02421875
0 0.4515625 0.53125 0.02265625 0.021875
0 0.13046875 0.528125 0.01640625 0.021875
0 0.54921875 0.5640625 0.01875 0.03515625
0 0.14921875 0.53359375 0.021875 0.02578125
0 0.14921875 0.54921875 0.015625 0.02421875
0 0.17265625 0.55390625 0.02265625 0.021875
0 0.196875 0.55625 0.021875 0.0203125
0 0.32109375 0.40546875 0.015625 0.04453125
0 0.21875 0.5296875 0.01953125 0.021875
0 0.8125 0.51328125 0.021875 0.021875
0 0.6328125 0.4890625 0.021875 0.02578125
0 0.24453125 0.546875 0.0203125 0.02421875
0 0.28046875 0.55703125 0.0203125 0.021875
0 0.10234375 0.55390625 0.0234375 0.02578125
0 0.3171875 0.55 0.021875 0.02578125
0 0.8546875 0.51640625 0.0234375 0.021875
0 0.38984375 0.55078125 0.0171875 0.02421875
0 0.43671875 0.55 0.021875 0.021875