0 0.58515625 0.31171875 0.028125 0.07578125
0 0.63125 0.075 0.02734375 0.06875
0 0.603125 0.1390625 0.02421875 0.059375
0 0.58359375 0.21796875 0.02421875 0.05390625
0 0.67890625 0.0203125 0.025 0.040625
0 0.6578125 0.08046875 0.02421875 0.0609375
0 0.6359375 0.1453125 0.021875 0.05390625
0 0.615625 0.21171875 0.02734375 0.06484375
0 0.6078125 0.365625 0.03515625 0.04609375
0 0.54140625 0.39140625 0.03828125 0.0390625
0 0.0171875 0.03359375 0.034375 0.0515625
0 0.040625 0.1046875 0.034375 0.04296875
0 0.07578125 0.09296875 0.034375 0.0515625
2 0.065625 0.175 0.05859375 0.07578125
0 0.053125 0.2109375 0.034375 0.0484375
0 0.14140625 0.1640625 0.034375 0.04609375
2 0.11015625 0.278125 0.04375 0.06640625
0 0.15234375 0.26484375 0.03515625 0.0484375
0 0.1828125 0.16640625 0.03515625 0.0515625
0 0.19296875 0.26484375 0.03828125 0.0484375
0 0.26015625 0.2484375 0.034375 0.0515625
0 0.22890625 0.34296875 0.03046875 0.0484375
2 0.19375 0.35859375 0.090625 0.11640625
0 0.27421875 0.45390625 0.028125 0.0484375
0 0.3015625 0.3296875 0.0359375 0.0515625
0 0.5984375 0.53671875 0.040625 0.05546875
0 0.31875 0.39609375 0.03203125 0.0484375
0 0.33125 0.53515625 0.03203125 0.05546875
0 0.43046875 0.38671875 0.0359375 0.04453125
0 0.65625 0.5890625 0.04296875 0.05546875
0 0.39921875 0.4359375 0.0390625 0.0609375
0 0.43125 0.515625 0.03984375 0.05703125
0 0.66328125 0.64609375 0.0390625 0.0484375
0 0.66484375 0.55390625 0.03828125 0.05546875
0 0.64921875 0.4890625 0.04375 0.059375
0 0.7359375 0.6765625 0.0375 0.05390625
0 0.7375 0.62890625 0.0375 0.05390625
2 0.7578125 0.59609375 0.09765625 0.121875
0 0.85625 0.6953125 0.040625 0.05390625
0 0.8515625 0.73828125 0.0375 0.05703125
0 0.7234375 0.71171875 0.03828125 0.05703125
0 0.7875 0.68203125 0.0359375 0.05703125
0 0.8328125 0.77109375 0.03828125 0.0609375
0 0.77109375 0.75546875 0.03984375 0.05546875
0 0.81875 0.809375 0.040625 0.059375
0 0.90625 0.84921875 0.0375 0.05703125
0 0.92734375 0.92109375 0.0421875 0.05703125
0 0.54375 0.58828125 0.0359375 0.05390625
0 0.559375 0.64609375 0.0359375 0.06328125
2 0.5140625 0.64609375 0.08515625 0.1109375
0 0.7125 0.3140625 0.0171875 0.06484375
0 0.6109375 0.74609375 0.0375 0.05546875
0 0.4046875 0.73671875 0.0203125 0.0703125
0 0.4 0.94453125 0.025 0.0703125
0 0.73828125 0.44921875 0.0328125 0.06484375
0 0.55546875 0.10703125 0.0375 0.0703125
0 0.925 0.97578125 0.0359375 0.03359375
0 0.68828125 0.73828125 0.03828125 0.05703125
0 0.6546875 0.7515625 0.0390625 0.05546875
0 0.70859375 0.1203125 0.0265625 0.059375
0 0.85625 0.95859375 0.03984375 0.05390625
0 0.74921875 0.85859375 0.0359375 0.05390625
2 0.77109375 0.94296875 0.08671875 0.10703125