0 0.521875 0.634375 0.0125 0.04609375
0 0.5421875 0.6140625 0.01484375 0.0390625
1 0.55390625 0.5546875 0.01640625 0.04296875
0 0.51875 0.50078125 0.0125 0.03515625
1 0.5203125 0.41796875 0.01484375 0.04296875
0 0.5265625 0.3546875 0.01171875 0.028125
0 0.61796875 0.53359375 0.028125 0.02578125
1 0.44140625 0.853125 0.0171875 0.08671875
0 0.42109375 0.7546875 0.015625 0.0609375
0 0.46484375 0.66484375 0.0140625 0.04453125
0 0.4421875 0.62109375 0.0140625 0.0390625
0 0.4609375 0.5015625 0.01171875 0.0296875
0 0.4390625 0.52421875 0.0140625 0.03671875
0 0.44609375 0.4546875 0.0140625 0.03515625
0 0.45078125 0.38125 0.00859375 0.02578125
0 0.46640625 0.3953125 0.0109375 0.03515625
0 0.45390625 0.33515625 0.00859375 0.02578125
0 0.4671875 0.32578125 0.0109375 0.02578125
0 0.5015625 0.9046875 0.01640625 0.05703125
0 0.50234375 0.784375 0.01640625 0.05390625
0 0.546875 0.828125 0.015625 0.0515625
0 0.525 0.865625 0.01640625 0.05390625
0 0.5046875 0.66875 0.0125 0.040625
0 0.4828125 0.4109375 0.00859375 0.02578125
0 0.48359375 0.446875 0.0109375 0.03125
0 0.48359375 0.51875 0.01875 0.03671875
0 0.4984375 0.5890625 0.01640625 0.040625
0 0.49921875 0.490625 0.0171875 0.03671875
0 0.484375 0.38125 0.009375 0.02578125
0 0.48515625 0.35 0.00859375 0.02578125
0 0.48515625 0.321875 0.0109375 0.02578125
0 0.5453125 0.71015625 0.0140625 0.04296875
0 0.41328125 0.50703125 0.02265625 0.02578125
0 0.371875 0.49453125 0.028125 0.0296875
0 0.33515625 0.49921875 0.02734375 0.028125
0 0.303125 0.49375 0.0296875 0.028125
0 0.27109375 0.48984375 0.0265625 0.028125
0 0.50703125 0.33828125 0.01171875 0.028125
0 0.50546875 0.24375 0.00859375 0.02421875
0 0.51796875 0.24921875 0.00859375 0.02421875
0 0.475 0.21953125 0.009375 0.02421875
0 0.48828125 0.2203125 0.009375 0.02578125
0 0.4875 0.25703125 0.00859375 0.02578125
0 0.4703125 0.278125 0.00859375 0.02578125
0 0.4859375 0.2890625 0.009375 0.02578125
0 0.534375 0.29609375 0.0140625 0.04453125