0 0.61015625 0.9453125 0.034375 0.10546875
0 0.4796875 0.30625 0.03515625 0.13515625
0 0.43359375 0.11328125 0.03515625 0.1484375
0 0.425 0.42578125 0.0359375 0.14453125
0 0.3421875 0.42421875 0.0359375 0.14453125
0 0.3390625 0.159375 0.03828125 0.13671875
0 0.971875 0.41015625 0.0546875 0.05703125
0 0.48671875 0.14453125 0.028125 0.12578125
0 0.26796875 0.52890625 0.06328125 0.128125
0 0.11484375 0.4703125 0.08125 0.08125
0 0.13828125 0.5703125 0.06171875 0.05546875
0 0.03515625 0.56484375 0.0703125 0.06640625
0 0.0296875 0.45546875 0.059375 0.06328125
0 0.3875 0.21484375 0.03828125 0.140625
0 0.37578125 0.5484375 0.046875 0.159375
0 0.1234375 0.33828125 0.084375 0.10546875
0 0.615625 0.11484375 0.03828125 0.159375
0 0.53828125 0.3140625 0.0375 0.14609375
0 0.6140625 0.4609375 0.034375 0.1515625
0 0.66015625 0.51484375 0.0375 0.1484375
0 0.56953125 0.64140625 0.03828125 0.14296875
0 0.06875 0.76796875 0.075 0.0984375