0 0.19375 0.04609375 0.08125 0.0921875
0 0.140625 0.10703125 0.0703125 0.08125
0 0.04453125 0.21953125 0.0890625 0.1015625
0 0.13828125 0.18984375 0.0828125 0.090625
2 0.55703125 0.21953125 0.2 0.18671875
0 0.3703125 0.23125 0.071875 0.0890625
0 0.2875 0.353125 0.0765625 0.08671875
0 0.42890625 0.95078125 0.07109375 0.09453125
0 0.45546875 0.37421875 0.07734375 0.08515625
0 0.5515625 0.82578125 0.07109375 0.09296875
0 0.6109375 0.371875 0.07734375 0.08125
0 0.80703125 0.37109375 0.08125 0.08359375
0 0.60078125 0.51953125 0.07734375 0.08671875
0 0.72421875 0.50859375 0.075 0.08671875
0 0.30546875 0.4796875 0.075 0.08515625
0 0.025 0.40859375 0.05 0.0796875
0 0.15859375 0.48671875 0.07890625 0.08515625
0 0.2375 0.7015625 0.075 0.0890625
0 0.06953125 0.6140625 0.08125 0.0796875
0 0.14609375 0.38984375 0.07109375 0.07578125
0 0.0453125 0.50859375 0.07890625 0.08359375
0 0.1453125 0.95625 0.06171875 0.08359375
0 0.05234375 0.809375 0.08125 0.10703125
0 0.765625 0.75546875 0.0765625 0.0703125
0 0.96328125 0.8109375 0.07109375 0.0890625
0 0.22578125 0.60703125 0.08125 0.0890625
0 0.93671875 0.71171875 0.07734375 0.08671875
0 0.9828125 0.45546875 0.0296875 0.06328125
0 0.9578125 0.55 0.06875 0.07421875