0 0.5234375 0.36171875 0.0140625 0.03125
0 0.540625 0.51484375 0.01484375 0.04453125
1 0.7515625 0.6890625 0.03125 0.03671875
0 0.88203125 0.72421875 0.0328125 0.02578125
0 0.4296875 0.75 0.0140625 0.04453125
0 0.44921875 0.9140625 0.01953125 0.0609375
0 0.4390625 0.63671875 0.0140625 0.04453125
0 0.4640625 0.76015625 0.015625 0.05
0 0.46171875 0.64296875 0.0140625 0.04453125
0 0.5015625 0.88125 0.0140625 0.059375
0 0.52734375 0.85 0.0171875 0.05546875
0 0.50625 0.79140625 0.015625 0.05390625
0 0.54765625 0.80703125 0.0140625 0.0515625
0 0.5265625 0.73125 0.0140625 0.04453125
0 0.50859375 0.6890625 0.0140625 0.04453125
0 0.4859375 0.55390625 0.0140625 0.04453125
0 0.49609375 0.59375 0.01953125 0.0390625
0 0.4828125 0.6484375 0.01875 0.04453125
0 0.4890625 0.709375 0.0234375 0.04453125
0 0.52421875 0.64296875 0.0296875 0.04453125
0 0.484375 0.5 0.0140625 0.03359375
0 0.4875 0.45625 0.01171875 0.03125
0 0.48671875 0.415625 0.0109375 0.03515625
0 0.4921875 0.38046875 0.0140625 0.03515625
0 0.475 0.3109375 0.009375 0.02578125
0 0.48984375 0.34453125 0.00859375 0.02578125
0 0.4671875 0.45625 0.0109375 0.03125
0 0.5484375 0.6296875 0.0140625 0.04453125
1 0.4921875 0.30625 0.0140625 0.03515625
0 0.40390625 0.6296875 0.02265625 0.02578125
0 0.3140625 0.61484375 0.0234375 0.02578125
0 0.2828125 0.609375 0.0296875 0.02578125
0 0.2453125 0.60546875 0.0265625 0.02578125