0 0.21171875 0.9515625 0.07109375 0.09296875
0 0.60390625 0.284375 0.0734375 0.12421875
0 0.29765625 0.0765625 0.0734375 0.13515625
0 0.43046875 0.21484375 0.0671875 0.121875
0 0.078125 0.078125 0.07421875 0.12578125
1 0.17421875 0.0484375 0.08671875 0.09609375
0 0.4046875 0.428125 0.0703125 0.121875
0 0.17578125 0.1265625 0.07421875 0.128125
0 0.2765625 0.3234375 0.06328125 0.11640625
0 0.2703125 0.53984375 0.06171875 0.11328125
0 0.1609375 0.34453125 0.06640625 0.12578125
0 0.05625 0.15625 0.0703125 0.11640625
0 0.28359375 0.20078125 0.06171875 0.109375
0 0.1671875 0.23203125 0.065625 0.12421875
0 0.08515625 0.7984375 0.0453125 0.1484375
0 0.05546875 0.5359375 0.05390625 0.15
0 0.39765625 0.87109375 0.075 0.071875
0 0.6 0.9046875 0.08671875 0.1015625
0 0.31171875 0.5046875 0.065625 0.1203125
0 0.55546875 0.55078125 0.06875 0.12421875
0 0.7234375 0.8765625 0.08203125 0.14609375
0 0.82890625 0.82109375 0.07421875 0.13125
0 0.925 0.878125 0.0640625 0.11875
0 0.809375 0.60390625 0.06640625 0.140625
0 0.690625 0.6984375 0.07109375 0.1296875
0 0.6859375 0.56171875 0.06640625 0.109375