0 0.453125 0.29296875 0.03125 0.078125
0 0.37578125 0.09453125 0.025 0.06328125
0 0.38671875 0.16640625 0.025 0.06328125
0 0.4109375 0.23984375 0.02421875 0.0609375
0 0.39140625 0.05625 0.025 0.06875
0 0.40859375 0.12421875 0.02265625 0.05546875
0 0.4265625 0.19375 0.02734375 0.06875
0 0.15078125 0.83359375 0.03984375 0.05546875
0 0.1 0.88125 0.03828125 0.0515625
0 0.05078125 0.9703125 0.0390625 0.0515625
0 0.6609375 0.30078125 0.040625 0.05390625
0 0.0421875 0.93515625 0.04375 0.0515625
0 0.7140625 0.24921875 0.03828125 0.05703125
0 0.09609375 0.93046875 0.04375 0.05703125
0 0.66484375 0.340625 0.03515625 0.0515625
0 0.63984375 0.2765625 0.03515625 0.05
0 0.63359375 0.24296875 0.04375 0.059375
0 0.86953125 0.11796875 0.0359375 0.04609375
0 0.7171875 0.20625 0.03515625 0.05
0 0.74453125 0.13359375 0.090625 0.11484375
0 0.70078125 0.30859375 0.03828125 0.05
0 0.74140625 0.26953125 0.03515625 0.05390625
0 0.78671875 0.23828125 0.0359375 0.05390625
0 0.1453125 0.88828125 0.040625 0.05703125
0 0.11015625 0.9640625 0.0421875 0.05390625
2 0.15078125 0.95625 0.10078125 0.08359375
0 0.2375 0.89296875 0.040625 0.0515625
0 0.23515625 0.95546875 0.03984375 0.0515625
0 0.328125 0.03203125 0.025 0.0640625
0 0.28203125 0.80859375 0.0375 0.05
0 0.428125 0.63046875 0.0359375 0.05703125
0 0.7125 0.11640625 0.03828125 0.0515625
0 0.8640625 0.54921875 0.02734375 0.06875
0 0.29921875 0.69296875 0.03828125 0.05546875
0 0.79765625 0.04609375 0.034375 0.0484375
0 0.36875 0.63046875 0.03828125 0.05390625
0 0.25234375 0.74453125 0.03828125 0.0515625
0 0.34765625 0.69921875 0.0390625 0.05
0 0.40234375 0.73828125 0.03515625 0.05703125
0 0.3796875 0.71953125 0.0328125 0.05390625
0 0.328125 0.76015625 0.0390625 0.05390625
0 0.2984375 0.74140625 0.0328125 0.05390625
0 0.2453125 0.790625 0.0390625 0.05546875
0 0.1921875 0.84296875 0.04296875 0.0515625
0 0.16875 0.9140625 0.0390625 0.05
0 0.20625 0.78359375 0.0390625 0.0515625
0 0.2234375 0.8609375 0.03828125 0.05546875
0 0.2796875 0.85546875 0.03515625 0.05546875
2 0.30546875 0.884375 0.08515625 0.109375
2 0.34140625 0.7984375 0.0671875 0.09296875
2 0.39140625 0.80390625 0.0671875 0.09296875