0 0.96171875 0.5203125 0.02421875 0.02578125
0 0.0890625 0.51484375 0.0234375 0.02578125
0 0.16015625 0.51484375 0.021875 0.02578125
0 0.74375 0.51875 0.03046875 0.02578125
0 0.6984375 0.51953125 0.0296875 0.028125
0 0.68515625 0.49375 0.028125 0.028125
1 0.48515625 0.79921875 0.02265625 0.0984375
0 0.496875 0.66953125 0.01875 0.05390625
0 0.57109375 0.5546875 0.025 0.028125
0 0.30078125 0.53671875 0.021875 0.021875
0 0.5609375 0.74609375 0.01484375 0.04453125
0 0.83828125 0.48984375 0.028125 0.02421875
0 0.5140625 0.22109375 0.0140625 0.05390625
0 0.63046875 0.425 0.028125 0.0390625
0 0.696875 0.46015625 0.03046875 0.02421875
0 0.7484375 0.45703125 0.02265625 0.021875
0 0.646875 0.52109375 0.0265625 0.02421875
0 0.9625 0.49375 0.04609375 0.0390625
0 0.321875 0.5359375 0.02734375 0.02421875
0 0.65859375 0.61796875 0.02265625 0.03515625
0 0.890625 0.61328125 0.025 0.021875
1 0.90546875 0.5890625 0.0203125 0.021875
0 0.89921875 0.52109375 0.0296875 0.028125
0 0.1921875 0.56796875 0.03046875 0.028125
0 0.18671875 0.540625 0.02734375 0.02578125
0 0.2171875 0.53828125 0.02734375 0.02421875
0 0.271875 0.53671875 0.02734375 0.02578125
0 0.92890625 0.5203125 0.028125 0.0296875
0 0.246875 0.56875 0.03046875 0.0296875
0 0.27265625 0.56328125 0.028125 0.0296875
0 0.30625 0.56640625 0.0234375 0.0296875
0 0.33125 0.56484375 0.028125 0.02578125
0 0.3625 0.56484375 0.02734375 0.0296875
0 0.38203125 0.559375 0.02421875 0.0296875
0 0.25625 0.51328125 0.021875 0.021875
0 0.51796875 0.33671875 0.0125 0.05546875
0 0.559375 0.02890625 0.0140625 0.0390625
0 0.525 0.57890625 0.0265625 0.03515625
0 0.53046875 0.4859375 0.0296875 0.03125
0 0.57890625 0.51328125 0.0265625 0.0296875
0 0.7421875 0.49140625 0.0234375 0.0203125
0 0.78828125 0.49140625 0.02265625 0.0203125
0 0.6109375 0.5234375 0.0296875 0.028125
0 0.5375 0.6140625 0.025 0.03515625
0 0.5125 0.690625 0.0203125 0.0484375
0 0.75625 0.61015625 0.0265625 0.03125
0 0.53671875 0.7359375 0.0125 0.05
0 0.525 0.73984375 0.01484375 0.05703125
0 0.56171875 0.796875 0.01484375 0.05390625
0 0.13125 0.540625 0.028125 0.02578125
0 0.8609375 0.521875 0.034375 0.02578125
0 0.621875 0.6515625 0.0234375 0.0484375
0 0.10546875 0.54140625 0.02734375 0.03125
0 0.0796875 0.54609375 0.0265625 0.02578125
0 0.91328125 0.49375 0.0296875 0.028125
0 0.05 0.54609375 0.025 0.0296875
0 0.47734375 0.19921875 0.0140625 0.05390625
0 0.48828125 0.09296875 0.0140625 0.059375
0 0.02265625 0.5484375 0.0234375 0.02578125
0 0.02421875 0.5796875 0.0265625 0.02578125
0 0.52421875 0.7859375 0.01484375 0.05703125
0 0.525 0.8359375 0.01640625 0.05
0 0.52578125 0.88203125 0.01484375 0.05
0 0.528125 0.934375 0.01484375 0.04296875
0 0.55 0.70390625 0.01640625 0.0515625
0 0.5640625 0.703125 0.01484375 0.05390625
0 0.46328125 0.08515625 0.01484375 0.04453125
0 0.465625 0.2484375 0.0140625 0.0515625
0 0.4796875 0.36640625 0.0125 0.0515625
0 0.490625 0.29921875 0.0140625 0.05390625
0 0.5015625 0.153125 0.0140625 0.05390625
0 0.49140625 0.35 0.01484375 0.05546875
0 0.5046875 0.35390625 0.00859375 0.0484375
0 0.371875 0.53671875 0.0265625 0.02578125
0 0.24296875 0.53671875 0.02421875 0.02578125
0 0.77578125 0.51796875 0.0265625 0.02421875
0 0.07890625 0.5765625 0.0296875 0.028125
0 0.87265625 0.4984375 0.0265625 0.0296875
0 0.1578125 0.54375 0.028125 0.02421875
0 0.3484375 0.53828125 0.025 0.028125
0 0.81953125 0.5234375 0.028125 0.028125
0 0.1109375 0.56796875 0.02734375 0.02421875
0 0.1359375 0.56953125 0.0234375 0.028125
0 0.16171875 0.5734375 0.028125 0.02421875
0 0.35703125 0.50078125 0.02421875 0.028125
0 0.21640625 0.5640625 0.02421875 0.028125
1 0.853125 0.57890625 0.02265625 0.02421875
0 0.04921875 0.571875 0.0265625 0.0296875