0 0.27109375 0.5 0.03046875 0.02578125
0 0.33359375 0.51015625 0.0265625 0.03515625
0 0.86796875 0.515625 0.03125 0.028125
0 0.8296875 0.51796875 0.03125 0.03515625
0 0.859375 0.478125 0.0328125 0.0296875
1 0.55703125 0.53671875 0.06328125 0.08125
0 0.62421875 0.48984375 0.03515625 0.03125
0 0.7078125 0.51875 0.034375 0.03359375
0 0.24609375 0.540625 0.03125 0.0296875
0 0.575 0.80390625 0.01640625 0.05546875
0 0.965625 0.47578125 0.03046875 0.03359375
0 0.9296875 0.44375 0.03125 0.028125
0 0.7875 0.51796875 0.03125 0.028125
0 0.27421875 0.54140625 0.03125 0.03515625
0 0.6109375 0.8140625 0.0171875 0.0609375
0 0.7125 0.63671875 0.028125 0.03359375
1 0.73125 0.590625 0.0265625 0.02578125
0 0.09140625 0.509375 0.028125 0.0296875
0 0.10625 0.5765625 0.03515625 0.03515625
0 0.10078125 0.54921875 0.03203125 0.028125
0 0.14140625 0.54453125 0.03125 0.0296875
0 0.209375 0.540625 0.03125 0.03359375
0 0.17578125 0.57578125 0.03125 0.0296875
0 0.2125 0.575 0.03046875 0.03125
0 0.25625 0.57578125 0.03125 0.02578125
0 0.2859375 0.571875 0.034375 0.0296875
0 0.32265625 0.57109375 0.028125 0.03125
0 0.346875 0.56796875 0.025 0.03125
0 0.365625 0.49453125 0.028125 0.03359375
0 0.51640625 0.2984375 0.01484375 0.06640625
0 0.60078125 0.2796875 0.03125 0.0515625
0 0.675 0.48046875 0.028125 0.03125
0 0.7296875 0.48046875 0.03125 0.028125
0 0.78671875 0.484375 0.034375 0.028125
0 0.89375 0.475 0.0328125 0.03125
0 0.92578125 0.47890625 0.03125 0.03125
0 0.746875 0.5140625 0.03046875 0.03125
0 0.65078125 0.51953125 0.03046875 0.03515625
0 0.6078125 0.5390625 0.03125 0.03671875
0 0.85859375 0.58203125 0.0296875 0.02421875
0 0.9359375 0.59453125 0.028125 0.02578125
0 0.78125 0.63125 0.0296875 0.02578125
0 0.64296875 0.69375 0.028125 0.0609375
0 0.5421875 0.78828125 0.01640625 0.06484375
0 0.528125 0.79140625 0.01484375 0.05703125
0 0.5765625 0.86328125 0.015625 0.05546875
0 0.03515625 0.54921875 0.0328125 0.028125
0 0.96640625 0.5140625 0.0265625 0.03125
0 0.596875 0.94921875 0.01484375 0.05703125
0 0.009375 0.54609375 0.01875 0.0296875
0 0.53046875 0.8515625 0.015625 0.0703125
0 0.5296875 0.93984375 0.01640625 0.05703125
0 0.5609375 0.7484375 0.0171875 0.05546875
0 0.5796875 0.73984375 0.01640625 0.05703125
0 0.47109375 0.321875 0.01640625 0.06328125
0 0.48515625 0.246875 0.0140625 0.05703125
0 0.484375 0.31015625 0.0140625 0.05703125
0 0.5015625 0.16953125 0.01875 0.05703125
0 0.33828125 0.54140625 0.03046875 0.028125
0 0.17109375 0.54375 0.02734375 0.028125
0 0.9015625 0.51015625 0.03125 0.03125
0 0.065625 0.55078125 0.03046875 0.03125
0 0.3078125 0.5390625 0.0296875 0.0296875
0 0.93828125 0.51640625 0.03046875 0.0296875
0 0.0109375 0.57890625 0.01953125 0.028125
0 0.0359375 0.58046875 0.03203125 0.03125
0 0.06953125 0.58203125 0.034375 0.028125
0 0.446875 0.525 0.02734375 0.05390625
0 0.1390625 0.575 0.03046875 0.03125
1 0.68359375 0.58359375 0.0234375 0.0296875