0 0.940625 0.521875 0.02421875 0.02578125
0 0.05390625 0.51640625 0.0234375 0.02578125
0 0.12578125 0.51640625 0.021875 0.02578125
0 0.71015625 0.51875 0.03046875 0.02578125
0 0.6640625 0.52109375 0.0296875 0.028125
0 0.6375 0.4953125 0.028125 0.028125
1 0.4859375 0.8765625 0.02421875 0.1015625
0 0.4875 0.74296875 0.01875 0.05546875
0 0.54921875 0.584375 0.02265625 0.03515625
0 0.3078125 0.5390625 0.021875 0.021875
0 0.559375 0.73671875 0.01484375 0.04453125
0 0.803125 0.49375 0.028125 0.02421875
0 0.515625 0.25859375 0.0140625 0.05390625
0 0.596875 0.38046875 0.025 0.03125
0 0.6515625 0.45078125 0.0296875 0.03125
0 0.69296875 0.459375 0.02265625 0.021875
0 0.61796875 0.52578125 0.0234375 0.0296875
0 0.93671875 0.49453125 0.04609375 0.03671875
0 0.32734375 0.5359375 0.02734375 0.02421875
0 0.6859375 0.61015625 0.02265625 0.03515625
0 0.940625 0.609375 0.025 0.021875
1 0.94140625 0.58828125 0.01953125 0.0203125
0 0.8796875 0.52109375 0.0296875 0.028125
0 0.20546875 0.565625 0.03046875 0.028125
0 0.196875 0.540625 0.02734375 0.02578125
0 0.225 0.53671875 0.02734375 0.021875
0 0.2796875 0.53515625 0.02734375 0.02578125
0 0.9109375 0.51875 0.028125 0.0296875
0 0.25703125 0.56640625 0.03046875 0.0296875
0 0.284375 0.56484375 0.02734375 0.0296875
0 0.3171875 0.5609375 0.0234375 0.0296875
0 0.340625 0.56328125 0.028125 0.02578125
0 0.365625 0.56328125 0.02734375 0.0296875
0 0.38984375 0.5546875 0.02421875 0.028125
0 0.22734375 0.5140625 0.021875 0.028125
0 0.51796875 0.33671875 0.0125 0.05546875
0 0.5015625 0.62890625 0.0265625 0.03515625
0 0.51953125 0.48828125 0.0296875 0.03125
0 0.540625 0.54921875 0.025 0.0390625
0 0.70390625 0.49453125 0.025 0.021875
0 0.7546875 0.49609375 0.021875 0.01875
0 0.5875 0.53984375 0.028125 0.03515625
0 0.51953125 0.65625 0.025 0.03515625
0 0.50390625 0.74609375 0.01953125 0.0515625
0 0.7671875 0.61015625 0.0265625 0.03125
0 0.53671875 0.7265625 0.0125 0.05
0 0.52578125 0.73046875 0.01484375 0.05703125
0 0.5609375 0.79140625 0.0125 0.05390625
0 0.0140625 0.57109375 0.02265625 0.028125
0 0.14921875 0.540625 0.028125 0.02578125
0 0.83515625 0.52578125 0.034375 0.02578125
0 0.6421875 0.6234375 0.025 0.05703125
0 0.1234375 0.53984375 0.02421875 0.02421875
0 0.1 0.54453125 0.02421875 0.02578125
0 0.8890625 0.4953125 0.03125 0.028125
0 0.07109375 0.54296875 0.025 0.0296875
0 0.48125 0.26171875 0.0140625 0.05390625
0 0.490625 0.15703125 0.0140625 0.059375
0 0.9796875 0.49375 0.0234375 0.028125
0 0.04375 0.54609375 0.021875 0.0296875
0 0.040625 0.57578125 0.0265625 0.02578125
0 0.52578125 0.775 0.01484375 0.05703125
0 0.52578125 0.825 0.01640625 0.05
0 0.5265625 0.86171875 0.01484375 0.05
0 0.528125 0.92109375 0.01484375 0.04296875
0 0.54765625 0.6953125 0.01640625 0.04296875
0 0.56171875 0.69921875 0.01484375 0.05390625
0 0.4671875 0.16328125 0.01484375 0.04453125
0 0.46640625 0.30625 0.0125 0.05
0 0.48125 0.3703125 0.0125 0.0515625
0 0.50078125 0.08671875 0.01171875 0.0484375
0 0.490625 0.31171875 0.0125 0.05
0 0.5046875 0.22890625 0.0140625 0.05390625
0 0.49140625 0.35546875 0.01484375 0.05546875
0 0.5046875 0.36015625 0.00859375 0.04609375
0 0.38046875 0.53359375 0.0265625 0.02578125
0 0.25078125 0.53515625 0.0234375 0.02578125
0 0.7453125 0.5203125 0.02734375 0.02578125
0 0.01484375 0.54140625 0.02265625 0.028125
0 0.09765625 0.5734375 0.0296875 0.028125
0 0.83828125 0.5 0.0265625 0.0296875
0 0.1671875 0.54140625 0.028125 0.02421875
0 0.353125 0.534375 0.025 0.028125
0 0.79140625 0.52578125 0.028125 0.02578125
0 0.12890625 0.565625 0.025 0.02421875
0 0.1515625 0.56796875 0.0234375 0.028125
0 0.17890625 0.56875 0.028125 0.021875
0 0.34453125 0.5 0.02421875 0.02578125
0 0.946875 0.47109375 0.025 0.02421875
0 0.23125 0.56171875 0.02421875 0.028125
1 0.88671875 0.578125 0.021875 0.021875
0 0.06875 0.56796875 0.021875 0.02421875