0 0.521875 0.45078125 0.0140625 0.03515625
0 0.54140625 0.58359375 0.01484375 0.040625
1 0.65 0.6296875 0.0296875 0.03671875
0 0.51484375 0.359375 0.009375 0.02578125
0 0.76953125 0.659375 0.0296875 0.02578125
0 0.45546875 0.9015625 0.01484375 0.059375
0 0.4265625 0.790625 0.01484375 0.05546875
0 0.4390625 0.5890625 0.0125 0.04453125
0 0.45625 0.67421875 0.0140625 0.04453125
0 0.44453125 0.5109375 0.0109375 0.03359375
0 0.45859375 0.571875 0.0125 0.04453125
0 0.46484375 0.48359375 0.0140625 0.04453125
0 0.4984375 0.8984375 0.01875 0.059375
0 0.525 0.93125 0.01875 0.06328125
0 0.50078125 0.80078125 0.015625 0.05390625
0 0.5453125 0.84375 0.0140625 0.05390625
0 0.5234375 0.721875 0.015625 0.04453125
0 0.50703125 0.678125 0.0140625 0.04453125
0 0.48125 0.50390625 0.0140625 0.03359375
0 0.4859375 0.54453125 0.0140625 0.03359375
0 0.48125 0.6109375 0.01875 0.04453125
0 0.48828125 0.66640625 0.0234375 0.04453125
0 0.50859375 0.59609375 0.0234375 0.04453125
0 0.4828125 0.45859375 0.0140625 0.03515625
0 0.48515625 0.4234375 0.01171875 0.03515625
0 0.48515625 0.3859375 0.0109375 0.03515625
0 0.4875 0.35390625 0.009375 0.03359375
0 0.4875 0.32578125 0.00859375 0.02578125
0 0.471875 0.35 0.0140625 0.02578125
0 0.54609375 0.69609375 0.0140625 0.04453125
0 0.4046875 0.59453125 0.0234375 0.02578125
0 0.3203125 0.58125 0.025 0.02578125
0 0.2890625 0.578125 0.0296875 0.02578125
0 0.2515625 0.5703125 0.0265625 0.02578125