0 0.5203125 0.6109375 0.0140625 0.040625
0 0.540625 0.62578125 0.015625 0.04453125
1 0.5609375 0.56875 0.02265625 0.04453125
0 0.51796875 0.484375 0.0125 0.03515625
1 0.51875 0.4046875 0.01171875 0.03515625
0 0.525 0.34296875 0.0109375 0.02578125
0 0.63671875 0.5609375 0.0296875 0.02578125
0 0.409375 0.86796875 0.01640625 0.0609375
0 0.4625 0.75859375 0.0140625 0.05
0 0.4390625 0.69609375 0.0140625 0.0484375
0 0.46171875 0.55390625 0.0140625 0.040625
0 0.43359375 0.58125 0.0140625 0.04453125
0 0.4453125 0.49609375 0.0140625 0.040625
0 0.4484375 0.4140625 0.01171875 0.03125
0 0.465625 0.43671875 0.0125 0.03359375
0 0.4515625 0.36328125 0.009375 0.02578125
0 0.46484375 0.36328125 0.009375 0.02578125
0 0.4984375 0.91640625 0.01640625 0.06328125
0 0.5 0.7953125 0.015625 0.05390625
0 0.5453125 0.8359375 0.0140625 0.05390625
0 0.521875 0.84921875 0.01484375 0.05703125
0 0.503125 0.68125 0.0140625 0.04453125
0 0.48125 0.43125 0.0140625 0.03359375
0 0.48359375 0.46875 0.0140625 0.03359375
0 0.4828125 0.53984375 0.01953125 0.03515625
0 0.49296875 0.60546875 0.01640625 0.04453125
0 0.49765625 0.5109375 0.02265625 0.04453125
0 0.48359375 0.3953125 0.0109375 0.028125
0 0.48359375 0.36484375 0.0109375 0.02578125
0 0.48515625 0.3390625 0.0125 0.03359375
0 0.54296875 0.7234375 0.0140625 0.05390625
0 0.4109375 0.52421875 0.021875 0.02578125
0 0.36875 0.509375 0.028125 0.02578125
0 0.33125 0.51796875 0.02734375 0.028125
0 0.3 0.509375 0.0296875 0.02578125
0 0.26484375 0.509375 0.02421875 0.02578125
0 0.50546875 0.31953125 0.0125 0.028125
0 0.50546875 0.23203125 0.00859375 0.02421875
0 0.4734375 0.23671875 0.009375 0.02578125
0 0.4875 0.23125 0.009375 0.02578125
0 0.48671875 0.2703125 0.00859375 0.02578125
0 0.46953125 0.30390625 0.00859375 0.02578125
0 0.4859375 0.30546875 0.009375 0.02578125
0 0.5328125 0.28515625 0.0140625 0.04453125