0 0.52265625 0.38984375 0.0140625 0.03125
0 0.54140625 0.5390625 0.01484375 0.040625
1 0.71875 0.671875 0.03125 0.03671875
0 0.84296875 0.703125 0.0328125 0.028125
0 0.43359375 0.6890625 0.0140625 0.04453125
0 0.45234375 0.82109375 0.0140625 0.05390625
0 0.4421875 0.590625 0.0140625 0.04453125
0 0.46015625 0.68828125 0.0140625 0.04296875
0 0.4609375 0.58671875 0.0140625 0.04453125
0 0.50078125 0.89296875 0.015625 0.06328125
0 0.5265625 0.8703125 0.0171875 0.059375
0 0.5046875 0.7953125 0.015625 0.05390625
0 0.54765625 0.82421875 0.0140625 0.0515625
0 0.52421875 0.728125 0.0140625 0.04453125
0 0.5078125 0.68125 0.0140625 0.04453125
0 0.48359375 0.53671875 0.0140625 0.040625
0 0.49296875 0.57421875 0.0171875 0.040625
0 0.4828125 0.63671875 0.01875 0.04453125
0 0.490625 0.6984375 0.0234375 0.04453125
0 0.5171875 0.6296875 0.025 0.04453125
0 0.484375 0.48515625 0.01171875 0.0296875
0 0.4859375 0.44375 0.01171875 0.03515625
0 0.48671875 0.40859375 0.0109375 0.03515625
0 0.4890625 0.37109375 0.0109375 0.03515625
0 0.48984375 0.34296875 0.00859375 0.02578125
0 0.4671875 0.415625 0.0109375 0.03125
0 0.5484375 0.65546875 0.0140625 0.04453125
1 0.49140625 0.30078125 0.0125 0.03515625
0 0.4046875 0.61875 0.02265625 0.02578125
0 0.3203125 0.60390625 0.025 0.02578125
0 0.284375 0.6 0.0296875 0.02578125
0 0.246875 0.59609375 0.02421875 0.02578125