0 0.46953125 0.29375 0.0421875 0.128125
0 0.42890625 0.88828125 0.0328125 0.14609375
0 0.5671875 0.128125 0.0328125 0.14453125
0 0.3328125 0.8609375 0.03828125 0.13671875
0 0.96953125 0.35546875 0.059375 0.06328125
0 0.3328125 0.46875 0.0328125 0.13671875
0 0.38125 0.62109375 0.03828125 0.14609375
0 0.47734375 0.134375 0.0328125 0.11640625
0 0.425 0.56015625 0.04296875 0.14609375
1 0.50859375 0.078125 0.06328125 0.15546875
0 0.10859375 0.49609375 0.0796875 0.07421875
0 0.13515625 0.58984375 0.06171875 0.05390625
0 0.03828125 0.596875 0.075 0.0609375
0 0.02890625 0.48359375 0.0578125 0.0703125
0 0.375 0.196875 0.0328125 0.17578125
1 0.6203125 0.6015625 0.0375 0.2
0 0.328125 0.13828125 0.03125 0.128125
0 0.57421875 0.61484375 0.03515625 0.13671875
0 0.68515625 0.9140625 0.03828125 0.15390625
0 0.02109375 0.74296875 0.0421875 0.08515625