0 0.6859375 0.50078125 0.02734375 0.028125
0 0.51640625 0.68125 0.0234375 0.04453125
0 0.74296875 0.49375 0.025 0.02421875
0 0.55546875 0.53515625 0.0234375 0.040625
0 0.53125 0.32578125 0.0234375 0.04453125
0 0.15234375 0.51875 0.0234375 0.02578125
0 0.07734375 0.521875 0.0234375 0.02578125
1 0.478125 0.7953125 0.0171875 0.090625
0 0.6484375 0.46875 0.02734375 0.02578125
0 0.53046875 0.2546875 0.0171875 0.04609375
0 0.5 0.85 0.0140625 0.06328125
0 0.7078125 0.4609375 0.0234375 0.02578125
0 0.6 0.48359375 0.0234375 0.02578125
0 0.56171875 0.5796875 0.028125 0.04453125
0 0.2671875 0.56640625 0.03046875 0.02578125
0 0.49765625 0.659375 0.01875 0.0484375
0 0.5046875 0.39140625 0.0234375 0.03515625
0 0.896875 0.45703125 0.028125 0.02578125
0 0.9109375 0.48671875 0.025 0.02578125
0 0.97734375 0.44375 0.02734375 0.03125
0 0.9828125 0.48125 0.025 0.02578125
0 0.52421875 0.75546875 0.015625 0.0484375
0 0.528125 0.8109375 0.0171875 0.06328125
0 0.52734375 0.86484375 0.0140625 0.0515625
0 0.53125 0.92578125 0.0140625 0.04453125
0 0.53125 0.9765625 0.0140625 0.04296875
0 0.5390625 0.75 0.0140625 0.0484375
0 0.553125 0.7109375 0.0140625 0.0515625
0 0.5546875 0.771875 0.0140625 0.04453125
0 0.5578125 0.8390625 0.0140625 0.05546875
0 0.56875 0.70546875 0.0140625 0.04453125
0 0.5671875 0.76328125 0.0140625 0.04453125
0 0.5703125 0.81640625 0.0140625 0.04453125
1 0.44609375 0.19140625 0.01484375 0.071875
0 0.44453125 0.13046875 0.0140625 0.05
0 0.4515625 0.26796875 0.0140625 0.04609375
0 0.4515625 0.33359375 0.0140625 0.04453125
0 0.47578125 0.0859375 0.0140625 0.05
0 0.4875 0.0796875 0.0140625 0.05546875
0 0.47265625 0.021875 0.0140625 0.04375
0 0.5015625 0.05 0.01484375 0.0484375
0 0.50390625 0.11015625 0.0140625 0.05390625
0 0.4609375 0.16484375 0.0140625 0.04453125
0 0.4640625 0.2203125 0.01484375 0.04453125
0 0.465625 0.2703125 0.0140625 0.04453125
0 0.46796875 0.33125 0.0140625 0.0515625
0 0.47734375 0.14140625 0.0140625 0.05390625
0 0.49140625 0.146875 0.0140625 0.05
0 0.4765625 0.20546875 0.0140625 0.04453125
0 0.4890625 0.2109375 0.0140625 0.0484375
0 0.50625 0.18671875 0.0125 0.04453125
0 0.50625 0.2390625 0.0140625 0.04453125
0 0.478125 0.2609375 0.0125 0.04453125
0 0.4953125 0.26796875 0.0140625 0.05
0 0.48125 0.31484375 0.0140625 0.04453125
0 0.49609375 0.31796875 0.0140625 0.04609375
0 0.5078125 0.30546875 0.0140625 0.059375
0 0.5484375 0.2 0.0140625 0.04453125
0 0.41796875 0.5296875 0.0234375 0.021875
0 0.46015625 0.09921875 0.0140625 0.05390625
0 0.83515625 0.45546875 0.0234375 0.02578125
0 0.48828125 0.028125 0.0140625 0.04453125
0 0.7546875 0.4609375 0.0265625 0.02578125
0 0.47578125 0.559375 0.021875 0.02578125
2 0.04375 0.58671875 0.0328125 0.02578125
0 0.221875 0.54609375 0.0234375 0.02578125
0 0.4890625 0.53359375 0.025 0.02578125
0 0.028125 0.55703125 0.02734375 0.02578125
0 0.0703125 0.55390625 0.0234375 0.02578125
0 0.1 0.58515625 0.0234375 0.02578125
0 0.134375 0.546875 0.0296875 0.028125
0 0.153125 0.5765625 0.0234375 0.028125
0 0.5015625 0.55703125 0.0203125 0.02578125
0 0.2078125 0.578125 0.0265625 0.02578125
0 0.30390625 0.53359375 0.0234375 0.02578125
0 0.59765625 0.52421875 0.025 0.03359375
0 0.38671875 0.4984375 0.0234375 0.02578125
0 0.36640625 0.5296875 0.0234375 0.02578125
0 0.31328125 0.56328125 0.0234375 0.02578125
0 0.8625 0.48671875 0.02421875 0.02578125
0 0.3484375 0.56328125 0.02734375 0.0296875
0 0.00859375 0.590625 0.0171875 0.03359375
0 0.3796875 0.559375 0.025 0.02578125
0 0.64375 0.5015625 0.0296875 0.0296875
0 0.41875 0.559375 0.025 0.02578125
0 0.4453125 0.56328125 0.0234375 0.02578125