0 0.56875 0.3 0.02265625 0.078125
0 0.5984375 0.05625 0.02421875 0.06875
0 0.57421875 0.125 0.021875 0.05703125
0 0.56015625 0.2046875 0.02265625 0.0609375
0 0.62421875 0.053125 0.021875 0.0609375
0 0.6078125 0.1234375 0.01953125 0.05390625
0 0.5921875 0.19375 0.025 0.06484375
0 0.43515625 0.41953125 0.0359375 0.03515625
0 0.371875 0.39609375 0.034375 0.040625
0 0.04609375 0.20859375 0.0359375 0.04296875
0 0.01875 0.3171875 0.0375 0.053125
0 0.0515625 0.2953125 0.0359375 0.05
0 0.05625 0.1734375 0.0390625 0.05
0 0.04765625 0.24921875 0.03828125 0.04609375
0 0.11171875 0.21328125 0.0359375 0.04453125
0 0.121875 0.35078125 0.03203125 0.0390625
2 0.103125 0.3796875 0.1 0.09296875
0 0.19375 0.44609375 0.03125 0.040625
0 0.1734375 0.29453125 0.03515625 0.03671875
0 0.6859375 0.58046875 0.0421875 0.05
0 0.14140625 0.3203125 0.03046875 0.040625
0 0.24375 0.496875 0.0328125 0.04609375
0 0.265625 0.33203125 0.0390625 0.04609375
0 0.74140625 0.61796875 0.0421875 0.05
0 0.234375 0.3484375 0.03515625 0.0484375
0 0.26171875 0.41015625 0.0375 0.05
0 0.69765625 0.62890625 0.03828125 0.04609375
0 0.7046875 0.55078125 0.03828125 0.05
0 0.7046875 0.50390625 0.04296875 0.0515625
0 0.80390625 0.665625 0.03828125 0.05
0 0.775 0.60078125 0.0390625 0.04609375
2 0.8 0.56796875 0.10078125 0.1015625
0 0.8875 0.63046875 0.0421875 0.05
0 0.88984375 0.67578125 0.0375 0.0515625
0 0.73984375 0.66484375 0.03828125 0.0484375
0 0.8203125 0.63515625 0.03515625 0.04453125
0 0.8890625 0.7265625 0.03828125 0.05390625
0 0.78515625 0.696875 0.0390625 0.04609375
0 0.83359375 0.73203125 0.0421875 0.05390625
0 0.9390625 0.76171875 0.03828125 0.05
0 0.35390625 0.43515625 0.034375 0.04453125
0 0.3953125 0.51015625 0.03828125 0.04296875
2 0.34453125 0.51484375 0.08671875 0.0890625
0 0.7234375 0.38984375 0.03125 0.0609375
0 0.44921875 0.596875 0.0375 0.05
0 0.37734375 0.6265625 0.03203125 0.05703125
0 0.428125 0.965625 0.025 0.0609375
0 0.80546875 0.51484375 0.03828125 0.05546875
0 0.1109375 0.0765625 0.0375 0.05
0 0.7953125 0.80859375 0.0390625 0.05
0 0.6609375 0.1484375 0.0265625 0.059375
0 0.9203125 0.85078125 0.03984375 0.04609375
0 0.903125 0.89609375 0.040625 0.0515625
0 0.8390625 0.796875 0.03203125 0.05390625
0 0.69609375 0.69296875 0.0390625 0.0515625
0 0.48828125 0.53359375 0.0375 0.059375
0 0.47734375 0.57109375 0.0390625 0.04609375
0 0.58984375 0.3546875 0.03125 0.04609375
0 0.615625 0.6734375 0.03828125 0.04609375
0 0.5421875 0.6609375 0.03515625 0.0515625
2 0.58046875 0.73984375 0.08671875 0.090625
2 0.69375 0.77890625 0.0640625 0.08359375
2 0.71796875 0.853125 0.071875 0.090625