0 0.534375 0.39375 0.0125 0.03125
1 0.915625 0.76640625 0.0328125 0.04453125
0 0.43125 0.87421875 0.015625 0.06328125
0 0.4546875 0.96796875 0.01953125 0.05390625
0 0.50078125 0.96796875 0.01875 0.05703125
0 0.528125 0.96640625 0.0171875 0.06328125
0 0.5046875 0.8703125 0.01640625 0.06328125
0 0.55390625 0.9015625 0.01484375 0.06328125
0 0.528125 0.8359375 0.0171875 0.0609375
0 0.5078125 0.79609375 0.0140625 0.0515625
0 0.54609375 0.75390625 0.0140625 0.04453125
0 0.52734375 0.74453125 0.0140625 0.04453125
0 0.50859375 0.71875 0.0140625 0.04453125
0 0.4953125 0.609375 0.01875 0.04453125
0 0.51484375 0.653125 0.0234375 0.0390625
0 0.4796875 0.67578125 0.021875 0.04453125
0 0.490625 0.75546875 0.0234375 0.04453125
0 0.55546875 0.69375 0.0328125 0.03125
0 0.484375 0.559375 0.0140625 0.040625
0 0.48671875 0.51484375 0.0125 0.03671875
0 0.4890625 0.465625 0.0109375 0.03515625
0 0.49140625 0.41953125 0.009375 0.03515625
0 0.471875 0.4046875 0.0125 0.028125
0 0.490625 0.37578125 0.00859375 0.02578125
0 0.475 0.340625 0.0109375 0.02578125
0 0.4546875 0.68359375 0.0140625 0.04453125
0 0.546875 0.534375 0.01171875 0.0390625
0 0.95390625 0.73203125 0.0390625 0.03515625
1 0.4953125 0.3296875 0.0140625 0.03359375
0 0.4890625 0.309375 0.0125 0.02578125
0 0.40078125 0.66953125 0.02421875 0.028125
0 0.31171875 0.65390625 0.025 0.02578125
0 0.278125 0.65 0.0296875 0.02578125
0 0.23984375 0.63984375 0.028125 0.028125
0 0.08125 0.6203125 0.0328125 0.02578125
0 0.0109375 0.60546875 0.021875 0.02578125