2 0.5078125 0.18125 0.19375 0.2296875
0 0.30546875 0.13984375 0.065625 0.1015625
0 0.21171875 0.22890625 0.07890625 0.1015625
0 0.3765625 0.29296875 0.0734375 0.1
0 0.46328125 0.878125 0.07734375 0.09609375
0 0.5375 0.334375 0.06953125 0.08671875
0 0.75 0.390625 0.07421875 0.09609375
0 0.5078125 0.46953125 0.0765625 0.0984375
0 0.63359375 0.48828125 0.0703125 0.09453125
1 0.0453125 0.21328125 0.090625 0.12578125
0 0.33515625 0.45390625 0.075 0.09296875
0 0.04765625 0.30703125 0.08125 0.10390625
0 0.18984375 0.4265625 0.08125 0.090625
0 0.246875 0.65625 0.075 0.090625
0 0.08984375 0.528125 0.0765625 0.09296875
0 0.17890625 0.3203125 0.07109375 0.08125
0 0.06953125 0.415625 0.07890625 0.090625
0 0.134375 0.9296875 0.0609375 0.13671875
0 0.04609375 0.7234375 0.07890625 0.1390625
0 0.675 0.815625 0.0796875 0.071875
0 0.8765625 0.8703125 0.09453125 0.1109375
0 0.2453125 0.565625 0.08125 0.0984375
0 0.8296875 0.74296875 0.07109375 0.1
0 0.95390625 0.53671875 0.0796875 0.11484375
0 0.96171875 0.76953125 0.071875 0.1015625
0 0.88828125 0.609375 0.0671875 0.0890625