0 0.50703125 0.90859375 0.01953125 0.06875
0 0.53046875 0.87578125 0.01875 0.06328125
0 0.50625 0.83984375 0.01484375 0.0609375
0 0.5546875 0.76875 0.0140625 0.0484375
0 0.53125 0.77890625 0.0140625 0.05390625
0 0.509375 0.740625 0.0171875 0.04453125
0 0.54765625 0.70390625 0.0140625 0.04453125
0 0.5296875 0.70390625 0.0140625 0.04453125
0 0.509375 0.6796875 0.0125 0.04453125
0 0.5328125 0.64453125 0.028125 0.04453125
0 0.6046875 0.70078125 0.0265625 0.03515625
0 0.434375 0.63515625 0.0296875 0.02578125
0 0.47578125 0.690625 0.0234375 0.04453125
0 0.7078125 0.7234375 0.0328125 0.03515625
0 0.5109375 0.603125 0.0234375 0.0390625
0 0.490625 0.56015625 0.015625 0.04296875
0 0.49140625 0.50703125 0.0140625 0.040625
0 0.49375 0.4546875 0.00859375 0.03515625
0 0.46953125 0.540625 0.01171875 0.040625
0 0.49375 0.40859375 0.0140625 0.03515625
0 0.4734375 0.46484375 0.0140625 0.03359375
0 0.44921875 0.5015625 0.0140625 0.03671875
0 0.54375 0.3296875 0.009375 0.02578125
0 0.7296875 0.67109375 0.0328125 0.03515625
1 0.49921875 0.34296875 0.0140625 0.03671875
0 0.48359375 0.35546875 0.01171875 0.0296875
0 0.403125 0.659375 0.025 0.02578125
0 0.315625 0.64140625 0.028125 0.028125
0 0.2828125 0.63828125 0.0328125 0.03125
0 0.2453125 0.63125 0.0265625 0.0296875
0 0.18671875 0.6203125 0.0328125 0.02578125
0 0.1375 0.61484375 0.028125 0.0296875
0 0.915625 0.71328125 0.0328125 0.02578125
0 0.025 0.59140625 0.028125 0.03125
0 0.5046875 0.97890625 0.0171875 0.03515625
0 0.5328125 0.97109375 0.01640625 0.04609375
0 0.478125 0.3203125 0.0109375 0.02578125
0 0.4671875 0.3015625 0.009375 0.0296875