0 0.92265625 0.56796875 0.03984375 0.03125
0 0.4046875 0.5046875 0.03515625 0.0390625
0 0.4703125 0.61171875 0.03203125 0.05703125
0 0.953125 0.5109375 0.03515625 0.03359375
0 0.9015625 0.5140625 0.0375 0.0390625
0 0.93828125 0.46640625 0.0375 0.040625
1 0.65546875 0.4734375 0.0859375 0.05
0 0.7203125 0.46953125 0.0359375 0.03515625
0 0.78359375 0.51640625 0.034375 0.03359375
0 0.1890625 0.5484375 0.0359375 0.03671875
0 0.5875 0.86328125 0.0171875 0.05546875
0 0.85859375 0.5140625 0.0375 0.03125
0 0.2203125 0.546875 0.03515625 0.03515625
0 0.66640625 0.74453125 0.0265625 0.06328125
1 0.6359375 0.55703125 0.03125 0.05546875
0 0.2625 0.49140625 0.03203125 0.03125
0 0.01875 0.5921875 0.0375 0.034375
0 0.015625 0.55625 0.0296875 0.03515625
0 0.06328125 0.553125 0.0359375 0.03515625
0 0.14296875 0.5453125 0.034375 0.03515625
0 0.1046875 0.58984375 0.03828125 0.0390625
0 0.1484375 0.5859375 0.03515625 0.03125
0 0.2 0.58671875 0.03515625 0.03359375
0 0.2375 0.58828125 0.0328125 0.03515625
0 0.28125 0.58515625 0.03125 0.03359375
0 0.31328125 0.57890625 0.03203125 0.03515625
0 0.47734375 0.559375 0.03046875 0.05546875
0 0.51484375 0.2546875 0.01875 0.071875
0 0.71640625 0.390625 0.03828125 0.040625
0 0.77265625 0.47578125 0.03515625 0.03359375
0 0.85 0.47109375 0.03515625 0.0390625
0 0.9015625 0.47421875 0.03984375 0.040625
0 0.9796875 0.465625 0.03203125 0.03515625
0 0.81953125 0.51328125 0.03203125 0.03359375
0 0.7234375 0.51484375 0.0359375 0.03671875
0 0.68046875 0.51796875 0.0359375 0.03515625
0 0.7140625 0.58359375 0.034375 0.03359375
0 0.8453125 0.5796875 0.0421875 0.03671875
0 0.78515625 0.61328125 0.0328125 0.03359375
0 0.7 0.69296875 0.03203125 0.05546875
0 0.63203125 0.8703125 0.01953125 0.0703125
0 0.55078125 0.84453125 0.0171875 0.059375
0 0.53203125 0.8546875 0.01875 0.071875
0 0.5921875 0.95078125 0.0171875 0.05703125
0 0.53359375 0.946875 0.0203125 0.0796875
0 0.571875 0.79609375 0.02265625 0.06640625
0 0.590625 0.7890625 0.01875 0.06640625
0 0.46015625 0.253125 0.02265625 0.071875
0 0.478125 0.15703125 0.01875 0.0703125
0 0.4796875 0.259375 0.0171875 0.06640625
0 0.3 0.54453125 0.03515625 0.03671875
0 0.1 0.55078125 0.03125 0.028125
0 0.98515625 0.50546875 0.02421875 0.03671875
0 0.26015625 0.54453125 0.034375 0.040625
0 0.521875 0.71875 0.0234375 0.0703125
0 0.059375 0.58828125 0.0359375 0.03515625
1 0.6 0.5359375 0.0234375 0.0609375
0 0.96328125 0.621875 0.034375 0.03671875