0 0.5046875 0.91328125 0.01953125 0.06328125
0 0.53046875 0.88671875 0.01875 0.06328125
0 0.50625 0.84296875 0.01484375 0.05546875
0 0.55390625 0.78515625 0.01484375 0.05546875
0 0.53125 0.7859375 0.0140625 0.05390625
0 0.509375 0.7546875 0.0140625 0.04609375
0 0.546875 0.70390625 0.0140625 0.04453125
0 0.528125 0.71328125 0.0140625 0.04453125
0 0.509375 0.68671875 0.0140625 0.04453125
0 0.52265625 0.63828125 0.02734375 0.04296875
0 0.58359375 0.68984375 0.0265625 0.03515625
0 0.44140625 0.6390625 0.0296875 0.02578125
0 0.4828125 0.7109375 0.0234375 0.04453125
0 0.67265625 0.71796875 0.03125 0.03515625
0 0.503125 0.59375 0.0234375 0.03515625
0 0.4890625 0.55390625 0.0125 0.04453125
0 0.4890625 0.5015625 0.0140625 0.04453125
0 0.49296875 0.446875 0.00859375 0.03515625
0 0.46953125 0.52109375 0.01171875 0.0390625
0 0.49375 0.4015625 0.01171875 0.02578125
0 0.47265625 0.44296875 0.0140625 0.03671875
0 0.45 0.47421875 0.0140625 0.03671875
0 0.54375 0.3609375 0.009375 0.02578125
0 0.7625 0.68515625 0.0328125 0.02578125
1 0.496875 0.340625 0.0140625 0.03671875
0 0.48359375 0.340625 0.0140625 0.02578125
0 0.4015625 0.659375 0.0265625 0.02578125
0 0.31640625 0.64296875 0.0328125 0.02578125
0 0.28125 0.63828125 0.0328125 0.03125
0 0.24296875 0.63125 0.0265625 0.0296875
0 0.17578125 0.6203125 0.0328125 0.02578125
0 0.121875 0.61484375 0.028125 0.0296875
0 0.953125 0.72578125 0.0328125 0.0296875
0 0.00859375 0.590625 0.0171875 0.02578125
0 0.50390625 0.9796875 0.0171875 0.03359375
0 0.47734375 0.31875 0.0109375 0.02578125