0 0.53203125 0.628125 0.0140625 0.040625
0 0.54609375 0.47109375 0.0125 0.03515625
1 0.54921875 0.415625 0.0109375 0.03125
0 0.52890625 0.51171875 0.0125 0.03515625
1 0.5265625 0.42421875 0.01484375 0.040625
0 0.5390625 0.35078125 0.01171875 0.02421875
0 0.55546875 0.34296875 0.01640625 0.02578125
1 0.475 0.3203125 0.0125 0.040625
0 0.45859375 0.3109375 0.00859375 0.02578125
0 0.47734375 0.26171875 0.00859375 0.02421875
0 0.46328125 0.28359375 0.0109375 0.02578125
0 0.4625 0.25 0.009375 0.02578125
0 0.4640625 0.2203125 0.009375 0.02578125
0 0.5140625 0.70390625 0.0125 0.04453125
0 0.51328125 0.60859375 0.0125 0.03515625
0 0.55390625 0.64375 0.0125 0.0390625
0 0.53671875 0.77578125 0.01640625 0.0484375
0 0.5109375 0.5046875 0.0109375 0.03125
0 0.49140625 0.25390625 0.00859375 0.02578125
0 0.490625 0.27421875 0.00859375 0.02578125
0 0.4953125 0.33515625 0.0125 0.02578125
0 0.51015625 0.4359375 0.0125 0.03125
0 0.4984375 0.3015625 0.0140625 0.02578125
0 0.49296875 0.228125 0.009375 0.02578125
0 0.55078125 0.5640625 0.01171875 0.0390625
0 0.43671875 0.321875 0.01640625 0.021875
0 0.52265625 0.35078125 0.01171875 0.028125
0 0.5140625 0.840625 0.0171875 0.059375
0 0.54375 0.96640625 0.01640625 0.059375
0 0.584375 0.87890625 0.01640625 0.05703125
0 0.51015625 0.265625 0.00859375 0.02421875
0 0.5203125 0.23203125 0.00859375 0.02421875
0 0.5265625 0.3046875 0.0109375 0.02421875
0 0.440625 0.70703125 0.015625 0.05546875
0 0.4640625 0.66875 0.015625 0.0515625
1 0.63125 0.72890625 0.059375 0.0609375
0 0.45078125 0.44921875 0.0125 0.0390625
0 0.4796875 0.446875 0.0125 0.0390625
0 0.5375 0.2796875 0.0140625 0.03671875