0 0.61015625 0.33984375 0.03125 0.07578125
1 0.6984375 0.04921875 0.0375 0.07578125
0 0.671875 0.11640625 0.0296875 0.06640625
0 0.6421875 0.16953125 0.028125 0.05703125
0 0.61484375 0.24140625 0.0265625 0.05703125
0 0.728125 0.05859375 0.02734375 0.05390625
0 0.7 0.128125 0.028125 0.059375
0 0.6734375 0.18671875 0.0265625 0.0515625
0 0.64765625 0.2484375 0.03203125 0.06328125
0 0.1984375 0.1484375 0.03203125 0.0484375
0 0.26640625 0.19453125 0.03203125 0.05546875
0 0.2375 0.2484375 0.034375 0.05546875
0 0.18125 0.22421875 0.03125 0.05546875
0 0.34609375 0.2609375 0.034375 0.0515625
0 0.31484375 0.31875 0.03203125 0.0515625
0 0.41875 0.41328125 0.0328125 0.05546875
2 0.3375 0.3953125 0.04765625 0.07578125
0 0.2828125 0.371875 0.0328125 0.0484375
0 0.49140625 0.525 0.03203125 0.05390625
2 0.3484375 0.47421875 0.03984375 0.059375
0 0.46328125 0.57421875 0.03046875 0.05546875
0 0.4421875 0.3984375 0.03515625 0.059375
0 0.6046875 0.73125 0.034375 0.059375
0 0.49765625 0.46875 0.034375 0.0484375
0 0.55546875 0.73046875 0.0296875 0.05
2 0.4484375 0.615625 0.0828125 0.128125
0 0.3734375 0.81484375 0.0171875 0.05546875
0 0.6984375 0.821875 0.034375 0.06328125
0 0.2953125 0.1109375 0.0359375 0.06328125
0 0.74453125 0.93828125 0.03203125 0.05
0 0.32421875 0.965625 0.03125 0.05703125
0 0.70234375 0.23046875 0.03125 0.05703125
0 0.3359375 0.1359375 0.0375 0.05703125
0 0.55390625 0.55390625 0.034375 0.0515625
0 0.409375 0.23359375 0.0328125 0.0515625
0 0.5265625 0.3484375 0.03984375 0.059375
0 0.42578125 0.30625 0.0328125 0.05703125
0 0.553125 0.43515625 0.0328125 0.05546875
2 0.62734375 0.4796875 0.08515625 0.1296875
0 0.7109375 0.6 0.0375 0.059375
0 0.675 0.60625 0.034375 0.05703125
0 0.7625 0.5484375 0.02734375 0.059375
0 0.78203125 0.70078125 0.03203125 0.05703125
0 0.63203125 0.65859375 0.03984375 0.05703125
0 0.6171875 0.52890625 0.03515625 0.05703125
0 0.528125 0.4515625 0.03515625 0.05546875
0 0.68125 0.7203125 0.03828125 0.059375
0 0.74765625 0.8140625 0.03828125 0.0609375
0 0.64375 0.61640625 0.0359375 0.05546875
0 0.81640625 0.909375 0.0390625 0.059375
0 0.38046875 0.91171875 0.03046875 0.06484375
0 0.84453125 0.03984375 0.028125 0.05703125
1 0.66328125 0.04609375 0.03515625 0.06328125
0 0.11875 0.125 0.0328125 0.05703125
0 0.13828125 0.1046875 0.03203125 0.05
0 0.1828125 0.07578125 0.03203125 0.0484375
0 0.059375 0.01875 0.03203125 0.03671875
0 0.8765625 0.896875 0.0390625 0.0609375
0 0.95 0.9390625 0.03984375 0.05546875