0 0.50703125 0.90078125 0.0203125 0.0609375
0 0.53203125 0.86796875 0.0171875 0.05703125
0 0.50859375 0.83046875 0.015625 0.05703125
0 0.55625 0.76796875 0.0140625 0.04609375
0 0.53203125 0.7734375 0.0140625 0.05390625
0 0.5109375 0.73125 0.01640625 0.04453125
0 0.5484375 0.6984375 0.0140625 0.04453125
0 0.53046875 0.7 0.0140625 0.04453125
0 0.509375 0.66640625 0.0125 0.040625
0 0.54765625 0.65 0.03125 0.03671875
0 0.63046875 0.71015625 0.0265625 0.03515625
0 0.4265625 0.634375 0.03125 0.028125
0 0.4703125 0.678125 0.0234375 0.04453125
0 0.7421875 0.73046875 0.0328125 0.03515625
0 0.51640625 0.60859375 0.0234375 0.0390625
0 0.49609375 0.5703125 0.0171875 0.04453125
0 0.49140625 0.51875 0.0140625 0.04453125
0 0.49375 0.46171875 0.00859375 0.03515625
0 0.4703125 0.56328125 0.01171875 0.040625
0 0.4953125 0.41953125 0.0140625 0.03515625
0 0.475 0.48671875 0.0140625 0.0296875
0 0.44921875 0.52421875 0.0140625 0.03671875
0 0.69921875 0.6546875 0.0328125 0.03515625
1 0.49921875 0.35390625 0.0140625 0.03671875
0 0.48125 0.371875 0.0140625 0.03359375
0 0.4046875 0.659375 0.0234375 0.02578125
0 0.3171875 0.64140625 0.028125 0.028125
0 0.284375 0.6359375 0.0328125 0.03125
0 0.24609375 0.6296875 0.025 0.0296875
0 0.1921875 0.6203125 0.0328125 0.02578125
0 0.14765625 0.615625 0.0296875 0.028125
0 0.8828125 0.70546875 0.0328125 0.02578125
0 0.0484375 0.59453125 0.02734375 0.0296875
0 0.50546875 0.97890625 0.01640625 0.03515625
0 0.5328125 0.965625 0.0171875 0.06484375
0 0.478125 0.33125 0.0109375 0.02578125
0 0.465625 0.32578125 0.0109375 0.02578125