0 0.503125 0.1890625 0.0140625 0.04453125
0 0.953125 0.5203125 0.0234375 0.02578125
0 0.7671875 0.51875 0.0234375 0.02578125
0 0.0125 0.51640625 0.021875 0.021875
0 0.02890625 0.51953125 0.02265625 0.02421875
0 0.0515625 0.51484375 0.01953125 0.021875
0 0.5171875 0.6359375 0.0234375 0.03515625
0 0.49921875 0.74296875 0.01484375 0.04453125
0 0.28046875 0.5484375 0.0203125 0.02578125
0 0.48828125 0.859375 0.0140625 0.04453125
0 0.8328125 0.4984375 0.01875 0.02578125
0 0.49921875 0.96875 0.0140625 0.04453125
0 0.3515625 0.52578125 0.01953125 0.02578125
0 0.55390625 0.71484375 0.0109375 0.0296875
0 0.553125 0.49296875 0.0234375 0.02578125
0 0.48359375 0.3359375 0.0140625 0.04296875
0 0.49765625 0.4953125 0.01875 0.0203125
0 0.5140625 0.31640625 0.0140625 0.04453125
0 0.55546875 0.05390625 0.0140625 0.04453125
0 0.55 0.14453125 0.0140625 0.02578125
0 0.50859375 0.88359375 0.0125 0.0484375
2 0.7296875 0.49296875 0.04296875 0.02578125
0 0.953125 0.49921875 0.0234375 0.02421875
0 0.3890625 0.525 0.01953125 0.02421875
0 0.975 0.5859375 0.0203125 0.02421875
0 0.66328125 0.51875 0.0234375 0.02578125
0 0.2328125 0.55390625 0.01875 0.02578125
0 0.71171875 0.51484375 0.0234375 0.02578125
0 0.57265625 0.7453125 0.0125 0.0390625
0 0.0390625 0.55546875 0.01953125 0.02578125
0 0.78125 0.49453125 0.0234375 0.02578125
0 0.52421875 0.96640625 0.0140625 0.04453125
0 0.67421875 0.59140625 0.01640625 0.02421875
0 0.52109375 0.74296875 0.01484375 0.04453125
0 0.52265625 0.78125 0.0140625 0.040625
0 0.52265625 0.83515625 0.0140625 0.040625
0 0.525 0.88125 0.01171875 0.04453125
0 0.54453125 0.67421875 0.0125 0.04453125
0 0.55546875 0.6765625 0.01171875 0.0390625
0 0.471875 0.38203125 0.0125 0.0390625
0 0.40703125 0.49140625 0.01875 0.03125
0 0.49375 0.08203125 0.0125 0.0390625
0 0.4796875 0.24296875 0.0140625 0.04453125
0 0.48359375 0.3796875 0.0140625 0.03671875
0 0.4890625 0.23671875 0.0140625 0.04453125
0 0.503125 0.28359375 0.0140625 0.04453125
0 0.49296875 0.33125 0.0140625 0.04453125
0 0.5015625 0.33515625 0.0140625 0.040625
0 0.49453125 0.37421875 0.0125 0.040625
0 0.50625 0.3765625 0.0140625 0.0390625
0 0.46171875 0.51328125 0.0234375 0.02578125
0 0.275 0.52890625 0.021875 0.02421875
0 0.4796875 0.08203125 0.0109375 0.04296875
0 0.53671875 0.58671875 0.02265625 0.03359375
0 0.0640625 0.5296875 0.0234375 0.01875
0 0.69140625 0.46484375 0.0234375 0.02578125
0 0.13984375 0.55703125 0.025 0.02578125
0 0.60078125 0.5 0.0234375 0.02578125
0 0.20390625 0.53359375 0.0234375 0.02578125
0 0.42578125 0.528125 0.0234375 0.021875
0 0.14296875 0.53125 0.01875 0.021875
0 0.5875 0.52421875 0.0234375 0.02578125
0 0.1640625 0.5265625 0.0234375 0.02421875
0 0.16328125 0.55 0.0171875 0.02578125
0 0.18671875 0.55390625 0.0234375 0.02578125
0 0.20703125 0.55546875 0.0234375 0.02578125
0 0.32421875 0.41875 0.0140625 0.04453125
0 0.8578125 0.51875 0.0234375 0.02578125
0 0.6828125 0.4890625 0.0234375 0.02578125
0 0.2546875 0.55 0.0234375 0.02578125
0 0.1109375 0.55390625 0.02265625 0.02578125
0 0.31171875 0.5515625 0.021875 0.02578125
0 0.4109375 0.55 0.01875 0.021875