0 0.503125 0.284375 0.01953125 0.0796875
0 0.47109375 0.04453125 0.01875 0.06640625
0 0.4671875 0.11953125 0.0171875 0.06875
0 0.475 0.20625 0.01875 0.06875
0 0.49375 0.028125 0.0171875 0.0515625
0 0.4953125 0.09609375 0.01953125 0.059375
0 0.4984375 0.17109375 0.0171875 0.06484375
0 0.13125 0.58125 0.0390625 0.03671875
0 0.0765625 0.590625 0.0359375 0.040625
0 0.0171875 0.72734375 0.034375 0.0328125
0 0.071875 0.76171875 0.0359375 0.03515625
0 0.01875 0.63984375 0.0375 0.0390625
0 0.70078125 0.43125 0.04375 0.040625
0 0.1203125 0.7546875 0.03984375 0.03515625
0 0.01875 0.59921875 0.0375 0.0359375
0 0.75625 0.421875 0.04296875 0.03671875
0 0.06640625 0.63359375 0.040625 0.03671875
0 0.01953125 0.68125 0.0390625 0.04453125
0 0.69453125 0.47109375 0.0359375 0.03515625
0 0.684375 0.39453125 0.03828125 0.03671875
0 0.68125 0.3546875 0.0453125 0.03515625
0 0.8453125 0.4109375 0.03984375 0.03671875
0 0.77109375 0.38125 0.03828125 0.03671875
0 0.775 0.33359375 0.1 0.06328125
0 0.7375 0.46484375 0.0421875 0.040625
0 0.90859375 0.359375 0.03828125 0.03359375
0 0.7828125 0.46015625 0.03828125 0.0390625
0 0.8328125 0.45390625 0.0390625 0.040625
0 0.11640625 0.628125 0.040625 0.03359375
0 0.075 0.67890625 0.0421875 0.03515625
2 0.10859375 0.7109375 0.1046875 0.05546875
0 0.98125 0.26015625 0.0328125 0.03125
0 0.2015625 0.696875 0.0390625 0.03515625
0 0.1859375 0.74609375 0.0390625 0.040625
0 0.41796875 0.196875 0.02734375 0.06875
0 0.2953125 0.640625 0.03515625 0.040625
0 0.59296875 0.56015625 0.03828125 0.03515625
0 0.66875 0.24140625 0.0390625 0.05390625
0 0.85390625 0.70625 0.02421875 0.071875
0 0.36796875 0.53671875 0.03828125 0.03671875
0 0.7328125 0.27578125 0.0328125 0.03359375
0 0.45625 0.478125 0.0359375 0.0515625
0 0.2828125 0.5546875 0.03828125 0.028125
0 0.415625 0.5765625 0.0359375 0.0390625
0 0.42109375 0.65625 0.0359375 0.03515625
0 0.4703125 0.61015625 0.03515625 0.0390625
0 0.3734375 0.61953125 0.03984375 0.03125
0 0.33125 0.584375 0.03125 0.03515625
0 0.234375 0.6 0.040625 0.040625
0 0.1671875 0.61875 0.03828125 0.03359375
0 0.1484375 0.66796875 0.0390625 0.03515625
0 0.2296875 0.56640625 0.0375 0.03671875
0 0.221875 0.646875 0.0390625 0.0390625
0 0.2390625 0.68359375 0.03515625 0.03671875
2 0.2734375 0.72890625 0.0859375 0.0609375
2 0.3390625 0.66640625 0.0703125 0.0515625
2 0.37578125 0.71015625 0.0671875 0.05703125