0 0.50234375 0.11015625 0.01484375 0.0390625
0 0.9875 0.5203125 0.0203125 0.02578125
0 0.8546875 0.52578125 0.0234375 0.02578125
0 0.0125 0.51640625 0.021875 0.021875
0 0.02890625 0.51953125 0.02265625 0.02421875
0 0.0890625 0.51171875 0.0203125 0.0203125
0 0.58515625 0.53125 0.0234375 0.02578125
0 0.54609375 0.5734375 0.02265625 0.03515625
0 0.28203125 0.55546875 0.0203125 0.02578125
0 0.50859375 0.61484375 0.0203125 0.03359375
0 0.90859375 0.5 0.01875 0.02578125
0 0.50078125 0.7703125 0.0140625 0.04453125
0 0.328125 0.52890625 0.01953125 0.02421875
0 0.55390625 0.715625 0.0109375 0.03125
0 0.66015625 0.49609375 0.0234375 0.02578125
0 0.48359375 0.3359375 0.0140625 0.04296875
0 0.60859375 0.49921875 0.01875 0.0203125
0 0.515625 0.32578125 0.0140625 0.04453125
0 0.55390625 0.10546875 0.0140625 0.04453125
0 0.5609375 0.27578125 0.0171875 0.040625
0 0.57109375 0.35390625 0.01875 0.03359375
0 0.5171875 0.64375 0.0234375 0.03515625
2 0.815625 0.49609375 0.0421875 0.02578125
0 0.35078125 0.53203125 0.01953125 0.02421875
0 0.834375 0.5984375 0.0234375 0.02578125
0 0.7640625 0.5203125 0.0234375 0.02578125
0 0.23046875 0.55703125 0.0171875 0.02578125
0 0.803125 0.5203125 0.0234375 0.02578125
0 0.5671875 0.97421875 0.01171875 0.03671875
0 0.04375 0.56328125 0.0203125 0.02578125
0 0.86328125 0.49921875 0.0234375 0.02421875
0 0.525 0.96875 0.0140625 0.04453125
0 0.59375 0.66875 0.0140625 0.03671875
0 0.52109375 0.74453125 0.01484375 0.04453125
0 0.52265625 0.7890625 0.0140625 0.04453125
0 0.52421875 0.834375 0.0140625 0.04296875
0 0.525 0.878125 0.01171875 0.04453125
0 0.5453125 0.678125 0.01171875 0.04453125
0 0.55625 0.68046875 0.01171875 0.0390625
0 0.471875 0.36640625 0.0140625 0.04453125
0 0.45 0.4390625 0.0140625 0.04453125
0 0.48046875 0.12890625 0.01171875 0.0390625
0 0.484375 0.38359375 0.0140625 0.040625
0 0.49296875 0.21015625 0.0140625 0.04296875
0 0.50390625 0.28515625 0.0140625 0.04453125
0 0.49296875 0.33203125 0.0140625 0.04296875
0 0.50390625 0.33515625 0.0140625 0.040625
0 0.4953125 0.375 0.01171875 0.04296875
0 0.50625 0.38046875 0.0140625 0.0390625
0 0.4109375 0.53359375 0.02421875 0.02578125
0 0.2734375 0.53046875 0.021875 0.02421875
0 0.621875 0.52109375 0.0234375 0.028125
0 0.0625 0.53359375 0.0234375 0.01875
0 0.83125 0.471875 0.0234375 0.02578125
0 0.13984375 0.5609375 0.02734375 0.02578125
0 0.6984375 0.4984375 0.0234375 0.02578125
0 0.20625 0.53515625 0.0234375 0.02578125
0 0.37578125 0.53359375 0.02265625 0.02578125
0 0.140625 0.53515625 0.01953125 0.021875
0 0.67109375 0.5203125 0.0234375 0.02578125
0 0.16484375 0.53046875 0.0234375 0.02421875
0 0.16796875 0.55 0.0171875 0.02578125
0 0.1875 0.55703125 0.021875 0.02578125
0 0.2078125 0.5609375 0.0234375 0.02578125
0 0.321875 0.4546875 0.0234375 0.028125
0 0.921875 0.521875 0.0234375 0.02578125
0 0.7765625 0.48515625 0.0234375 0.02578125
0 0.25625 0.5515625 0.02265625 0.02578125
0 0.1140625 0.559375 0.02265625 0.02578125
0 0.3078125 0.5515625 0.021875 0.02578125
0 0.36171875 0.5515625 0.01875 0.021875