0 0.528125 0.46953125 0.0125 0.03515625
0 0.54140625 0.33203125 0.0109375 0.028125
1 0.54296875 0.28984375 0.01171875 0.03125
0 0.5234375 0.41171875 0.01171875 0.03125
1 0.52578125 0.359375 0.0125 0.03671875
0 0.5375 0.25859375 0.0125 0.02421875
0 0.51015625 0.52890625 0.0125 0.0390625
0 0.509375 0.45078125 0.0140625 0.03515625
0 0.54453125 0.475 0.0109375 0.03125
0 0.5265625 0.525 0.0140625 0.03515625
0 0.50859375 0.35625 0.009375 0.028125
0 0.50703125 0.3015625 0.0109375 0.0296875
0 0.54296875 0.3953125 0.01171875 0.03125
0 0.5234375 0.303125 0.01171875 0.028125
0 0.51171875 0.72109375 0.015625 0.0390625
0 0.5125 0.934375 0.01875 0.06875
0 0.540625 0.90625 0.0171875 0.06484375
0 0.53359375 0.81953125 0.01640625 0.05703125
0 0.5375 0.75859375 0.01640625 0.05
0 0.534375 0.7046875 0.015625 0.04609375
0 0.5296875 0.62578125 0.01640625 0.04453125
0 0.509375 0.6046875 0.01640625 0.04609375
0 0.5296875 0.57109375 0.01484375 0.04296875
0 0.559375 0.48203125 0.0125 0.03515625
0 0.509375 0.2234375 0.00859375 0.02421875
0 0.521875 0.22421875 0.009375 0.021875
0 0.5359375 0.23046875 0.00859375 0.0203125
0 0.6734375 0.96875 0.0515625 0.05546875
0 0.66875 0.9046875 0.0390625 0.0390625
0 0.6609375 0.86875 0.0390625 0.03359375
1 0.6171875 0.71640625 0.03515625 0.13359375
0 0.6203125 0.55390625 0.03125 0.02578125
0 0.61875 0.5359375 0.028125 0.02421875
1 0.4015625 0.6453125 0.02421875 0.09453125
0 0.596875 0.3984375 0.04765625 0.040625