0 0.478125 0.32109375 0.03515625 0.13515625
0 0.43359375 0.078125 0.03515625 0.1484375
0 0.4265625 0.37109375 0.0375 0.14609375
0 0.340625 0.390625 0.0359375 0.14453125
0 0.3390625 0.1390625 0.03828125 0.13671875
0 0.97109375 0.42421875 0.05546875 0.059375
0 0.48828125 0.1546875 0.03125 0.12421875
0 0.30703125 0.634375 0.059375 0.13125
0 0.1140625 0.48671875 0.0796875 0.078125
0 0.13984375 0.58359375 0.06328125 0.05546875
0 0.0359375 0.5796875 0.07109375 0.06640625
0 0.0296875 0.46875 0.059375 0.06640625
0 0.3890625 0.17890625 0.034375 0.14296875
0 0.378125 0.47578125 0.04296875 0.16328125
0 0.18046875 0.40625 0.078125 0.12421875
0 0.6140625 0.30546875 0.0359375 0.1484375
0 0.56953125 0.2765625 0.03203125 0.14609375
0 0.53046875 0.5015625 0.0390625 0.1484375
0 0.6125 0.6390625 0.034375 0.1515625
0 0.659375 0.6734375 0.03984375 0.14609375
0 0.56796875 0.8359375 0.03828125 0.14296875
0 0.02265625 0.7359375 0.0453125 0.08671875