0 0.98359375 0.5640625 0.03046875 0.028125
0 0.3375 0.49609375 0.03046875 0.03359375
0 0.39921875 0.5359375 0.02421875 0.04296875
0 0.90703125 0.5140625 0.034375 0.03125
0 0.86328125 0.51640625 0.0328125 0.03359375
0 0.89765625 0.47421875 0.03515625 0.0296875
1 0.6078125 0.490625 0.0734375 0.06328125
0 0.678125 0.47578125 0.03125 0.03359375
0 0.7484375 0.51640625 0.03515625 0.03359375
0 0.21796875 0.54140625 0.03203125 0.03515625
0 0.5796875 0.8296875 0.0171875 0.05546875
0 0.8234375 0.515625 0.03515625 0.03125
0 0.24921875 0.54140625 0.0328125 0.03515625
0 0.609375 0.93515625 0.0171875 0.059375
0 0.675 0.6765625 0.02734375 0.05390625
1 0.67734375 0.58125 0.028125 0.03359375
0 0.1734375 0.49921875 0.03046875 0.03125
0 0.0671875 0.5859375 0.0390625 0.03515625
0 0.06171875 0.553125 0.034375 0.03515625
0 0.10703125 0.5484375 0.03046875 0.0296875
0 0.17890625 0.54296875 0.03203125 0.0296875
0 0.1453125 0.584375 0.03125 0.03515625
0 0.184375 0.57890625 0.03515625 0.03125
0 0.23203125 0.5796875 0.034375 0.03359375
0 0.26484375 0.57890625 0.0328125 0.03515625
0 0.3015625 0.57578125 0.03125 0.03359375
0 0.33125 0.5703125 0.0265625 0.0296875
0 0.41171875 0.50625 0.0265625 0.0390625
0 0.51640625 0.275 0.01875 0.06484375
0 0.6421875 0.34375 0.028125 0.05390625
0 0.72578125 0.48046875 0.0328125 0.03125
0 0.7859375 0.47578125 0.03125 0.03671875
0 0.8546875 0.478125 0.0359375 0.03359375
0 0.93671875 0.46953125 0.034375 0.03515625
0 0.96796875 0.4734375 0.028125 0.03515625
0 0.784375 0.5109375 0.0296875 0.0296875
0 0.68828125 0.51796875 0.0296875 0.03515625
0 0.646875 0.52109375 0.03203125 0.03515625
0 0.7828125 0.58046875 0.0296875 0.028125
0 0.98359375 0.56328125 0.03046875 0.03359375
0 0.94609375 0.5890625 0.03984375 0.0296875
0 0.8609375 0.6046875 0.0296875 0.03125
0 0.72734375 0.65390625 0.0328125 0.03671875
0 0.63671875 0.76640625 0.021875 0.0703125
0 0.5453125 0.809375 0.01640625 0.06328125
0 0.528125 0.8140625 0.0171875 0.0609375
0 0.5828125 0.8984375 0.01484375 0.05546875
0 0.5328125 0.88203125 0.021875 0.071875
0 0.56484375 0.76640625 0.01875 0.06328125
0 0.58359375 0.76640625 0.01875 0.06328125
0 0.465625 0.303125 0.01875 0.06484375
0 0.4828125 0.2140625 0.0171875 0.06484375
0 0.4828125 0.28359375 0.0171875 0.059375
0 0.31953125 0.53984375 0.03203125 0.03515625
0 0.1390625 0.54921875 0.03125 0.028125
0 0.94453125 0.5046875 0.03515625 0.03515625
0 0.021875 0.55390625 0.0375 0.02578125
0 0.2859375 0.53984375 0.03125 0.03515625
0 0.978125 0.51328125 0.0328125 0.03671875
0 0.0265625 0.5890625 0.0375 0.0296875
0 0.490625 0.60390625 0.025 0.059375
0 0.103125 0.58125 0.03203125 0.03359375
1 0.63203125 0.5765625 0.02421875 0.0390625