0 0.5234375 0.33203125 0.0140625 0.028125
0 0.53984375 0.48125 0.0140625 0.03671875
1 0.78828125 0.7109375 0.03125 0.040625
0 0.92109375 0.74296875 0.0328125 0.02578125
0 0.42578125 0.8203125 0.0140625 0.0515625
0 0.43828125 0.68515625 0.0140625 0.04453125
0 0.4640625 0.85 0.01484375 0.059375
0 0.46015625 0.70703125 0.01484375 0.0515625
0 0.503125 0.878125 0.0140625 0.059375
0 0.55625 0.97421875 0.01875 0.04453125
0 0.528125 0.840625 0.01640625 0.059375
0 0.50546875 0.78671875 0.01484375 0.0515625
0 0.54765625 0.790625 0.0140625 0.0484375
0 0.5265625 0.73515625 0.0140625 0.04453125
0 0.50859375 0.6984375 0.0140625 0.04453125
0 0.4859375 0.56328125 0.0140625 0.040625
0 0.4984375 0.60625 0.0203125 0.03515625
0 0.48203125 0.65546875 0.01875 0.04453125
0 0.4890625 0.7203125 0.0234375 0.04453125
0 0.528125 0.65546875 0.0296875 0.04453125
0 0.484375 0.51484375 0.0140625 0.03359375
0 0.4859375 0.46796875 0.01171875 0.03125
0 0.4890625 0.425 0.0109375 0.03515625
0 0.4890625 0.38828125 0.009375 0.03515625
0 0.475 0.33125 0.009375 0.02578125
0 0.48984375 0.35703125 0.00859375 0.02578125
0 0.4640625 0.50546875 0.0140625 0.03671875
0 0.5484375 0.60546875 0.0140625 0.04453125
1 0.49296875 0.3140625 0.0140625 0.03515625
0 0.40390625 0.640625 0.02265625 0.02578125
0 0.315625 0.628125 0.0234375 0.02578125
0 0.28046875 0.6203125 0.0296875 0.02578125
0 0.2421875 0.61484375 0.0296875 0.02578125