0 0.6390625 0.36796875 0.04375 0.10546875
0 0.43515625 0.153125 0.03984375 0.10546875
0 0.521875 0.3703125 0.03984375 0.13671875
0 0.490625 0.48828125 0.03828125 0.11328125
0 0.82265625 0.61015625 0.06328125 0.090625
0 0.4703125 0.66015625 0.04296875 0.11328125
0 0.2375 0.140625 0.0671875 0.10390625
0 0.2234375 0.2046875 0.06328125 0.090625
2 0.26640625 0.7546875 0.1109375 0.2984375
0 0.2359375 0.64921875 0.03046875 0.12421875
0 0.56640625 0.3109375 0.0328125 0.11875
0 0.1421875 0.115625 0.0671875 0.09453125
0 0.38125 0.66796875 0.05 0.1203125
0 0.9015625 0.16015625 0.0421875 0.10546875
0 0.42734375 0.83046875 0.04375 0.11640625