0 0.6984375 0.36484375 0.0203125 0.03671875
0 0.428125 0.828125 0.06171875 0.09609375
0 0.51875 0.49140625 0.03203125 0.05
0 0.5796875 0.425 0.0265625 0.04296875
0 0.51640625 0.6109375 0.0359375 0.05546875
0 0.5453125 0.53671875 0.02734375 0.0484375
0 0.678125 0.321875 0.01953125 0.03359375
0 0.4625 0.43828125 0.034375 0.0390625
0 0.39296875 0.41015625 0.03828125 0.0390625
0 0.2921875 0.3546875 0.03125 0.03125
0 0.7234375 0.35625 0.0203125 0.03125
0 0.31640625 0.375 0.0375 0.03125
0 0.74296875 0.86328125 0.04375 0.09609375
0 0.8375 0.59921875 0.0546875 0.05
0 0.79375 0.74921875 0.0609375 0.0609375
0 0.778125 0.41796875 0.0265625 0.03515625
0 0.84453125 0.44140625 0.01875 0.03125
0 0.8484375 0.4140625 0.015625 0.028125
0 0.0328125 0.7421875 0.065625 0.1
0 0.08671875 0.4859375 0.1734375 0.25390625