0 0.303125 0.5984375 0.04375 0.10390625
1 0.43984375 0.2734375 0.0671875 0.171875
0 0.534375 0.196875 0.04609375 0.10546875
0 0.521875 0.34921875 0.03828125 0.13125
0 0.4875 0.45859375 0.0375 0.109375
0 0.81328125 0.60859375 0.059375 0.09453125
0 0.465625 0.6234375 0.040625 0.11328125
0 0.246875 0.09375 0.06328125 0.0984375
0 0.23203125 0.1546875 0.06171875 0.090625
0 0.2359375 0.60078125 0.03046875 0.12421875
0 0.6171875 0.5234375 0.0453125 0.109375
0 0.15390625 0.065625 0.0671875 0.09453125
0 0.9015625 0.17578125 0.040625 0.10390625
0 0.4234375 0.77109375 0.04765625 0.11328125