0 0.628125 0.5203125 0.02734375 0.0484375
0 0.71484375 0.38203125 0.01953125 0.028125
0 0.56953125 0.446875 0.02265625 0.0390625
0 0.6328125 0.35546875 0.01953125 0.03359375
0 0.5078125 0.6890625 0.04296875 0.06640625
0 0.546875 0.609375 0.0328125 0.05546875
0 0.55390625 0.53203125 0.0265625 0.04609375
0 0.50859375 0.48984375 0.0375 0.04296875
0 0.46015625 0.43046875 0.034375 0.03515625
0 0.65078125 0.47421875 0.02421875 0.04453125
0 0.50234375 0.4546875 0.03828125 0.03515625
0 0.7859375 0.7953125 0.034375 0.07578125
0 0.83203125 0.56484375 0.053125 0.04453125
0 0.8140625 0.69609375 0.0546875 0.05546875
0 0.759375 0.41015625 0.0265625 0.03515625
0 0.81953125 0.42578125 0.0171875 0.0296875
0 0.8203125 0.403125 0.015625 0.028125
0 0.11484375 0.75546875 0.07734375 0.09609375
0 0.13359375 0.51953125 0.1484375 0.23125
0 0.82890625 0.65859375 0.0546875 0.05
0 0.6859375 0.3890625 0.01875 0.03671875
0 0.7828125 0.96171875 0.0453125 0.071875
0 0.97734375 0.628125 0.04296875 0.05546875