0 0.58203125 0.7796875 0.0390625 0.08515625
0 0.6203125 0.85703125 0.0421875 0.09296875
0 0.628125 0.35859375 0.01640625 0.028125
0 0.484375 0.96015625 0.05078125 0.07578125
0 0.5484375 0.74453125 0.0375 0.0703125
0 0.5984375 0.596875 0.0296875 0.05390625
0 0.59765625 0.54296875 0.02734375 0.0515625
0 0.58359375 0.47109375 0.028125 0.03515625
0 0.6078125 0.69921875 0.034375 0.06875
0 0.6 0.50078125 0.028125 0.0390625
0 0.8328125 0.72109375 0.0296875 0.0609375
0 0.834375 0.53046875 0.0484375 0.04296875
0 0.83984375 0.640625 0.046875 0.0515625
0 0.7484375 0.4015625 0.021875 0.0296875
0 0.803125 0.41171875 0.015625 0.028125
0 0.79921875 0.390625 0.0125 0.02578125
0 0.2375 0.74296875 0.0578125 0.08515625
0 0.18984375 0.50625 0.184375 0.209375
0 0.31328125 0.834375 0.06328125 0.1015625
0 0.48671875 0.68203125 0.034375 0.06875
0 0.45546875 0.6234375 0.0359375 0.06875
0 0.7109375 0.70390625 0.0375 0.059375
0 0.63515625 0.5796875 0.028125 0.05546875
0 0.6828125 0.51015625 0.0234375 0.04609375
0 0.5890625 0.390625 0.01953125 0.040625
0 0.7125 0.446875 0.0171875 0.03515625
0 0.66875 0.428125 0.01875 0.040625
0 0.70859375 0.35625 0.0125 0.028125
0 0.69765625 0.403125 0.0203125 0.03125
0 0.67734375 0.3984375 0.01484375 0.0296875
0 0.85859375 0.86953125 0.03984375 0.09453125
0 0.9703125 0.57421875 0.05078125 0.04453125
0 0.53046875 0.484375 0.02421875 0.04296875
0 0.6546875 0.4890625 0.0234375 0.040625