0 0.6234375 0.5265625 0.034375 0.05390625
0 0.3421875 0.63359375 0.0546875 0.0703125
0 0.50859375 0.4890625 0.03515625 0.0515625
0 0.50859375 0.578125 0.0375 0.059375
0 0.53515625 0.525 0.02734375 0.04609375
0 0.596875 0.409375 0.0296875 0.040625
0 0.3484375 0.3484375 0.034375 0.03359375
0 0.253125 0.30703125 0.03515625 0.0296875
0 0.6921875 0.9390625 0.059375 0.1109375
0 0.85078125 0.64296875 0.06171875 0.06640625
0 0.77265625 0.8109375 0.07421875 0.0703125
0 0.81171875 0.42890625 0.02421875 0.0390625
0 0.884375 0.4609375 0.02265625 0.03671875
0 0.8953125 0.43046875 0.0171875 0.03515625
0 0.0796875 0.39296875 0.159375 0.3015625