0 0.6234375 0.534375 0.02421875 0.04609375
0 0.6359375 0.45859375 0.0171875 0.03125
0 0.6375 0.4890625 0.0203125 0.04453125
0 0.81875 0.60390625 0.0234375 0.0484375
0 0.83203125 0.47578125 0.0390625 0.03671875
0 0.68046875 0.75625 0.03203125 0.071875
0 0.75859375 0.37890625 0.0234375 0.028125
0 0.809375 0.38671875 0.015625 0.021875
0 0.8078125 0.36796875 0.0125 0.02421875
0 0.346875 0.61484375 0.03984375 0.06328125
0 0.26875 0.484375 0.18046875 0.1609375
1 0.5375 0.49375 0.0359375 0.0796875
0 0.6765625 0.44609375 0.0203125 0.03671875
0 0.44609375 0.67578125 0.0421875 0.0703125
0 0.396875 0.67578125 0.0421875 0.07421875
0 0.53203125 0.5703125 0.03125 0.05546875
0 0.56796875 0.45703125 0.0203125 0.03671875
0 0.3453125 0.646875 0.040625 0.0609375
0 0.590625 0.4640625 0.021875 0.0390625
0 0.475 0.4734375 0.0265625 0.04296875
0 0.59453125 0.39921875 0.01953125 0.0390625
0 0.62421875 0.43515625 0.0203125 0.03671875
0 0.60625 0.43359375 0.021875 0.03671875
0 0.621875 0.40078125 0.01875 0.03515625
0 0.63515625 0.37578125 0.01875 0.03359375
0 0.653125 0.434375 0.0203125 0.03515625
0 0.69765625 0.384375 0.01875 0.04296875
0 0.7359375 0.37109375 0.01640625 0.02421875
0 0.6546875 0.64140625 0.02734375 0.0609375
0 0.715625 0.47578125 0.0171875 0.03671875
0 0.68671875 0.5 0.0203125 0.040625
0 0.6984375 0.44609375 0.01875 0.03359375
0 0.59609375 0.7046875 0.03203125 0.071875
0 0.65 0.54453125 0.02421875 0.040625
0 0.8328125 0.69140625 0.03125 0.0609375
0 0.9578125 0.509375 0.0453125 0.040625
0 0.5375 0.91171875 0.05390625 0.109375