0 0.6203125 0.49375 0.0171875 0.0390625
0 0.62734375 0.4265625 0.01640625 0.03125
0 0.628125 0.45546875 0.01640625 0.03359375
0 0.784375 0.51171875 0.01953125 0.03515625
0 0.78671875 0.425 0.034375 0.03125
0 0.7046875 0.35 0.0171875 0.02578125
0 0.759375 0.35859375 0.01171875 0.0203125
0 0.75625 0.340625 0.01171875 0.021875
0 0.41171875 0.54609375 0.028125 0.04453125
0 0.25546875 0.45625 0.2546875 0.11640625
1 0.58515625 0.36875 0.0171875 0.0484375
0 0.64921875 0.471875 0.01640625 0.03359375
0 0.54453125 0.46171875 0.0203125 0.03515625
0 0.59921875 0.4453125 0.01875 0.0390625
0 0.57109375 0.41484375 0.0171875 0.03359375
0 0.553125 0.4046875 0.01640625 0.03515625
0 0.59609375 0.39609375 0.01875 0.0296875
0 0.59453125 0.3515625 0.0140625 0.02578125
0 0.46015625 0.51015625 0.021875 0.0390625
0 0.6046875 0.37109375 0.01171875 0.0203125
0 0.4125 0.39921875 0.02734375 0.03515625
0 0.6265625 0.34609375 0.0140625 0.02578125
0 0.61171875 0.353125 0.01484375 0.02421875
0 0.615625 0.33359375 0.0125 0.021875
0 0.62421875 0.3796875 0.0140625 0.02578125
0 0.65546875 0.41796875 0.01875 0.04296875
0 0.6921875 0.38125 0.0140625 0.02578125
0 0.67890625 0.35625 0.01484375 0.02421875
0 0.73359375 0.38671875 0.02734375 0.021875
0 0.690625 0.46953125 0.01484375 0.03515625
0 0.66328125 0.54140625 0.01875 0.04296875
0 0.6703125 0.45703125 0.01640625 0.03359375
0 0.6390625 0.53359375 0.0171875 0.03671875
0 0.8015625 0.5703125 0.025 0.04453125
0 0.93125 0.4515625 0.0359375 0.03359375