0 0.528125 0.37421875 0.03984375 0.14453125
0 0.49140625 0.5140625 0.03984375 0.12421875
0 0.88359375 0.63359375 0.07109375 0.10390625
0 0.4671875 0.7484375 0.046875 0.1296875
0 0.19921875 0.128125 0.07421875 0.10703125
0 0.18203125 0.1984375 0.0734375 0.09609375
2 0.334375 0.4453125 0.11875 0.33125
0 0.384375 0.634375 0.05390625 0.13515625
0 0.20078125 0.71328125 0.0359375 0.140625
0 0.575 0.23125 0.03984375 0.13359375
0 0.090625 0.103125 0.07890625 0.1015625
0 0.49921875 0.2015625 0.0515625 0.1296875
0 0.96015625 0.11328125 0.04375 0.11484375
0 0.4109375 0.94375 0.05078125 0.10546875