0 0.5828125 0.471875 0.02265625 0.0484375
0 0.58984375 0.61484375 0.03125 0.0515625
0 0.61796875 0.53828125 0.025 0.04609375
0 0.62109375 0.4609375 0.021875 0.0296875
0 0.6265625 0.49140625 0.021875 0.04296875
0 0.8171875 0.64375 0.0265625 0.05
0 0.83125 0.49609375 0.0453125 0.040625
0 0.8046875 0.5890625 0.040625 0.04453125
0 0.75625 0.39140625 0.021875 0.03125
0 0.80859375 0.39921875 0.015625 0.028125
0 0.8078125 0.38125 0.0125 0.02578125
0 0.31328125 0.64921875 0.04765625 0.06875
0 0.23359375 0.51171875 0.17109375 0.209375
0 0.59453125 0.40078125 0.01953125 0.03125
0 0.63984375 0.35546875 0.0140625 0.0296875
0 0.15625 0.82890625 0.05859375 0.08359375
0 0.678125 0.5390625 0.02265625 0.04453125
0 0.38984375 0.84296875 0.0515625 0.0890625
0 0.4421875 0.59375 0.03046875 0.0609375
0 0.4578125 0.6296875 0.0375 0.06640625
0 0.4625 0.78203125 0.0484375 0.09453125
0 0.4734375 0.6734375 0.03984375 0.071875
0 0.5265625 0.64140625 0.03515625 0.06875
0 0.5421875 0.55703125 0.028125 0.0515625
0 0.70234375 0.48203125 0.0375 0.0390625
0 0.603125 0.421875 0.021875 0.03359375
0 0.596875 0.7015625 0.0375 0.0703125
0 0.709375 0.390625 0.015625 0.03359375
0 0.7296875 0.3765625 0.0140625 0.028125
0 0.696875 0.36640625 0.0140625 0.0296875
0 0.64375 0.5359375 0.02265625 0.05
0 0.65859375 0.61484375 0.03046875 0.0515625
0 0.6578125 0.50390625 0.0203125 0.03671875
0 0.83125 0.74921875 0.03515625 0.07578125
0 0.9578125 0.534375 0.04765625 0.04609375
0 0.62734375 0.59375 0.03046875 0.05390625