0 0.66015625 0.43828125 0.021875 0.0390625
0 0.553125 0.46171875 0.0265625 0.04296875
0 0.60390625 0.396875 0.02265625 0.03515625
0 0.5125 0.64609375 0.040625 0.06328125
0 0.54921875 0.565625 0.028125 0.05
0 0.5125 0.48125 0.03125 0.040625
0 0.4640625 0.45625 0.03515625 0.04296875
0 0.37578125 0.39921875 0.034375 0.03515625
0 0.6828125 0.409375 0.021875 0.03671875
0 0.4234375 0.4234375 0.03984375 0.03515625
0 0.7671875 0.81953125 0.0359375 0.08359375
0 0.834375 0.58046875 0.0546875 0.05
0 0.80625 0.715625 0.05625 0.05390625
0 0.76484375 0.4140625 0.0265625 0.03515625
0 0.82890625 0.43515625 0.01640625 0.03359375
0 0.83125 0.40625 0.015625 0.028125
0 0.07421875 0.7515625 0.084375 0.1
0 0.1015625 0.50703125 0.1578125 0.2296875
0 0.94375 0.703125 0.0671875 0.0609375
0 0.7171875 0.3390625 0.0171875 0.03359375
0 0.9796875 0.65 0.03828125 0.05546875