0 0.7171875 0.34453125 0.01953125 0.03359375
0 0.47578125 0.74296875 0.053125 0.08125
0 0.50078125 0.51015625 0.03515625 0.05
0 0.57109375 0.43125 0.02734375 0.040625
0 0.515625 0.60078125 0.0375 0.05703125
0 0.5453125 0.53046875 0.02734375 0.04609375
0 0.66875 0.33671875 0.01953125 0.03359375
0 0.44375 0.421875 0.03515625 0.03671875
0 0.365625 0.390625 0.040625 0.03359375
0 0.2671875 0.3359375 0.03046875 0.03125
0 0.740625 0.340625 0.0203125 0.0296875
0 0.2828125 0.35390625 0.0375 0.02578125
0 0.73671875 0.8734375 0.04609375 0.09453125
0 0.83984375 0.6046875 0.05625 0.05390625
0 0.790625 0.75703125 0.065625 0.06328125
0 0.7828125 0.41875 0.025 0.03671875
0 0.85078125 0.44453125 0.01953125 0.03359375
0 0.85703125 0.415625 0.01640625 0.03125
0 0.02578125 0.72890625 0.0515625 0.08671875
0 0.08515625 0.4640625 0.1703125 0.284375