0 0.6140625 0.53046875 0.025 0.04609375
0 0.62890625 0.4546875 0.0171875 0.03125
0 0.62734375 0.48671875 0.01875 0.040625
0 0.80546875 0.58828125 0.021875 0.04609375
0 0.815625 0.465625 0.03828125 0.03515625
0 0.6484375 0.94453125 0.040625 0.1
0 0.74453125 0.3765625 0.02265625 0.02421875
0 0.79375 0.384375 0.0125 0.02421875
0 0.790625 0.365625 0.0125 0.02421875
0 0.35078125 0.60625 0.0390625 0.06484375
0 0.2765625 0.47890625 0.1796875 0.128125
1 0.565625 0.43359375 0.0265625 0.06328125
0 0.6546875 0.4796875 0.01875 0.03671875
0 0.4359375 0.6640625 0.040625 0.06875
0 0.54140625 0.60078125 0.03046875 0.05703125
0 0.5203125 0.5359375 0.028125 0.04609375
0 0.49375 0.521875 0.02421875 0.04453125
0 0.56953125 0.48359375 0.0234375 0.040625
0 0.58671875 0.40703125 0.01875 0.0296875
0 0.38515625 0.60625 0.03046875 0.05
0 0.60078125 0.425 0.0171875 0.03125
0 0.45234375 0.45 0.028125 0.03671875
0 0.60234375 0.371875 0.01484375 0.0296875
0 0.6296875 0.396875 0.0171875 0.028125
0 0.6109375 0.4015625 0.01875 0.03359375
0 0.62265625 0.3734375 0.01484375 0.028125
0 0.63515625 0.35390625 0.01640625 0.0296875
0 0.63984375 0.42109375 0.0171875 0.03125
0 0.6765625 0.41171875 0.01875 0.04296875
0 0.72734375 0.3890625 0.0234375 0.02578125
0 0.5953125 0.89375 0.0390625 0.0984375
0 0.7015625 0.50078125 0.01875 0.0390625
0 0.6671875 0.540625 0.021875 0.04453125
0 0.67890625 0.4765625 0.0171875 0.03515625
0 0.5390625 0.9015625 0.04296875 0.1
0 0.634375 0.56484375 0.02421875 0.040625
0 0.82109375 0.6703125 0.0296875 0.059375
0 0.953125 0.49921875 0.0453125 0.0390625