0 0.690625 0.1734375 0.04375 0.10546875
0 0.4046875 0.2640625 0.03984375 0.10546875
0 0.521875 0.365625 0.03828125 0.13125
0 0.49296875 0.48046875 0.03828125 0.11328125
0 0.81796875 0.60546875 0.059375 0.0890625
0 0.4703125 0.65 0.0421875 0.11875
0 0.240625 0.1296875 0.0671875 0.10390625
0 0.22734375 0.19140625 0.06328125 0.090625
2 0.23671875 0.846875 0.11015625 0.2984375
0 0.23984375 0.634375 0.03046875 0.12421875
0 0.56953125 0.346875 0.0359375 0.11640625
0 0.14765625 0.1046875 0.0671875 0.09453125
0 0.33828125 0.83515625 0.04765625 0.12578125
0 0.9 0.16328125 0.0421875 0.10390625
0 0.42734375 0.80859375 0.04765625 0.11328125