0 0.60625 0.58125 0.03125 0.05546875
0 0.6921875 0.434375 0.0203125 0.03125
0 0.5828125 0.4296875 0.0203125 0.03671875
0 0.5015625 0.7265625 0.04296875 0.071875
0 0.53984375 0.6390625 0.03515625 0.059375
0 0.56875 0.565625 0.025 0.05
0 0.5328125 0.50859375 0.03828125 0.04296875
0 0.50859375 0.446875 0.034375 0.03515625
0 0.63125 0.525 0.0265625 0.05
0 0.53828125 0.47578125 0.0359375 0.03671875
0 0.79453125 0.78046875 0.03203125 0.07578125
0 0.83125 0.56015625 0.05 0.04609375
0 0.81640625 0.6859375 0.053125 0.05703125
0 0.753125 0.40859375 0.0265625 0.03515625
0 0.81328125 0.4234375 0.015625 0.03125
0 0.8140625 0.4 0.0140625 0.0296875
0 0.13984375 0.75625 0.07109375 0.0984375
0 0.1421875 0.5265625 0.15 0.23125
0 0.7828125 0.65859375 0.05078125 0.05
0 0.665625 0.43046875 0.0203125 0.0390625
0 0.71875 0.35625 0.0171875 0.03125
0 0.403125 0.63671875 0.0421875 0.078125
0 0.7984375 0.953125 0.04375 0.090625
0 0.97578125 0.61875 0.046875 0.05546875
0 0.6859375 0.3484375 0.0171875 0.0296875