0 0.55390625 0.525 0.0265625 0.05390625
0 0.5984375 0.5859375 0.02734375 0.04609375
0 0.61796875 0.53046875 0.0234375 0.04296875
0 0.61640625 0.45703125 0.02265625 0.0296875
0 0.6234375 0.4859375 0.021875 0.0390625
0 0.81328125 0.64140625 0.0265625 0.05
0 0.8265625 0.4953125 0.040625 0.03515625
0 0.8140625 0.5796875 0.040625 0.04453125
0 0.7515625 0.39375 0.021875 0.03125
0 0.80390625 0.40078125 0.015625 0.028125
0 0.80390625 0.38359375 0.0125 0.02578125
0 0.3171875 0.646875 0.046875 0.06484375
0 0.2171875 0.49375 0.18046875 0.24296875
0 0.5765625 0.4296875 0.021875 0.03359375
0 0.62890625 0.3796875 0.015625 0.0296875
0 0.61875 0.3640625 0.01640625 0.028125
0 0.1578125 0.825 0.05859375 0.08359375
0 0.6828125 0.50546875 0.02265625 0.040625
0 0.425 0.6296875 0.0359375 0.0703125
0 0.3890625 0.73671875 0.05 0.08515625
0 0.41015625 0.7859375 0.05078125 0.090625
0 0.4625 0.771875 0.046875 0.08515625
0 0.5 0.64140625 0.0375 0.06484375
0 0.74375 0.49921875 0.03828125 0.0390625
0 0.5828125 0.4609375 0.0234375 0.03671875
0 0.60703125 0.65859375 0.034375 0.06484375
0 0.646875 0.52109375 0.021875 0.05
0 0.6671875 0.56015625 0.02421875 0.04609375
0 0.6578125 0.49375 0.01875 0.03515625
0 0.825 0.74140625 0.03515625 0.07578125
0 0.94765625 0.53203125 0.04765625 0.04609375
0 0.63203125 0.5734375 0.028125 0.05