0 0.6578125 0.4890625 0.03125 0.0484375
0 0.2671875 0.68984375 0.065625 0.07578125
0 0.4796875 0.5109375 0.03984375 0.059375
0 0.50703125 0.575 0.040625 0.05703125
0 0.534375 0.5234375 0.02734375 0.04609375
0 0.56171875 0.43203125 0.0328125 0.04296875
0 0.7375 0.3203125 0.01953125 0.03359375
0 0.3234375 0.3265625 0.03203125 0.03125
0 0.2296875 0.28671875 0.03515625 0.0296875
0 0.68046875 0.946875 0.06171875 0.09453125
0 0.853125 0.65078125 0.06328125 0.06875
0 0.76796875 0.8265625 0.075 0.071875
0 0.81953125 0.43203125 0.02421875 0.0390625
0 0.89375 0.46640625 0.0234375 0.03671875
0 0.90546875 0.43515625 0.01875 0.03359375
0 0.0796875 0.3765625 0.159375 0.3015625