0 0.590625 0.56796875 0.0453125 0.11328125
0 0.4640625 0.046875 0.040625 0.09375
0 0.52578125 0.375 0.03984375 0.1390625
0 0.49140625 0.4984375 0.0390625 0.11875
0 0.83515625 0.61953125 0.06328125 0.09453125
0 0.4703125 0.68125 0.04375 0.11875
0 0.23203125 0.13828125 0.06953125 0.10546875
0 0.2171875 0.20390625 0.0640625 0.0890625
2 0.290625 0.65625 0.1109375 0.2984375
0 0.3140625 0.8859375 0.0515625 0.128125
0 0.2296875 0.665625 0.03046875 0.12421875
0 0.56484375 0.28984375 0.0359375 0.1203125
0 0.134375 0.11796875 0.0671875 0.09453125
0 0.4234375 0.5140625 0.05 0.1203125
0 0.91484375 0.16015625 0.04375 0.109375
0 0.42265625 0.86015625 0.04765625 0.1203125