0 0.57890625 0.65 0.03515625 0.06328125
0 0.66484375 0.50390625 0.0234375 0.03671875
0 0.5890625 0.41484375 0.01875 0.03359375
0 0.49296875 0.76953125 0.04296875 0.0796875
0 0.534375 0.6640625 0.0359375 0.0609375
0 0.56953125 0.58125 0.028125 0.0515625
0 0.55 0.52421875 0.03515625 0.04453125
0 0.53828125 0.459375 0.0328125 0.03671875
0 0.609375 0.578125 0.0296875 0.0515625
0 0.5609375 0.49375 0.03203125 0.0390625
0 0.79765625 0.76328125 0.03046875 0.07421875
0 0.82578125 0.553125 0.05 0.04609375
0 0.8171875 0.66953125 0.0515625 0.05390625
0 0.74375 0.40859375 0.0265625 0.03515625
0 0.803125 0.42109375 0.015625 0.03125
0 0.803125 0.39921875 0.0140625 0.028125
0 0.15390625 0.76015625 0.07109375 0.0984375
0 0.1484375 0.53515625 0.13671875 0.23359375
0 0.7484375 0.665625 0.04609375 0.05390625
0 0.64453125 0.47421875 0.0234375 0.04453125
0 0.7 0.39140625 0.0171875 0.03125
0 0.48046875 0.52578125 0.03125 0.06328125
0 0.6859375 0.35546875 0.015625 0.03359375
0 0.809375 0.940625 0.04375 0.10703125
0 0.96875 0.60546875 0.05625 0.05546875
0 0.27578125 0.80625 0.065625 0.09453125
0 0.6625 0.38515625 0.0171875 0.0296875