0 0.3734375 0.37109375 0.03984375 0.10546875
1 0.48984375 0.12109375 0.0671875 0.171875
0 0.590625 0.04609375 0.04375 0.0921875
0 0.52265625 0.35859375 0.03828125 0.13125
0 0.490625 0.47109375 0.03828125 0.11328125
0 0.81796875 0.60546875 0.059375 0.0890625
0 0.46875 0.64296875 0.040625 0.1109375
0 0.24453125 0.115625 0.0671875 0.0984375
0 0.2296875 0.17890625 0.06171875 0.090625
2 0.20625 0.8890625 0.1078125 0.21484375
0 0.23984375 0.61953125 0.03046875 0.12421875
0 0.58125 0.39921875 0.0390625 0.11328125
0 0.15 0.08828125 0.0671875 0.09453125
0 0.90078125 0.1734375 0.0421875 0.10546875
0 0.42734375 0.7953125 0.04765625 0.11328125