0 0.625 0.4890625 0.0171875 0.03671875
0 0.628125 0.42578125 0.015625 0.0296875
0 0.63046875 0.45546875 0.01640625 0.03359375
0 0.77265625 0.5015625 0.01953125 0.03359375
0 0.77109375 0.41640625 0.03046875 0.02578125
0 0.7046875 0.35 0.0171875 0.02578125
0 0.74375 0.3546875 0.01171875 0.0203125
0 0.74296875 0.34296875 0.0109375 0.021875
0 0.440625 0.5390625 0.0265625 0.04453125
0 0.315625 0.48359375 0.18046875 0.13671875
0 0.5875 0.35859375 0.0140625 0.04296875
0 0.65 0.47421875 0.01640625 0.03359375
0 0.56328125 0.42109375 0.0171875 0.028125
0 0.61015625 0.41328125 0.01640625 0.0296875
0 0.58125 0.39296875 0.015625 0.02578125
0 0.565625 0.3765625 0.0140625 0.03125
0 0.59921875 0.3796875 0.01640625 0.0296875
0 0.59453125 0.340625 0.01171875 0.021875
0 0.4890625 0.48828125 0.0203125 0.03515625
0 0.60625 0.35703125 0.0140625 0.02578125
0 0.62578125 0.33046875 0.0140625 0.02421875
0 0.61015625 0.34296875 0.01484375 0.021875
0 0.6203125 0.37109375 0.0140625 0.028125
0 0.6515625 0.4265625 0.01875 0.04296875
0 0.68671875 0.4 0.0140625 0.02578125
0 0.67109375 0.375 0.01484375 0.02421875
0 0.74609375 0.39453125 0.02734375 0.021875
0 0.68828125 0.46171875 0.015625 0.03125
0 0.6671875 0.584375 0.01953125 0.04609375
0 0.6703125 0.45625 0.015625 0.03125
0 0.6421875 0.53359375 0.0171875 0.03671875
0 0.790625 0.5515625 0.0234375 0.040625
0 0.925 0.44375 0.0359375 0.03125