0 0.51796875 0.959375 0.05546875 0.078125
0 0.46171875 0.71171875 0.04375 0.0796875
0 0.60859375 0.56484375 0.0265625 0.04453125
0 0.61796875 0.52578125 0.02265625 0.04453125
0 0.61171875 0.4609375 0.02265625 0.0296875
0 0.5796875 0.76328125 0.0390625 0.07421875
0 0.6203125 0.48515625 0.02265625 0.03671875
0 0.8109375 0.64375 0.0265625 0.05
0 0.82265625 0.5 0.04375 0.03671875
0 0.82265625 0.58203125 0.0421875 0.04296875
0 0.75 0.39921875 0.021875 0.03125
0 0.80078125 0.41015625 0.015625 0.028125
0 0.7984375 0.39296875 0.0125 0.02578125
0 0.31875 0.6515625 0.04296875 0.06640625
0 0.2203125 0.4796875 0.18671875 0.19609375
0 0.52421875 0.51171875 0.02734375 0.04296875
0 0.5953125 0.43984375 0.01875 0.03125
0 0.58203125 0.425 0.021875 0.03515625
0 0.65 0.8890625 0.0421875 0.0890625
0 0.16328125 0.8265625 0.05859375 0.08359375
0 0.69453125 0.44609375 0.01953125 0.03671875
0 0.371875 0.73984375 0.05 0.090625
0 0.85859375 0.53984375 0.0453125 0.0390625
0 0.52890625 0.5796875 0.03046875 0.0515625
0 0.62421875 0.60703125 0.028125 0.05546875
0 0.63203125 0.74609375 0.03515625 0.0703125
0 0.690625 0.62578125 0.025 0.0515625
0 0.653125 0.50078125 0.01953125 0.04609375
0 0.68125 0.49609375 0.021875 0.03671875
0 0.665625 0.46484375 0.0171875 0.03359375
0 0.82734375 0.74453125 0.034375 0.0703125
0 0.94375 0.540625 0.046875 0.04453125
0 0.64140625 0.546875 0.02421875 0.04609375