0 0.71875 0.425 0.02734375 0.04296875
0 0.39453125 0.56484375 0.0484375 0.06640625
0 0.50078125 0.5703125 0.04296875 0.06328125
0 0.5296875 0.50859375 0.02734375 0.04609375
0 0.4609375 0.49140625 0.0453125 0.05390625
0 0.70546875 0.35546875 0.0265625 0.040625
0 0.27734375 0.28203125 0.0296875 0.03125
0 0.65234375 0.95703125 0.0640625 0.08125
0 0.853125 0.6640625 0.065625 0.071875
0 0.7515625 0.84453125 0.07890625 0.078125
0 0.83125 0.43828125 0.025 0.0390625
0 0.90703125 0.47421875 0.0234375 0.03671875
0 0.92265625 0.44296875 0.0203125 0.03359375
0 0.07890625 0.35625 0.1578125 0.3015625