0 0.603125 0.42890625 0.021875 0.04296875
0 0.5765625 0.6609375 0.034375 0.05546875
0 0.61875 0.54609375 0.0265625 0.0484375
0 0.62578125 0.46171875 0.01953125 0.03125
0 0.6296875 0.4953125 0.0203125 0.04296875
0 0.821875 0.64453125 0.02734375 0.0515625
0 0.8359375 0.49609375 0.0453125 0.040625
0 0.7796875 0.6015625 0.03984375 0.0515625
0 0.759375 0.3859375 0.021875 0.03125
0 0.81328125 0.39453125 0.01484375 0.02578125
0 0.81171875 0.375 0.0125 0.02421875
0 0.3109375 0.65078125 0.04609375 0.06875
0 0.22578125 0.4953125 0.2125 0.21328125
0 0.6125 0.37421875 0.01875 0.0296875
1 0.26015625 0.921875 0.10234375 0.1515625
0 0.3171875 0.81015625 0.0609375 0.090625
0 0.175 0.81015625 0.05859375 0.08359375
0 0.67109375 0.59375 0.028125 0.05703125
0 0.46171875 0.71328125 0.03984375 0.0703125
0 0.4578125 0.56171875 0.028125 0.0609375
0 0.50625 0.5515625 0.03046875 0.0515625
0 0.525 0.65078125 0.0375 0.06875
0 0.51953125 0.59140625 0.0328125 0.0609375
0 0.56875 0.5546875 0.028125 0.05390625
0 0.5765625 0.49453125 0.0234375 0.04453125
0 0.678125 0.47109375 0.03515625 0.0390625
0 0.62421875 0.390625 0.01953125 0.0296875
0 0.58046875 0.77109375 0.0421875 0.0796875
0 0.05 0.746875 0.1 0.109375
0 0.70390625 0.43046875 0.01640625 0.0390625
0 0.72890625 0.39609375 0.01484375 0.03359375
0 0.69609375 0.38984375 0.01484375 0.03125
0 0.71953125 0.37109375 0.01484375 0.02421875
0 0.69375 0.3640625 0.01484375 0.028125
0 0.6421875 0.55390625 0.0234375 0.0515625
0 0.6421875 0.70703125 0.034375 0.06640625
0 0.6578125 0.5109375 0.021875 0.03671875
0 0.8390625 0.753125 0.03515625 0.07578125
0 0.9671875 0.53203125 0.04765625 0.04609375
0 0.6234375 0.6203125 0.03203125 0.059375