0 0.59296875 0.615625 0.03203125 0.0609375
0 0.67890625 0.46640625 0.0203125 0.03671875
0 0.5859375 0.421875 0.01953125 0.03671875
0 0.496875 0.746875 0.04296875 0.07578125
0 0.5375 0.653125 0.0359375 0.0609375
0 0.56953125 0.57578125 0.028125 0.0515625
0 0.5421875 0.51640625 0.0359375 0.04453125
0 0.52421875 0.45390625 0.0328125 0.03671875
0 0.6203125 0.55078125 0.02734375 0.05
0 0.5515625 0.4859375 0.034375 0.0390625
0 0.79609375 0.77421875 0.03046875 0.07421875
0 0.82890625 0.55625 0.05 0.04609375
0 0.815625 0.68125 0.05390625 0.0515625
0 0.7515625 0.40859375 0.0265625 0.03515625
0 0.809375 0.4234375 0.015625 0.03125
0 0.809375 0.39921875 0.0125 0.028125
0 0.14609375 0.75859375 0.07109375 0.0984375
0 0.146875 0.53203125 0.14375 0.23125
0 0.76484375 0.66171875 0.04609375 0.05390625
0 0.65546875 0.453125 0.02265625 0.04296875
0 0.7109375 0.37109375 0.0171875 0.03125
0 0.4484375 0.5765625 0.03515625 0.06484375
0 0.696875 0.34140625 0.01484375 0.03125
0 0.80390625 0.9484375 0.04375 0.1
0 0.971875 0.61484375 0.0515625 0.05546875
0 0.675 0.36640625 0.0171875 0.0296875