0 0.6296875 0.8765625 0.025 0.07578125
0 0.6421875 0.496875 0.0171875 0.0390625
2 0.61796875 0.46328125 0.021875 0.078125
0 0.89765625 0.89609375 0.06328125 0.059375
0 0.96171875 0.88671875 0.05390625 0.059375
2 0.04765625 0.953125 0.09453125 0.08671875
0 0.75703125 0.9265625 0.0328125 0.06875
0 0.70390625 0.71015625 0.02421875 0.05703125
0 0.721875 0.66015625 0.0234375 0.05
0 0.68125 0.47578125 0.01484375 0.03359375
0 0.7078125 0.46328125 0.0296875 0.0296875
0 0.7453125 0.45859375 0.03125 0.028125
2 0.65546875 0.325 0.0203125 0.04296875
2 0.4109375 0.73828125 0.0515625 0.18359375
0 0.525 0.409375 0.01484375 0.03671875
0 0.5328125 0.3296875 0.0125 0.03359375
0 0.675 0.5609375 0.01875 0.040625
0 0.61640625 0.5515625 0.01875 0.040625
0 0.596875 0.49609375 0.01484375 0.03671875
1 0.59453125 0.36015625 0.0140625 0.03125