0 0.3609375 0.184375 0.0390625 0.04609375
0 0.1390625 0.2546875 0.0703125 0.05
0 0.40703125 0.21953125 0.03203125 0.0609375
0 0.31015625 0.41640625 0.05390625 0.08125
0 0.321875 0.51953125 0.053125 0.10546875
0 0.43046875 0.27421875 0.034375 0.06328125
0 0.3640625 0.60703125 0.059375 0.13671875
0 0.47890625 0.22421875 0.0265625 0.05546875
0 0.46171875 0.38828125 0.03203125 0.07578125
0 0.41875 0.77421875 0.06640625 0.19296875
0 0.590625 0.04296875 0.0140625 0.0296875
0 0.61796875 0.0515625 0.015625 0.0296875
0 0.590625 0.10625 0.01875 0.03515625
0 0.57421875 0.1484375 0.0234375 0.04453125
0 0.6109375 0.6265625 0.046875 0.13515625
0 0.5875 0.36171875 0.0359375 0.0796875
0 0.58515625 0.22578125 0.0265625 0.0515625
0 0.4671875 0.11484375 0.0234375 0.04453125
0 0.4953125 0.11875 0.0203125 0.040625
0 0.44921875 0.20390625 0.02734375 0.0515625
0 0.440625 0.11171875 0.02265625 0.0390625
0 0.46015625 0.03828125 0.0203125 0.028125
0 0.4875 0.0515625 0.0171875 0.03359375
0 0.509375 0.040625 0.01640625 0.03359375
0 0.5265625 0.2203125 0.02734375 0.0515625
0 0.5203125 0.18203125 0.021875 0.04609375
0 0.403125 0.121875 0.02734375 0.04453125
0 0.94765625 0.340625 0.07890625 0.059375