0 0.56171875 0.58359375 0.0203125 0.06328125
0 0.70390625 0.64140625 0.03203125 0.07578125
1 0.48046875 0.690625 0.0328125 0.24453125
0 0.42890625 0.35859375 0.01953125 0.0609375
0 0.4390625 0.16015625 0.01484375 0.04609375
1 0.46171875 0.175 0.01640625 0.06875
0 0.4640625 0.0640625 0.01484375 0.03125
0 0.62421875 0.7859375 0.0296875 0.08671875
0 0.6015625 0.3609375 0.021875 0.0515625
0 0.56484375 0.10703125 0.01640625 0.03359375
0 0.5734375 0.3265625 0.01953125 0.04609375
0 0.6390625 0.5484375 0.02734375 0.06328125
0 0.5453125 0.31796875 0.01953125 0.05390625