1 0.471875 0.45 0.0328125 0.06328125
0 0.35859375 0.36328125 0.046875 0.0484375
0 0.29375 0.33515625 0.04296875 0.04453125
0 0.15625 0.321875 0.04296875 0.0484375
0 0.05625 0.35703125 0.0625 0.04453125
0 0.14375 0.35859375 0.05625 0.04296875
0 0.06640625 0.38515625 0.0625 0.04453125
0 0.046875 0.4015625 0.0625 0.04453125
0 0.13671875 0.384375 0.04296875 0.03515625
0 0.1296875 0.40703125 0.0625 0.03671875
0 0.77265625 0.325 0.053125 0.03515625
0 0.7703125 0.34375 0.0484375 0.03515625
0 0.790625 0.35546875 0.0453125 0.03671875
0 0.84453125 0.3109375 0.053125 0.04453125
0 0.9203125 0.30546875 0.04609375 0.03671875
0 0.8453125 0.3296875 0.04765625 0.04453125
0 0.9515625 0.36953125 0.0578125 0.04296875
0 0.790625 0.38359375 0.0625 0.04453125
0 0.684375 0.38125 0.053125 0.04453125
0 0.57109375 0.3359375 0.04296875 0.05
0 0.4140625 0.26953125 0.0171875 0.03515625
0 0.69609375 0.4984375 0.04296875 0.06328125
0 0.440625 0.2515625 0.01875 0.04453125
0 0.840625 0.8109375 0.0921875 0.140625