0 0.5453125 0.91953125 0.0640625 0.15
0 0.51640625 0.6453125 0.053125 0.14609375
0 0.51484375 0.49453125 0.04296875 0.11484375
0 0.50703125 0.37890625 0.03828125 0.090625
0 0.5015625 0.28359375 0.03828125 0.07421875
0 0.0890625 0.11875 0.06171875 0.0484375
0 0.0921875 0.15078125 0.06171875 0.04296875
0 0.075 0.1703125 0.0671875 0.03671875
0 0.7515625 0.0640625 0.05 0.03515625
0 0.7546875 0.08125 0.053125 0.03359375
0 0.8265625 0.06640625 0.053125 0.04453125
0 0.35859375 0.24609375 0.0328125 0.08515625
0 0.2703125 0.04375 0.040625 0.03515625
0 0.56015625 0.1203125 0.02421875 0.0515625