0 0.51015625 0.53125 0.0203125 0.06328125
0 0.62421875 0.74140625 0.02734375 0.08359375
0 0.3703125 0.9390625 0.0328125 0.11875
0 0.36328125 0.50078125 0.025 0.0796875
0 0.41484375 0.184375 0.0171875 0.04296875
0 0.446875 0.14609375 0.0171875 0.040625
0 0.4328125 0.01953125 0.015625 0.03125
0 0.68046875 0.61484375 0.0265625 0.07421875
0 0.56328125 0.0796875 0.0171875 0.03671875
0 0.5796875 0.11171875 0.01484375 0.03515625
0 0.5984375 0.0515625 0.03046875 0.03359375
0 0.565625 0.8140625 0.0296875 0.09453125
0 0.559375 0.35 0.021875 0.0515625
0 0.51875 0.03671875 0.01640625 0.03359375
0 0.53046875 0.29296875 0.0203125 0.04453125
0 0.60078125 0.42421875 0.0234375 0.06328125
0 0.52421875 0.4296875 0.025 0.06640625