0 0.59921875 0.265625 0.00859375 0.01640625
0 0.634375 0.30625 0.0109375 0.0203125
0 0.6375 0.25625 0.00859375 0.0203125
0 0.54609375 0.8234375 0.02421875 0.07578125
0 0.7625 0.31015625 0.15 0.2203125
0 0.61953125 0.66328125 0.0203125 0.059375
2 0.61484375 0.54140625 0.02421875 0.0984375
0 0.51328125 0.53515625 0.01875 0.040625
0 0.50625 0.40859375 0.0125 0.03515625
0 0.66171875 0.71953125 0.02265625 0.05703125
0 0.6703125 0.61171875 0.02265625 0.05390625
0 0.684375 0.70078125 0.0234375 0.0609375
0 0.6578125 0.50390625 0.0171875 0.03671875
0 0.64765625 0.7953125 0.028125 0.06875
0 0.63125 0.9515625 0.0296875 0.0890625
1 0.5890625 0.634375 0.02265625 0.06484375
0 0.59765625 0.30390625 0.009375 0.021875
0 0.64296875 0.34296875 0.0109375 0.021875
0 0.6140625 0.30859375 0.0109375 0.0203125
0 0.58984375 0.33828125 0.01171875 0.02421875