0 0.3625 0.9734375 0.03125 0.05
0 0.41484375 0.9359375 0.03125 0.07578125
2 0.6890625 0.384375 0.059375 0.04609375
0 0.4125 0.7765625 0.025 0.06484375
0 0.45078125 0.7515625 0.02421875 0.059375
0 0.43515625 0.834375 0.0265625 0.06484375
0 0.465625 0.8453125 0.0234375 0.05703125
0 0.44453125 0.94453125 0.03046875 0.07421875
0 0.471875 0.4515625 0.0171875 0.03359375
0 0.49609375 0.4703125 0.015625 0.0296875
0 0.5140625 0.471875 0.01484375 0.0296875
0 0.50859375 0.41796875 0.0125 0.028125
0 0.50703125 0.36953125 0.0140625 0.02421875
0 0.5453125 0.36640625 0.01171875 0.0296875
0 0.53515625 0.3546875 0.01171875 0.02421875
2 0.63125 0.40546875 0.021875 0.06328125
0 0.609375 0.3984375 0.01171875 0.02578125
0 0.5796875 0.359375 0.01640625 0.021875
2 0.56328125 0.340625 0.0171875 0.0484375
0 0.65390625 0.41796875 0.0109375 0.0203125