0 0.63046875 0.4953125 0.01640625 0.03515625
2 0.61328125 0.42421875 0.01953125 0.06640625
2 0.765625 0.83828125 0.06640625 0.19453125
2 0.5109375 0.31171875 0.01953125 0.05703125
0 0.671875 0.65078125 0.01953125 0.04609375
0 0.66484375 0.51796875 0.015625 0.03515625
0 0.678125 0.59140625 0.021875 0.04296875
0 0.63671875 0.29140625 0.009375 0.0203125
0 0.653125 0.43828125 0.015625 0.03125
0 0.628125 0.5796875 0.01640625 0.04453125
0 0.6046875 0.61015625 0.01875 0.04609375
1 0.59140625 0.4265625 0.01484375 0.04609375