0 0.52578125 0.5203125 0.0203125 0.06328125
0 0.6609375 0.81875 0.0296875 0.08515625
0 0.4015625 0.4453125 0.0203125 0.06484375
0 0.45390625 0.3890625 0.021875 0.06640625
0 0.4359375 0.190625 0.01640625 0.040625
0 0.74609375 0.88828125 0.03515625 0.10546875
0 0.60234375 0.1359375 0.02421875 0.03515625
0 0.6046875 0.203125 0.01953125 0.0390625
0 0.6546875 0.121875 0.028125 0.02578125
0 0.584375 0.78515625 0.028125 0.0890625
0 0.571875 0.34296875 0.021875 0.0515625
0 0.5328125 0.05703125 0.01640625 0.03359375
0 0.54453125 0.2859375 0.01875 0.04296875
0 0.61640625 0.446875 0.025 0.0609375
0 0.528125 0.38828125 0.021875 0.0609375