0 0.4625 0.359375 0.0328125 0.09609375
0 0.4390625 0.53046875 0.040625 0.1203125
0 0.19296875 0.915625 0.090625 0.16484375
0 0.8703125 0.72890625 0.06171875 0.13515625
0 0.40546875 0.13515625 0.02421875 0.040625
1 0.32734375 0.32578125 0.0640625 0.13359375
2 0.39921875 0.234375 0.05625 0.14296875
2 0.43046875 0.2765625 0.0578125 0.15703125
0 0.390625 0.18203125 0.025 0.04609375
0 0.425 0.07890625 0.0203125 0.0390625
0 0.43515625 0.14453125 0.02421875 0.04453125
0 0.45859375 0.1765625 0.02421875 0.04609375
0 0.4890625 0.2109375 0.02265625 0.0515625
0 0.46953125 0.03515625 0.01484375 0.02578125
0 0.459375 0.05625 0.0171875 0.03125
0 0.4484375 0.09921875 0.0171875 0.03515625
0 0.484375 0.05703125 0.0171875 0.03359375
0 0.47734375 0.08203125 0.01953125 0.03515625
0 0.46796875 0.13125 0.0203125 0.04453125
0 0.509375 0.02578125 0.015625 0.0296875
0 0.5078125 0.04921875 0.015625 0.028125
0 0.50546875 0.0734375 0.01875 0.03125
0 0.496875 0.1453125 0.01875 0.04296875
0 0.58515625 0.3390625 0.03046875 0.06640625
1 0.62109375 0.2640625 0.03125 0.07578125
0 0.68046875 0.24453125 0.0296875 0.0515625
0 0.68828125 0.378125 0.040625 0.078125
0 0.66484375 0.53125 0.0453125 0.09609375
0 0.615625 0.55546875 0.0453125 0.10703125
0 0.7734375 0.759375 0.06875 0.1515625
0 0.52578125 0.23046875 0.028125 0.05390625
0 0.52265625 0.190625 0.021875 0.040625
0 0.9390625 0.34921875 0.07421875 0.05703125
0 0.58515625 0.10859375 0.01640625 0.03125
0 0.61015625 0.12421875 0.0171875 0.03671875
0 0.6484375 0.134375 0.01953125 0.03515625
0 0.63671875 0.21953125 0.0296875 0.04609375
0 0.3390625 0.21171875 0.046875 0.05
0 0.35859375 0.41484375 0.0453125 0.08515625