0 0.6453125 0.48984375 0.01640625 0.03515625
2 0.6234375 0.42421875 0.01953125 0.06640625
2 0.79453125 0.88671875 0.07734375 0.21484375
2 0.50625 0.39453125 0.025 0.078125
0 0.69609375 0.675 0.01953125 0.04609375
0 0.6796875 0.53046875 0.015625 0.03515625
0 0.69375 0.5984375 0.01875 0.040625
0 0.6453125 0.29375 0.009375 0.0203125
0 0.49375 0.315625 0.0203125 0.06484375
0 0.66484375 0.44375 0.01484375 0.02421875
0 0.63828125 0.55546875 0.01640625 0.04453125
0 0.6140625 0.571875 0.01640625 0.04453125
1 0.6015625 0.40625 0.0140625 0.0390625