0 0.9546875 0.21171875 0.0390625 0.03515625
0 0.6609375 0.1765625 0.03828125 0.03515625
1 0.87890625 0.21171875 0.053125 0.04296875
0 0.65390625 0.30703125 0.03828125 0.03671875
0 0.66953125 0.225 0.028125 0.03515625
0 0.74921875 0.17109375 0.0328125 0.03515625
0 0.759375 0.21796875 0.03828125 0.03515625
0 0.7796875 0.30703125 0.0328125 0.02578125
0 0.75078125 0.26796875 0.0328125 0.03125
0 0.81640625 0.26328125 0.0328125 0.02578125
0 0.8859375 0.303125 0.04296875 0.03515625
0 0.246875 0.465625 0.03828125 0.028125
0 0.3015625 0.41953125 0.03828125 0.03515625
0 0.4203125 0.50859375 0.03828125 0.03515625
0 0.44375 0.46015625 0.04296875 0.03515625
0 0.503125 0.40859375 0.03828125 0.03515625
0 0.61875 0.2640625 0.0375 0.03515625