0 0.59453125 0.275 0.025 0.05390625
0 0.5734375 0.13671875 0.0203125 0.03671875
0 0.57265625 0.05 0.01875 0.03359375
1 0.6140625 0.46875 0.05546875 0.159375
0 0.3921875 0.4359375 0.04609375 0.10546875
0 0.44296875 0.503125 0.0421875 0.11640625
0 0.32109375 0.82109375 0.0703125 0.18671875
0 0.3453125 0.41640625 0.0453125 0.0890625
0 0.41953125 0.084375 0.02265625 0.03125
0 0.44375 0.0984375 0.0234375 0.040625
0 0.471875 0.12578125 0.02265625 0.040625
0 0.409375 0.20390625 0.0296875 0.059375
0 0.44453125 0.23515625 0.0296875 0.05546875
0 0.4796875 0.23671875 0.0265625 0.0703125
0 0.5265625 0.22109375 0.02734375 0.05
0 0.521875 0.18359375 0.02265625 0.0484375
0 0.10625 0.2765625 0.0703125 0.06484375
0 0.48515625 0.0484375 0.0171875 0.0296875
0 0.50625 0.05546875 0.01640625 0.0296875
0 0.94453125 0.34140625 0.07890625 0.05703125