0 0.403125 0.51015625 0.03828125 0.03515625
0 0.4359375 0.465625 0.0421875 0.03515625
0 0.57890625 0.446875 0.0421875 0.03125
0 0.67578125 0.48828125 0.0390625 0.03125
0 0.71796875 0.43828125 0.0359375 0.03125
1 0.5625 0.36953125 0.071875 0.05390625
0 0.55390625 0.19375 0.01640625 0.07578125
1 0.309375 0.46875 0.0484375 0.03671875
0 0.0203125 0.3546875 0.03203125 0.05703125
0 0.26796875 0.5546875 0.03828125 0.03515625
0 0.59609375 0.94453125 0.02421875 0.078125
0 0.45390625 0.54140625 0.03515625 0.03125