0 0.5890625 0.1515625 0.01953125 0.040625
0 0.5671875 0.053125 0.015625 0.03125
1 0.59765625 0.25 0.0390625 0.10390625
0 0.303125 0.83125 0.08125 0.21875
0 0.221875 0.79609375 0.08515625 0.19296875
0 0.39765625 0.140625 0.02734375 0.040625
0 0.41953125 0.18203125 0.03046875 0.05703125
0 0.4546875 0.22421875 0.03046875 0.059375
0 0.365625 0.33671875 0.040625 0.08515625
0 0.41171875 0.39296875 0.03828125 0.08515625
0 0.45625 0.4234375 0.0390625 0.11328125
0 0.5265625 0.225 0.0265625 0.04609375
0 0.52265625 0.184375 0.02265625 0.04609375
0 0.4734375 0.1046875 0.01953125 0.03515625
0 0.4953125 0.1265625 0.01953125 0.0390625
0 0.4875 0.03984375 0.0171875 0.03125
0 0.61796875 0.62578125 0.04609375 0.121875
0 0.69375 0.73125 0.0578125 0.1484375
0 0.9453125 0.34140625 0.0796875 0.05703125