0 0.48828125 0.18671875 0.01953125 0.05546875
0 0.47578125 0.259375 0.02734375 0.06328125
0 0.43046875 0.31953125 0.03125 0.06484375
0 0.39375 0.3 0.03203125 0.05546875
0 0.425 0.09296875 0.0203125 0.03671875
1 0.3734375 0.221875 0.0421875 0.1
2 0.43125 0.14140625 0.0375 0.08671875
2 0.4578125 0.16796875 0.03984375 0.1015625
0 0.4125 0.121875 0.01953125 0.04453125
0 0.44375 0.0390625 0.0171875 0.03671875
0 0.4515625 0.0953125 0.01875 0.03515625
0 0.50078125 0.12109375 0.01875 0.0390625
0 0.46796875 0.03515625 0.01484375 0.02578125
0 0.459375 0.05625 0.01640625 0.028125
0 0.45546875 0.075 0.01640625 0.03125
0 0.48515625 0.05546875 0.0171875 0.0296875
0 0.4796875 0.07421875 0.01875 0.03359375
0 0.4765625 0.09140625 0.01953125 0.03125
0 0.509375 0.0265625 0.01640625 0.03125
0 0.50703125 0.046875 0.01640625 0.028125
0 0.50625 0.06875 0.01875 0.0296875
0 0.503125 0.0890625 0.01875 0.03359375
0 0.621875 0.8484375 0.05546875 0.18125
1 0.70859375 0.796875 0.0734375 0.1984375
0 0.8421875 0.74296875 0.075 0.1515625
0 0.5265625 0.2359375 0.02734375 0.05703125
0 0.528125 0.11875 0.0203125 0.03671875
0 0.940625 0.35625 0.07421875 0.05703125
0 0.634375 0.3984375 0.03203125 0.06640625
0 0.68828125 0.453125 0.040625 0.0796875
0 0.7484375 0.465625 0.04765625 0.08671875
0 0.765625 0.7640625 0.07421875 0.16484375
0 0.39609375 0.15859375 0.0265625 0.04609375
0 0.4171875 0.2140625 0.025 0.05390625