0 0.4703125 0.925 0.028125 0.0796875
0 0.4390625 0.8859375 0.0296875 0.07578125
0 0.41328125 0.85390625 0.02734375 0.0703125
0 0.528125 0.6765625 0.02265625 0.05703125
0 0.4625 0.5953125 0.01953125 0.05
0 0.490625 0.71328125 0.0203125 0.05546875
2 0.67265625 0.44921875 0.0484375 0.05703125
0 0.82578125 0.58515625 0.13984375 0.2515625
0 0.51640625 0.39921875 0.01171875 0.028125
0 0.52109375 0.33984375 0.0125 0.02421875
0 0.55546875 0.2984375 0.01171875 0.021875
0 0.5765625 0.29375 0.01171875 0.0203125
0 0.571875 0.35625 0.0109375 0.02421875
0 0.6171875 0.34453125 0.01171875 0.01875
0 0.62421875 0.39375 0.0140625 0.0203125
2 0.6109375 0.4203125 0.05 0.0484375
0 0.67890625 0.48828125 0.0140625 0.028125
0 0.575 0.40546875 0.015625 0.021875