0 0.4703125 0.321875 0.03046875 0.08515625
0 0.45078125 0.45390625 0.0359375 0.10390625
0 0.3109375 0.93203125 0.07109375 0.128125
0 0.253125 0.73828125 0.0734375 0.1609375
0 0.88828125 0.81328125 0.07734375 0.15546875
0 0.4109375 0.125 0.0234375 0.0390625
1 0.3375 0.30390625 0.0609375 0.12578125
2 0.40703125 0.21015625 0.05390625 0.13515625
2 0.4359375 0.253125 0.05390625 0.15
0 0.39765625 0.16875 0.0234375 0.04453125
0 0.42734375 0.071875 0.0203125 0.03671875
0 0.4390625 0.134375 0.02265625 0.04296875
0 0.46171875 0.16484375 0.0234375 0.04453125
0 0.49140625 0.18984375 0.021875 0.05
0 0.4703125 0.03515625 0.01484375 0.02578125
0 0.459375 0.0546875 0.0171875 0.03125
0 0.45 0.09296875 0.0171875 0.03359375
0 0.48515625 0.05625 0.0171875 0.03125
0 0.47890625 0.0765625 0.01875 0.03515625
0 0.47109375 0.1234375 0.0203125 0.04296875
0 0.509375 0.025 0.015625 0.028125
0 0.5078125 0.04921875 0.015625 0.028125
0 0.50625 0.06953125 0.01875 0.03125
0 0.4984375 0.13125 0.01875 0.040625
0 0.59140625 0.39375 0.034375 0.07578125
1 0.63125 0.31171875 0.03515625 0.08359375
0 0.69453125 0.28984375 0.034375 0.05703125
0 0.7078125 0.4546875 0.0484375 0.090625
0 0.68203125 0.63984375 0.05390625 0.1203125
0 0.6234375 0.64453125 0.0515625 0.1296875
0 0.8125 0.90546875 0.084375 0.18125
0 0.5265625 0.23046875 0.028125 0.05390625
0 0.5234375 0.18671875 0.021875 0.040625
0 0.940625 0.34921875 0.07421875 0.05703125
0 0.590625 0.13984375 0.01875 0.03515625
0 0.61640625 0.16015625 0.0203125 0.04296875
0 0.659375 0.16953125 0.021875 0.0390625
0 0.6484375 0.26796875 0.0328125 0.05390625
0 0.35546875 0.20078125 0.04296875 0.05
0 0.37421875 0.36328125 0.0390625 0.07421875