0 0.4984375 0.63046875 0.021875 0.04609375
0 0.290625 0.88984375 0.0390625 0.07578125
0 0.4046875 0.68359375 0.0234375 0.0484375
0 0.3703125 0.775 0.0296875 0.0609375
0 0.325 0.890625 0.0375 0.08515625
0 0.35234375 0.90859375 0.03515625 0.07578125
0 0.38125 0.825 0.0375 0.08671875
0 0.4046875 0.76484375 0.02734375 0.059375
0 0.428125 0.70703125 0.0265625 0.04453125
0 0.4359375 0.75390625 0.02421875 0.059375
0 0.4125 0.83359375 0.0328125 0.0703125
0 0.384375 0.915625 0.03046875 0.07578125
2 0.5984375 0.31953125 0.034375 0.05
0 0.51640625 0.39453125 0.0140625 0.03359375
0 0.46640625 0.5890625 0.0203125 0.040625
0 0.446875 0.64453125 0.021875 0.04453125
0 0.46953125 0.65 0.0203125 0.040625
0 0.45390625 0.70078125 0.025 0.05
2 0.63125 0.38671875 0.0203125 0.059375
0 0.61015625 0.41640625 0.01171875 0.02578125
0 0.66015625 0.35546875 0.01171875 0.03671875