0 0.434375 0.7890625 0.0234375 0.0703125
0 0.5546875 0.63203125 0.01953125 0.05703125
0 0.528125 0.7140625 0.0203125 0.05390625
2 0.471875 0.4984375 0.02421875 0.08515625
0 0.4875 0.44453125 0.0125 0.03671875
0 0.56015625 0.32109375 0.0125 0.02421875
0 0.6171875 0.29609375 0.009375 0.01875
0 0.6015625 0.284375 0.01171875 0.0203125
2 0.61796875 0.6453125 0.0265625 0.10546875
0 0.6734375 0.68515625 0.0203125 0.0484375
0 0.628125 0.5765625 0.01640625 0.0390625
0 0.6296875 0.29609375 0.009375 0.02578125