0 0.56328125 0.5984375 0.0203125 0.06328125
0 0.7625 0.95859375 0.03515625 0.07578125
0 0.40859375 0.765625 0.0265625 0.10546875
0 0.425 0.415625 0.0171875 0.0609375
1 0.45390625 0.43828125 0.021875 0.0984375
0 0.46171875 0.23984375 0.015625 0.0390625
0 0.6234375 0.7703125 0.0296875 0.08515625
0 0.603125 0.359375 0.021875 0.0515625
0 0.571875 0.12578125 0.01640625 0.03359375
0 0.57421875 0.33828125 0.01953125 0.04609375
0 0.63203125 0.5640625 0.028125 0.06875
0 0.5453125 0.278125 0.01953125 0.0515625