0 0.45 0.95859375 0.02734375 0.071875
0 0.4890625 0.95625 0.02421875 0.08359375
0 0.52734375 0.95078125 0.025 0.090625
0 0.565625 0.9484375 0.02734375 0.09609375
0 0.4890625 0.878125 0.025 0.078125
0 0.528125 0.8390625 0.02421875 0.08125
0 0.5609375 0.84140625 0.0234375 0.07578125
0 0.5546875 0.71328125 0.01953125 0.059375
0 0.4953125 0.66953125 0.01953125 0.0609375
0 0.5203125 0.471875 0.015625 0.0296875
0 0.4890625 0.3796875 0.01484375 0.02578125
0 0.5578125 0.2859375 0.01953125 0.0203125
0 0.596875 0.340625 0.01171875 0.021875
0 0.5171875 0.27421875 0.0140625 0.02578125
0 0.55 0.21171875 0.0125 0.0203125
0 0.49921875 0.21328125 0.0125 0.01875
0 0.71484375 0.6484375 0.021875 0.0484375
0 0.6171875 0.31875 0.009375 0.021875
2 0.64375 0.2484375 0.0484375 0.040625