1 0.5609375 0.40078125 0.01640625 0.04296875
0 0.696875 0.91484375 0.03203125 0.08125
0 0.67109375 0.77109375 0.025 0.05390625
0 0.65703125 0.69453125 0.021875 0.04453125
0 0.65 0.64140625 0.0234375 0.04609375
0 0.63125 0.53984375 0.01953125 0.04296875
0 0.52578125 0.3453125 0.0109375 0.0203125
0 0.55390625 0.33125 0.0109375 0.01875
0 0.5859375 0.33671875 0.01171875 0.021875
0 0.5234375 0.31484375 0.01171875 0.01875
0 0.52421875 0.3296875 0.01171875 0.01875
0 0.5375 0.31875 0.0109375 0.021875
0 0.55390625 0.31171875 0.0109375 0.0203125
0 0.5671875 0.315625 0.01171875 0.01640625
0 0.5828125 0.315625 0.0109375 0.02421875
0 0.64140625 0.2640625 0.021875 0.0203125
0 0.6765625 0.26953125 0.01953125 0.0203125
0 0.8875 0.2640625 0.02265625 0.02421875
0 0.45078125 0.41484375 0.01875 0.040625