1 0.065625 0.87421875 0.13125 0.2484375
2 0.1828125 0.79140625 0.1921875 0.41328125
0 0.23359375 0.5484375 0.06640625 0.11875
0 0.41328125 0.1046875 0.02265625 0.04296875
0 0.3484375 0.19453125 0.04296875 0.0484375
0 0.325 0.5109375 0.0515625 0.10703125
0 0.35 0.67421875 0.0625 0.1515625
0 0.40390625 0.915625 0.065625 0.15703125
0 0.43984375 0.11171875 0.0203125 0.03515625
0 0.415625 0.18828125 0.0265625 0.04296875
0 0.39375 0.2609375 0.03046875 0.0515625
0 0.459375 0.15390625 0.021875 0.040625
0 0.43203125 0.271875 0.03203125 0.06640625
0 0.4109375 0.38515625 0.034375 0.0890625
0 0.496875 0.09375 0.01953125 0.03515625
0 0.49296875 0.159375 0.0203125 0.04453125
0 0.4671875 0.34140625 0.034375 0.0796875
0 0.44453125 0.55078125 0.04375 0.11640625
0 0.5578125 0.01796875 0.015625 0.028125
0 0.5890625 0.0515625 0.01875 0.0296875
0 0.57734375 0.08359375 0.01640625 0.03359375
0 0.621875 0.09921875 0.01640625 0.03515625
0 0.61015625 0.17890625 0.021875 0.04296875
0 0.65 0.225 0.03046875 0.05390625
0 0.62421875 0.33046875 0.0390625 0.071875
0 0.6625 0.51875 0.05390625 0.1109375
0 0.61796875 0.8203125 0.0640625 0.20703125
0 0.6046875 0.534375 0.0453125 0.11328125
0 0.4828125 0.04609375 0.0203125 0.0296875
0 0.50546875 0.0546875 0.01640625 0.03125
0 0.4703125 0.1 0.01953125 0.03671875
0 0.46015625 0.0484375 0.01875 0.0296875
0 0.52421875 0.221875 0.02734375 0.0515625
0 0.51953125 0.18046875 0.021875 0.04296875
0 0.4296875 0.05859375 0.021875 0.03515625
0 0.940625 0.33984375 0.07734375 0.05703125