0 0.59296875 0.1890625 0.021875 0.04453125
0 0.56953125 0.078125 0.0171875 0.03359375
1 0.60390625 0.31484375 0.04375 0.11875
0 0.34609375 0.64609375 0.06171875 0.159375
0 0.4 0.865625 0.06640625 0.20546875
0 0.27734375 0.62578125 0.0640625 0.13671875
0 0.40546875 0.12109375 0.02265625 0.0390625
0 0.43125 0.1484375 0.028125 0.0515625
0 0.4640625 0.184375 0.02734375 0.05390625
0 0.38359375 0.28125 0.03515625 0.07421875
0 0.4265625 0.32578125 0.034375 0.07421875
0 0.46640625 0.34375 0.034375 0.0984375
0 0.52734375 0.2234375 0.02734375 0.04609375
0 0.52265625 0.184375 0.02265625 0.04609375
0 0.478125 0.08515625 0.01875 0.03359375
0 0.49921875 0.10078125 0.01875 0.03515625
0 0.49140625 0.02421875 0.0171875 0.0296875
0 0.628125 0.78515625 0.0546875 0.1703125
0 0.721875 0.9140625 0.06953125 0.15703125
0 0.9453125 0.34140625 0.0796875 0.05703125