0 0.65 0.909375 0.028125 0.07421875
0 0.73125 0.92890625 0.0328125 0.08671875
0 0.57421875 0.84140625 0.0234375 0.06875
0 0.584375 0.9515625 0.02734375 0.08125
0 0.6078125 0.85078125 0.025 0.071875
0 0.64296875 0.82421875 0.03046875 0.07421875
0 0.67421875 0.828125 0.028125 0.06640625
0 0.709375 0.83515625 0.03046875 0.06640625
0 0.475 0.48828125 0.015625 0.0390625
0 0.4953125 0.48984375 0.015625 0.028125
0 0.515625 0.48515625 0.015625 0.040625
0 0.53515625 0.48359375 0.0171875 0.040625
0 0.4953125 0.46171875 0.01484375 0.03125
0 0.5171875 0.45078125 0.015625 0.03125
0 0.53515625 0.45078125 0.0140625 0.03125
0 0.53359375 0.38515625 0.0125 0.0296875
0 0.50234375 0.3390625 0.0125 0.0296875
0 0.51796875 0.26796875 0.0109375 0.0203125
0 0.58671875 0.290625 0.01171875 0.021875
0 0.784375 0.58984375 0.03828125 0.03515625
0 0.84921875 0.58828125 0.0421875 0.03515625
0 0.634375 0.3859375 0.0125 0.03515625