2 0.14296875 0.85078125 0.19453125 0.29453125
0 0.196875 0.64140625 0.0734375 0.14296875
0 0.40859375 0.11875 0.02421875 0.04453125
0 0.31640625 0.21171875 0.05078125 0.04609375
0 0.3015625 0.5953125 0.059375 0.128125
0 0.315625 0.8265625 0.078125 0.19453125
0 0.43515625 0.1265625 0.02265625 0.03515625
0 0.40546875 0.215625 0.03046875 0.04609375
0 0.3828125 0.296875 0.0328125 0.0609375
0 0.45546875 0.16640625 0.02421875 0.04453125
0 0.421875 0.3140625 0.03515625 0.07578125
0 0.39765625 0.45 0.03828125 0.09609375
0 0.49375 0.10859375 0.01953125 0.03515625
0 0.48828125 0.18671875 0.021875 0.04453125
0 0.4609375 0.39609375 0.0375 0.09296875
0 0.42890625 0.671875 0.05390625 0.14453125
0 0.5875 0.02890625 0.01640625 0.028125
0 0.5765625 0.059375 0.015625 0.0296875
0 0.61484375 0.07421875 0.01640625 0.0296875
0 0.60546875 0.1453125 0.01953125 0.04296875
0 0.6421875 0.18125 0.0265625 0.0484375
0 0.6140625 0.2703125 0.03203125 0.059375
0 0.63984375 0.40625 0.0453125 0.08359375
0 0.60859375 0.6984375 0.05546875 0.16328125
0 0.60078125 0.45859375 0.040625 0.09453125
0 0.4796875 0.05703125 0.0203125 0.03359375
0 0.50390625 0.06484375 0.0171875 0.03359375
0 0.4671875 0.11640625 0.021875 0.03671875
0 0.4578125 0.05703125 0.01953125 0.03359375
0 0.52421875 0.221875 0.02734375 0.0515625
0 0.51953125 0.18125 0.021875 0.04453125
0 0.425 0.0703125 0.021875 0.03671875
0 0.94140625 0.3390625 0.078125 0.059375