0 0.6109375 0.378125 0.01484375 0.03359375
0 0.63046875 0.3859375 0.0125 0.03125
0 0.675 0.38203125 0.0140625 0.028125
0 0.66328125 0.3015625 0.00859375 0.021875
0 0.509375 0.43828125 0.0171875 0.04296875
0 0.590625 0.39453125 0.0125 0.0296875
0 0.53046875 0.38671875 0.0125 0.02578125
0 0.56875 0.34609375 0.0125 0.0296875
0 0.76953125 0.334375 0.1390625 0.11328125
2 0.66875 0.853125 0.0453125 0.18671875
0 0.565625 0.26640625 0.0109375 0.021875
0 0.75078125 0.928125 0.0375 0.09296875
0 0.721875 0.70859375 0.02421875 0.06484375
0 0.63359375 0.50625 0.01640625 0.03515625
0 0.8234375 0.96484375 0.0328125 0.06328125
0 0.684375 0.49375 0.01640625 0.0390625
0 0.65625 0.4765625 0.0140625 0.03515625
0 0.62421875 0.63515625 0.0203125 0.06328125