0 0.5109375 0.80546875 0.053125 0.13671875
0 0.50546875 0.63046875 0.03984375 0.1015625
0 0.5015625 0.5296875 0.0328125 0.08125
0 0.4890625 0.43125 0.0328125 0.06328125
0 0.025 0.32890625 0.05 0.0453125
0 0.109375 0.325 0.0625 0.04296875
0 0.03046875 0.353125 0.0609375 0.04375
0 0.1078125 0.35390625 0.0625 0.04453125
0 0.09375 0.375 0.06640625 0.04296875
0 0.74140625 0.271875 0.04609375 0.03359375
0 0.74296875 0.28984375 0.0515625 0.03515625
0 0.82109375 0.29609375 0.05078125 0.04453125
0 0.81328125 0.259375 0.04765625 0.03671875
0 0.88984375 0.2515625 0.04765625 0.03671875
0 0.8125 0.2796875 0.053125 0.03671875
0 0.97265625 0.24375 0.0484375 0.04296875
0 0.49375 0.26328125 0.03515625 0.04453125
0 0.03125 0.28203125 0.053125 0.03515625
0 0.37578125 0.3734375 0.03125 0.071875
0 0.4265625 0.284375 0.0234375 0.04609375