1 0.528125 0.58671875 0.0265625 0.08125
0 0.48046875 0.45703125 0.0453125 0.07421875
0 0.4171875 0.38984375 0.04296875 0.05390625
0 0.32109375 0.35078125 0.04296875 0.0609375
0 0.17265625 0.33359375 0.053125 0.04453125
0 0.0515625 0.3515625 0.0625 0.04453125
0 0.1390625 0.35546875 0.0578125 0.04453125
0 0.06171875 0.38125 0.0625 0.04453125
0 0.04296875 0.3984375 0.0625 0.04453125
0 0.13203125 0.38046875 0.04296875 0.03515625
0 0.12578125 0.40390625 0.0625 0.03671875
0 0.7671875 0.31796875 0.053125 0.03515625
0 0.76953125 0.334375 0.0484375 0.03515625
0 0.78828125 0.35 0.046875 0.040625
0 0.840625 0.30390625 0.05078125 0.040625
0 0.9171875 0.2984375 0.046875 0.03671875
0 0.8421875 0.325 0.04765625 0.0390625
0 0.85625 0.371875 0.0578125 0.04453125
0 0.7625 0.378125 0.053125 0.04453125
0 0.63125 0.35625 0.05625 0.05
0 0.5375 0.31484375 0.03515625 0.04453125
0 0.490625 0.2703125 0.0265625 0.04453125
0 0.4125 0.26171875 0.0171875 0.03515625
0 0.83984375 0.84375 0.0921875 0.1390625