0 0.603125 0.27890625 0.0109375 0.03125
0 0.6203125 0.30625 0.01171875 0.02421875
0 0.65703125 0.33671875 0.0109375 0.02578125
0 0.6578125 0.27578125 0.0109375 0.021875
0 0.4171875 0.78203125 0.0296875 0.06875
0 0.57109375 0.61171875 0.0171875 0.05390625
0 0.47421875 0.66953125 0.02265625 0.05703125
0 0.5375 0.56875 0.01640625 0.0484375
0 0.76640625 0.30390625 0.14453125 0.17421875
0 0.6390625 0.8265625 0.0265625 0.08359375
2 0.63671875 0.64609375 0.0296875 0.12578125
0 0.5453125 0.38203125 0.0125 0.028125
0 0.540625 0.3015625 0.01171875 0.02578125
0 0.68515625 0.834375 0.028125 0.06875
0 0.69921875 0.71328125 0.02734375 0.06328125
0 0.71875 0.83359375 0.02734375 0.07421875
0 0.68671875 0.58125 0.0203125 0.0484375
0 0.68359375 0.95 0.0296875 0.08125
1 0.6078125 0.86328125 0.028125 0.10703125
0 0.6171875 0.36328125 0.01171875 0.02578125
0 0.66328125 0.390625 0.0125 0.0296875
0 0.6359375 0.36328125 0.01171875 0.021875
0 0.60625 0.4265625 0.015625 0.03515625