0 0.7734375 0.41328125 0.0375 0.03359375
0 0.778125 0.3765625 0.03828125 0.03515625
0 0.884375 0.3640625 0.0390625 0.03515625
1 0.71875 0.31796875 0.07421875 0.05390625
0 0.55546875 0.11796875 0.01953125 0.071875
0 0.14140625 0.34921875 0.03828125 0.03515625
1 0.6625 0.36953125 0.05078125 0.0390625
0 0.1390625 0.484375 0.03828125 0.03515625
0 0.1859375 0.39921875 0.0328125 0.03515625
0 0.2875 0.34921875 0.03828125 0.03515625
0 0.3625 0.38984375 0.03828125 0.03515625
0 0.375 0.47421875 0.0328125 0.02578125
0 0.3765625 0.43828125 0.0328125 0.03515625
0 0.4734375 0.428125 0.0328125 0.02578125
0 0.7609375 0.44921875 0.04296875 0.03515625
0 0.65703125 0.48671875 0.0421875 0.040625
0 0.878125 0.41171875 0.0390625 0.03515625
0 0.60234375 0.5546875 0.03828125 0.03515625
0 0.69609375 0.59921875 0.03828125 0.03515625
0 0.89140625 0.51015625 0.03828125 0.03515625
0 0.93671875 0.60078125 0.0421875 0.03515625
0 0.9515625 0.5484375 0.03828125 0.04453125
0 0.03984375 0.4453125 0.03828125 0.03515625