0 0.5140625 0.78515625 0.053125 0.1484375
0 0.5109375 0.61796875 0.0421875 0.109375
0 0.5046875 0.51328125 0.0328125 0.08125
0 0.49453125 0.409375 0.0359375 0.06328125
0 0.021875 0.284375 0.04296875 0.04296875
0 0.10078125 0.28515625 0.0625 0.04453125
0 0.021875 0.30625 0.04375 0.0390625
0 0.10234375 0.309375 0.0625 0.04453125
0 0.0875 0.32890625 0.06875 0.03515625
0 0.74453125 0.2390625 0.04609375 0.03359375
0 0.7484375 0.253125 0.053125 0.0390625
0 0.8859375 0.2484375 0.046875 0.03671875
0 0.815625 0.2203125 0.04765625 0.03671875
0 0.8921875 0.21640625 0.04765625 0.03671875
0 0.815625 0.240625 0.053125 0.040625
0 0.97421875 0.20859375 0.04609375 0.04296875
0 0.24921875 0.90390625 0.07890625 0.18515625
0 0.14375 0.2390625 0.0484375 0.04453125
0 0.39296875 0.25546875 0.0265625 0.0515625