0 0.534375 0.5296875 0.0203125 0.06328125
0 0.68125 0.8765625 0.03125 0.09453125
0 0.39140625 0.659375 0.0265625 0.08515625
0 0.4578125 0.5984375 0.0234375 0.08125
0 0.4359375 0.32109375 0.0203125 0.05390625
0 0.6296875 0.18046875 0.028125 0.03515625
0 0.61875 0.259375 0.02265625 0.04453125
1 0.465625 0.08203125 0.01953125 0.090625
0 0.6890625 0.1703125 0.0328125 0.02578125
0 0.59453125 0.78515625 0.028125 0.0890625
0 0.58125 0.3484375 0.021875 0.0515625
0 0.540625 0.06640625 0.01640625 0.03359375
0 0.55234375 0.29375 0.01875 0.04296875
0 0.6234375 0.46484375 0.028125 0.059375
0 0.53203125 0.37421875 0.0203125 0.059375