0 0.721875 0.42421875 0.03828125 0.03671875
0 0.73203125 0.384375 0.0421875 0.03515625
0 0.8453125 0.36953125 0.0359375 0.03125
0 0.978125 0.41171875 0.0359375 0.03125
1 0.653125 0.309375 0.0765625 0.05546875
0 0.5640625 0.1265625 0.01640625 0.07578125
0 0.021875 0.36640625 0.03828125 0.02578125
1 0.6140625 0.38046875 0.0515625 0.0390625
0 0.0109375 0.22578125 0.021875 0.0515625
0 0.028125 0.4953125 0.0375 0.028125
0 0.0734375 0.41484375 0.034375 0.03359375
0 0.178125 0.3640625 0.0390625 0.028125
0 0.2640625 0.4 0.04296875 0.03359375
0 0.2796875 0.4859375 0.0421875 0.03515625
0 0.29765625 0.446875 0.0375 0.03515625
0 0.39375 0.44296875 0.0328125 0.03359375
0 0.7 0.45859375 0.03828125 0.03515625
0 0.63828125 0.52109375 0.03984375 0.05703125
0 0.825 0.42421875 0.0390625 0.03359375
0 0.7390625 0.55859375 0.04375 0.03125
0 0.81328125 0.6046875 0.03828125 0.03125