0 0.5125 0.8015625 0.053125 0.1484375
0 0.51015625 0.63046875 0.0421875 0.109375
0 0.50390625 0.52421875 0.0328125 0.08125
0 0.4921875 0.42421875 0.0328125 0.06328125
0 0.021875 0.30703125 0.04375 0.04453125
0 0.10546875 0.30625 0.0625 0.04296875
0 0.0265625 0.33203125 0.053125 0.04296875
0 0.10625 0.33125 0.0625 0.04453125
0 0.09140625 0.35078125 0.07109375 0.03515625
0 0.74296875 0.2546875 0.0453125 0.03125
0 0.746875 0.27109375 0.053125 0.03515625
0 0.85390625 0.26953125 0.05 0.04296875
0 0.81484375 0.2390625 0.04765625 0.03671875
0 0.89140625 0.23515625 0.04765625 0.03671875
0 0.81328125 0.26015625 0.053125 0.03515625
0 0.97265625 0.2265625 0.046875 0.04296875
0 0.4796875 0.2390625 0.03046875 0.04453125
0 0.0890625 0.2609375 0.053125 0.04453125
0 0.3859375 0.30703125 0.028125 0.06328125