0 0.55390625 0.7984375 0.02265625 0.07421875
2 0.4640625 0.575 0.028125 0.1015625
0 0.4796875 0.509375 0.01640625 0.040625
0 0.56015625 0.36796875 0.0125 0.02421875
0 0.54609375 0.33671875 0.01171875 0.021875
0 0.61796875 0.29296875 0.009375 0.01875
0 0.60234375 0.28046875 0.01171875 0.0203125
0 0.54765625 0.28671875 0.0125 0.0296875
0 0.52421875 0.284375 0.0109375 0.028125
2 0.61796875 0.64921875 0.03203125 0.109375
0 0.6703125 0.665625 0.02265625 0.04609375
0 0.62734375 0.55625 0.01875 0.0390625
0 0.63203125 0.303125 0.0109375 0.02421875