0 0.45625 0.9296875 0.0265625 0.08125
0 0.428125 0.69453125 0.0234375 0.0515625
0 0.45 0.79453125 0.02265625 0.06640625
0 0.4859375 0.765625 0.02265625 0.0609375
0 0.46796875 0.690625 0.02265625 0.0484375
0 0.4578125 0.6140625 0.01953125 0.04296875
0 0.5359375 0.53984375 0.0171875 0.04609375
0 0.48515625 0.47109375 0.015625 0.0390625
0 0.50703125 0.5484375 0.01640625 0.040625
2 0.65546875 0.43203125 0.0390625 0.0609375
0 0.82109375 0.56640625 0.140625 0.2515625
0 0.528125 0.34296875 0.009375 0.02578125
0 0.5734375 0.315625 0.0109375 0.02421875
0 0.615625 0.37109375 0.0125 0.0203125
0 0.60625 0.39296875 0.01875 0.021875
2 0.57890625 0.39609375 0.0359375 0.0515625
0 0.66953125 0.46171875 0.0125 0.02421875
0 0.5734375 0.3765625 0.01171875 0.0203125