0 0.475 0.56171875 0.0171875 0.05
0 0.4984375 0.56015625 0.0171875 0.0390625
0 0.52109375 0.559375 0.01640625 0.0484375
0 0.5421875 0.55625 0.0203125 0.04609375
0 0.4984375 0.52890625 0.015625 0.0390625
0 0.52265625 0.5140625 0.0171875 0.0390625
0 0.5421875 0.51171875 0.015625 0.0390625
0 0.53984375 0.43671875 0.0140625 0.03359375
0 0.5046875 0.390625 0.01484375 0.03359375
0 0.5203125 0.30703125 0.0140625 0.02578125
0 0.496875 0.25625 0.0125 0.0203125
0 0.5890625 0.30390625 0.01171875 0.021875
0 0.8375 0.690625 0.04375 0.040625
0 0.91171875 0.6953125 0.05 0.04296875
0 0.65 0.43125 0.01484375 0.03671875
0 0.596875 0.25 0.0125 0.01875
2 0.625 0.2015625 0.040625 0.03359375