2 0.19140625 0.89609375 0.12109375 0.11875
0 0.615625 0.53671875 0.01640625 0.04453125
0 0.63671875 0.49296875 0.0171875 0.03359375
0 0.68671875 0.434375 0.01640625 0.03125
0 0.6640625 0.3359375 0.01171875 0.02421875
0 0.5453125 0.29140625 0.0125 0.02421875
0 0.5921875 0.271875 0.0140625 0.021875
0 0.74921875 0.8984375 0.0359375 0.0890625
0 0.6375 0.765625 0.02265625 0.0609375
0 0.57109375 0.86484375 0.02265625 0.07421875
0 0.8 0.84140625 0.03203125 0.07578125
0 0.709375 0.71953125 0.02265625 0.06484375
0 0.678125 0.66328125 0.0234375 0.059375