0 0.3890625 0.13828125 0.01484375 0.03515625
0 0.3890625 0.01875 0.0125 0.02578125
0 0.478125 0.65625 0.0203125 0.05703125
0 0.5421875 0.625 0.0234375 0.0609375
0 0.5140625 0.38046875 0.0203125 0.04609375
0 0.496875 0.25546875 0.01640625 0.03671875
0 0.4828125 0.334375 0.0171875 0.0390625
0 0.4671875 0.40703125 0.01953125 0.0484375
0 0.4546875 0.01328125 0.01171875 0.021875
0 0.58671875 0.56171875 0.025 0.05703125
0 0.375 0.6109375 0.0234375 0.0703125
0 0.40625 0.34609375 0.015625 0.0515625
0 0.365625 0.31640625 0.0171875 0.04453125