2 0.17890625 0.928125 0.121875 0.11875
0 0.615625 0.48828125 0.01640625 0.0390625
0 0.6359375 0.45859375 0.01640625 0.03125
0 0.68515625 0.42109375 0.01640625 0.03125
0 0.66484375 0.32890625 0.01171875 0.02421875
0 0.540625 0.31953125 0.0140625 0.02421875
0 0.59296875 0.2953125 0.0125 0.02421875
0 0.54453125 0.28828125 0.0125 0.028125
0 0.74765625 0.84609375 0.03046875 0.078125
0 0.63828125 0.68046875 0.01875 0.05
0 0.8109375 0.8765625 0.03203125 0.071875
0 0.70546875 0.64453125 0.0203125 0.059375
0 0.6734375 0.603125 0.0171875 0.04609375
0 0.634375 0.92890625 0.0296875 0.1015625