2 0.203125 0.85625 0.11328125 0.1203125
0 0.615625 0.59296875 0.015625 0.0484375
0 0.6359375 0.525 0.0171875 0.03515625
0 0.684375 0.446875 0.015625 0.03125
0 0.6609375 0.346875 0.01171875 0.02421875
2 0.653125 0.278125 0.021875 0.0484375
0 0.55 0.265625 0.0125 0.028125
0 0.753125 0.9546875 0.0359375 0.08671875
0 0.63203125 0.8609375 0.02421875 0.078125
0 0.56875 0.7609375 0.02265625 0.06640625
0 0.7875 0.81015625 0.0296875 0.06875
0 0.7125 0.80390625 0.02421875 0.0703125
0 0.678125 0.72109375 0.02421875 0.0609375