2 0.16484375 0.95 0.13203125 0.09296875
0 0.615625 0.44609375 0.015625 0.03671875
0 0.6359375 0.43359375 0.0125 0.03359375
0 0.6828125 0.41015625 0.01484375 0.03125
0 0.66640625 0.3203125 0.0125 0.02578125
0 0.53359375 0.35546875 0.0125 0.0296875
0 0.59296875 0.3265625 0.0125 0.03125
0 0.540625 0.315625 0.01171875 0.03125
0 0.57734375 0.28359375 0.0125 0.02578125
0 0.740625 0.7953125 0.03046875 0.07578125
0 0.6375 0.6140625 0.01953125 0.04609375
0 0.8203125 0.90625 0.0328125 0.0796875
0 0.69921875 0.5890625 0.01953125 0.0484375
0 0.66875 0.559375 0.01953125 0.0484375
0 0.63203125 0.8140625 0.0296875 0.09453125