0 0.75 0.4203125 0.0328125 0.03359375
0 0.75546875 0.38203125 0.03828125 0.03515625
0 0.86796875 0.36796875 0.03828125 0.03515625
1 0.68515625 0.3140625 0.0734375 0.05390625
0 0.5609375 0.1203125 0.0203125 0.0703125
0 0.0828125 0.35859375 0.03828125 0.03515625
1 0.6390625 0.37421875 0.05 0.03671875
0 0.01015625 0.21328125 0.0203125 0.0515625
0 0.084375 0.4859375 0.03828125 0.03515625
0 0.13203125 0.4046875 0.0328125 0.03515625
0 0.23359375 0.3546875 0.03828125 0.03515625
0 0.31484375 0.3953125 0.03828125 0.03515625
0 0.325 0.4796875 0.0328125 0.02578125
0 0.3375 0.44140625 0.0328125 0.03515625
0 0.43671875 0.43671875 0.0328125 0.02578125
0 0.73046875 0.4546875 0.04296875 0.03515625
0 0.64609375 0.50546875 0.03828125 0.04453125
0 0.853125 0.41796875 0.03984375 0.03515625
0 0.67109375 0.55625 0.03828125 0.03515625
0 0.753125 0.60078125 0.03828125 0.03515625
0 0.9671875 0.5109375 0.0453125 0.03671875
0 0.96796875 0.50859375 0.0390625 0.03515625