0 0.30625 0.22109375 0.0546875 0.05
0 0.03046875 0.2609375 0.0609375 0.05
0 0.3765625 0.31875 0.0390625 0.06640625
0 0.209375 0.6765625 0.0796875 0.14296875
0 0.2625 0.753125 0.0734375 0.16484375
0 0.4015625 0.38203125 0.04296875 0.08359375
0 0.3 0.9203125 0.078125 0.1515625
0 0.4671875 0.315625 0.0328125 0.06484375
0 0.4390625 0.60078125 0.046875 0.13515625
0 0.58125 0.05703125 0.01484375 0.0296875
0 0.5640625 0.0765625 0.0171875 0.03125
0 0.62890625 0.83984375 0.0609375 0.18359375
0 0.59921875 0.446875 0.03828125 0.08671875
0 0.57890625 0.246875 0.02734375 0.05703125
0 0.575 0.15546875 0.021875 0.0484375
0 0.45703125 0.16328125 0.025 0.0515625
0 0.4875 0.17421875 0.0234375 0.0484375
0 0.4390625 0.26171875 0.03046875 0.06484375
0 0.4296875 0.15859375 0.025 0.04296875
0 0.49140625 0.025 0.0171875 0.028125
0 0.4515625 0.06640625 0.02265625 0.03359375
0 0.48359375 0.0796875 0.01953125 0.03671875
0 0.5046875 0.071875 0.01875 0.03671875
0 0.5265625 0.2203125 0.028125 0.0515625
0 0.521875 0.18359375 0.021875 0.0484375
0 0.378125 0.165625 0.0359375 0.05390625
0 0.95078125 0.34453125 0.07890625 0.059375