0 0.50859375 0.75 0.04296875 0.11875
0 0.50390625 0.58984375 0.0328125 0.08671875
0 0.49921875 0.503125 0.03203125 0.071875
0 0.48046875 0.41328125 0.03515625 0.06328125
0 0.02578125 0.33671875 0.0515625 0.04453125
0 0.11015625 0.33515625 0.0625 0.04453125
0 0.03125 0.36484375 0.0625 0.04453125
0 0.021875 0.384375 0.04296875 0.0390625
0 0.11015625 0.36328125 0.059375 0.04453125
0 0.096875 0.38671875 0.0625 0.040625
0 0.74453125 0.284375 0.05 0.03515625
0 0.7453125 0.303125 0.0484375 0.03515625
0 0.7765625 0.31640625 0.05078125 0.04453125
0 0.815625 0.2703125 0.04765625 0.03671875
0 0.89140625 0.26484375 0.04765625 0.03671875
0 0.815625 0.29140625 0.053125 0.04296875
0 0.9734375 0.25703125 0.046875 0.04453125
0 0.54765625 0.303125 0.04296875 0.04609375
0 0.465625 0.246875 0.021875 0.03125
0 0.34296875 0.521875 0.0453125 0.1
0 0.4234375 0.39375 0.0265625 0.05703125