0 0.48671875 0.2015625 0.0203125 0.059375
0 0.471875 0.28203125 0.028125 0.06875
0 0.42265625 0.36171875 0.0328125 0.071875
0 0.3859375 0.32890625 0.03515625 0.0609375
0 0.425 0.09296875 0.0203125 0.03671875
1 0.37109375 0.234375 0.0453125 0.1015625
2 0.43046875 0.14921875 0.0390625 0.09453125
2 0.45703125 0.175 0.04296875 0.109375
0 0.4125 0.12421875 0.0203125 0.04453125
0 0.440625 0.04453125 0.01875 0.03671875
0 0.45 0.09921875 0.01875 0.03515625
0 0.50078125 0.1265625 0.0203125 0.03515625
0 0.46953125 0.03515625 0.01484375 0.02578125
0 0.459375 0.05546875 0.01640625 0.0296875
0 0.45546875 0.075 0.01640625 0.03125
0 0.48515625 0.05546875 0.0171875 0.0296875
0 0.48125 0.071875 0.01875 0.03359375
0 0.47578125 0.09453125 0.01953125 0.03359375
0 0.509375 0.0265625 0.01640625 0.03125
0 0.50703125 0.046875 0.01640625 0.028125
0 0.50625 0.06640625 0.01875 0.0296875
0 0.503125 0.09140625 0.01875 0.03515625
0 0.61640625 0.76796875 0.05078125 0.1609375
1 0.6921875 0.68984375 0.0625 0.16875
0 0.81171875 0.646875 0.065625 0.128125
0 0.52734375 0.23515625 0.02734375 0.05546875
0 0.528125 0.13359375 0.0203125 0.03671875
0 0.940625 0.3546875 0.07421875 0.05703125
0 0.625 0.33515625 0.0296875 0.05546875
0 0.67421875 0.39296875 0.03828125 0.06640625
0 0.728125 0.3984375 0.04296875 0.0703125
0 0.74140625 0.65546875 0.065625 0.140625
0 0.39375 0.16484375 0.02734375 0.0484375
0 0.41328125 0.22578125 0.0265625 0.0515625