0 0.62578125 0.790625 0.02421875 0.06640625
0 0.64140625 0.48828125 0.01640625 0.03515625
2 0.61796875 0.46953125 0.0234375 0.07578125
0 0.7171875 0.77421875 0.028125 0.059375
0 0.72265625 0.69609375 0.02734375 0.0515625
0 0.7046875 0.571875 0.01875 0.040625
0 0.73359375 0.546875 0.0296875 0.03125
0 0.778125 0.53671875 0.034375 0.0296875
2 0.66875 0.371875 0.01953125 0.04453125
2 0.3703125 0.925 0.059375 0.14296875
0 0.51640625 0.57890625 0.015625 0.05390625
0 0.5265625 0.44453125 0.0140625 0.03671875
1 0.76484375 0.61875 0.04765625 0.04453125
0 0.6796875 0.59140625 0.0234375 0.05
0 0.60703125 0.5359375 0.01875 0.0390625
0 0.59296875 0.46796875 0.01640625 0.03515625
1 0.59609375 0.34453125 0.0125 0.03359375