0 0.48984375 0.0140625 0.01640625 0.028125
0 0.146875 0.26953125 0.0703125 0.05703125
1 0.13671875 0.71484375 0.15 0.30390625
2 0.26796875 0.58203125 0.1359375 0.328125
2 0.28046875 0.8109375 0.14765625 0.35546875
0 0.284375 0.4296875 0.04765625 0.09609375
0 0.425 0.07421875 0.01875 0.03671875
0 0.38359375 0.1609375 0.0328125 0.04453125
0 0.359375 0.3859375 0.040625 0.07578125
0 0.3953125 0.4546875 0.0453125 0.09453125
0 0.43984375 0.61484375 0.04765625 0.13671875
0 0.45 0.08046875 0.0203125 0.03125
0 0.42890625 0.14140625 0.02421875 0.04296875
0 0.409375 0.21015625 0.0265625 0.05
0 0.46640625 0.1203125 0.01875 0.03671875
0 0.4453125 0.20625 0.02734375 0.05390625
0 0.4296875 0.29140625 0.02734375 0.06875
0 0.5 0.0703125 0.0171875 0.03359375
0 0.49765625 0.11796875 0.01875 0.03515625
0 0.4796875 0.240625 0.028125 0.059375
0 0.46171875 0.39921875 0.034375 0.0796875
0 0.559375 0.05625 0.0171875 0.03125
1 0.58125 0.03671875 0.01640625 0.03671875
0 0.61171875 0.02109375 0.01484375 0.028125
0 0.6046875 0.0453125 0.0140625 0.02421875
0 0.59296875 0.096875 0.0203125 0.03125
0 0.58046875 0.13125 0.0203125 0.040625
0 0.63515625 0.1609375 0.0203125 0.04453125
0 0.6234375 0.2640625 0.02734375 0.05703125
0 0.67421875 0.33203125 0.0421875 0.071875
0 0.65234375 0.484375 0.0484375 0.10546875
0 0.7171875 0.86484375 0.08125 0.2109375
0 0.61171875 0.71171875 0.05390625 0.15390625
0 0.4890625 0.02109375 0.01953125 0.02421875
0 0.5078125 0.034375 0.015625 0.028125
0 0.478125 0.06484375 0.01640625 0.03359375
0 0.46640625 0.0296875 0.01640625 0.0296875
0 0.5234375 0.2234375 0.02734375 0.05
0 0.51953125 0.18046875 0.021875 0.04296875
0 0.43984375 0.034375 0.01875 0.03125
0 0.93984375 0.33984375 0.075 0.05703125