0 0.6015625 0.69296875 0.01953125 0.05546875
0 0.6234375 0.45546875 0.0140625 0.0296875
2 0.60703125 0.48125 0.0265625 0.08125
0 0.7328125 0.96328125 0.034375 0.059375
0 0.7359375 0.884375 0.03828125 0.07578125
0 0.7453125 0.80859375 0.02734375 0.06484375
0 0.78125 0.76640625 0.03515625 0.040625
0 0.840625 0.75078125 0.04609375 0.04609375
2 0.6859375 0.478125 0.02421875 0.06328125
0 0.4890625 0.84609375 0.0234375 0.0890625
1 0.80625 0.89453125 0.06953125 0.078125
0 0.6734375 0.62421875 0.0234375 0.0515625
0 0.5828125 0.50390625 0.0171875 0.03671875
0 0.57890625 0.43125 0.01171875 0.0296875
1 0.5859375 0.33359375 0.0140625 0.03359375