0 0.51484375 0.78515625 0.053125 0.1484375
0 0.51171875 0.61796875 0.04296875 0.11328125
0 0.50625 0.51015625 0.0359375 0.08671875
0 0.4984375 0.41328125 0.0390625 0.06328125
0 0.0203125 0.27578125 0.03984375 0.04453125
0 0.1 0.2796875 0.0625 0.04453125
0 0.01796875 0.309375 0.0359375 0.040625
0 0.1015625 0.30703125 0.0625 0.04453125
0 0.08671875 0.325 0.06875 0.03515625
0 0.7453125 0.22890625 0.04765625 0.03515625
0 0.7484375 0.24453125 0.053125 0.03671875
0 0.915625 0.234375 0.0453125 0.0390625
0 0.8171875 0.21484375 0.04765625 0.03671875
0 0.8921875 0.2109375 0.04765625 0.03671875
0 0.81640625 0.2359375 0.053125 0.04296875
0 0.9734375 0.203125 0.046875 0.04296875
0 0.30703125 0.64453125 0.05546875 0.13671875
0 0.19296875 0.228125 0.0515625 0.04453125
0 0.53359375 0.19921875 0.01875 0.03125