0 0.47578125 0.28984375 0.02734375 0.07578125
0 0.4578125 0.39609375 0.034375 0.09296875
0 0.35 0.75859375 0.0671875 0.16875
0 0.30078125 0.59453125 0.05859375 0.121875
0 0.91015625 0.91015625 0.0921875 0.17578125
0 0.41484375 0.11640625 0.02265625 0.03671875
1 0.34609375 0.284375 0.0578125 0.11640625
2 0.41328125 0.19453125 0.0484375 0.121875
2 0.440625 0.23359375 0.05078125 0.140625
0 0.3984375 0.16015625 0.021875 0.04296875
0 0.43046875 0.06640625 0.0203125 0.03671875
0 0.4421875 0.125 0.0203125 0.0390625
0 0.46328125 0.15625 0.02265625 0.04296875
0 0.49375 0.17109375 0.0203125 0.04296875
0 0.47109375 0.03515625 0.01484375 0.02578125
0 0.459375 0.05390625 0.0171875 0.0296875
0 0.45234375 0.08515625 0.01640625 0.03359375
0 0.48515625 0.05625 0.0171875 0.03125
0 0.48125 0.071875 0.01875 0.03359375
0 0.471875 0.11484375 0.0203125 0.040625
0 0.5109375 0.025 0.015625 0.028125
0 0.5078125 0.046875 0.015625 0.028125
0 0.50625 0.065625 0.01875 0.03125
0 0.50078125 0.1203125 0.01875 0.040625
0 0.59609375 0.45625 0.0359375 0.08671875
1 0.640625 0.36875 0.0390625 0.09296875
0 0.71171875 0.34140625 0.03984375 0.06484375
0 0.728125 0.5453125 0.05625 0.109375
0 0.7015625 0.76328125 0.06171875 0.1484375
0 0.63203125 0.74140625 0.05625 0.15703125
0 0.5265625 0.23203125 0.028125 0.05390625
0 0.52421875 0.18046875 0.021875 0.0390625
0 0.940625 0.35078125 0.07421875 0.05703125
0 0.5953125 0.1703125 0.0203125 0.03671875
0 0.6234375 0.1984375 0.0234375 0.04453125
0 0.6703125 0.2046875 0.0234375 0.04296875
0 0.6625 0.3234375 0.0375 0.06484375
0 0.365625 0.1953125 0.03828125 0.05
0 0.38515625 0.32578125 0.0359375 0.0703125