0 0.509375 0.59609375 0.02265625 0.040625
0 0.2921875 0.8890625 0.0390625 0.07421875
0 0.41171875 0.66796875 0.02421875 0.04609375
0 0.375 0.765625 0.0296875 0.0609375
0 0.32734375 0.890625 0.0375 0.08515625
0 0.35390625 0.90859375 0.0359375 0.07578125
0 0.3828125 0.8234375 0.0375 0.08671875
0 0.40625 0.76328125 0.02734375 0.059375
0 0.42890625 0.70703125 0.0265625 0.04453125
0 0.43671875 0.75390625 0.02421875 0.059375
0 0.41328125 0.83125 0.0328125 0.0703125
0 0.3859375 0.91484375 0.03125 0.07421875
2 0.596875 0.31640625 0.0328125 0.0515625
0 0.52265625 0.378125 0.01484375 0.0296875
0 0.4671875 0.58671875 0.0203125 0.040625
0 0.4484375 0.64453125 0.021875 0.04453125
0 0.47109375 0.65 0.0203125 0.040625
0 0.4546875 0.70078125 0.025 0.05
2 0.63125 0.39453125 0.0203125 0.06328125
0 0.60859375 0.43515625 0.01171875 0.02578125
0 0.659375 0.35859375 0.0140625 0.028125