0 0.63828125 0.48984375 0.01640625 0.03515625
2 0.61875 0.42421875 0.01953125 0.06640625
2 0.778125 0.86015625 0.06640625 0.19453125
2 0.509375 0.34921875 0.02421875 0.06484375
0 0.68359375 0.66015625 0.01953125 0.04609375
0 0.671875 0.52109375 0.015625 0.03515625
0 0.6859375 0.59140625 0.021875 0.04296875
0 0.6421875 0.29140625 0.009375 0.0203125
0 0.49375 0.3 0.0203125 0.059375
0 0.6578125 0.43828125 0.015625 0.03125
0 0.63359375 0.56328125 0.01640625 0.04453125
0 0.6109375 0.58828125 0.01875 0.04609375
1 0.5953125 0.4140625 0.0140625 0.0390625