0 0.56171875 0.590625 0.0203125 0.06328125
0 0.73203125 0.78828125 0.0359375 0.090625
0 0.42109375 0.5234375 0.0234375 0.0796875
0 0.43359375 0.26875 0.015625 0.0515625
1 0.459375 0.28203125 0.01875 0.07578125
0 0.46484375 0.140625 0.0140625 0.03359375
0 0.62578125 0.77890625 0.0296875 0.08671875
0 0.60546875 0.3609375 0.021875 0.0515625
0 0.56953125 0.11640625 0.01640625 0.03359375
0 0.575 0.334375 0.01953125 0.04609375
0 0.63515625 0.55546875 0.028125 0.06640625
0 0.546875 0.3 0.01953125 0.0515625