0 0.61640625 0.51484375 0.0140625 0.03671875
2 0.6046875 0.43671875 0.01953125 0.06640625
2 0.74453125 0.840625 0.059375 0.1890625
0 0.615625 0.2734375 0.0078125 0.0203125
0 0.43125 0.9109375 0.03828125 0.09609375
0 0.6546875 0.63828125 0.01953125 0.04609375
0 0.6546875 0.51796875 0.015625 0.03515625
0 0.66484375 0.58984375 0.021875 0.04296875
0 0.6296875 0.29375 0.009375 0.0203125
0 0.64453125 0.434375 0.015625 0.03125
0 0.6203125 0.61171875 0.021875 0.04609375
0 0.5984375 0.65859375 0.01875 0.04609375
1 0.58125 0.4546875 0.01484375 0.04609375