0 0.475 0.7140625 0.02421875 0.05390625
0 0.2875 0.89375 0.03828125 0.0796875
0 0.390625 0.71875 0.0234375 0.0515625
0 0.3625 0.79375 0.0296875 0.0609375
0 0.321875 0.8953125 0.03828125 0.08359375
0 0.35 0.915625 0.03515625 0.0796875
0 0.37890625 0.82890625 0.0375 0.08671875
0 0.40234375 0.76875 0.02734375 0.059375
0 0.4265625 0.7109375 0.0265625 0.04453125
0 0.43515625 0.75390625 0.02421875 0.059375
0 0.4109375 0.83671875 0.0328125 0.0703125
0 0.38203125 0.92109375 0.03046875 0.0796875
2 0.60234375 0.3265625 0.03828125 0.05
0 0.50234375 0.43125 0.01484375 0.03359375
0 0.46328125 0.59296875 0.0203125 0.040625
0 0.44609375 0.64921875 0.0203125 0.04609375
0 0.4671875 0.6546875 0.01953125 0.04296875
0 0.453125 0.7046875 0.025 0.05
2 0.63203125 0.384375 0.0203125 0.0609375
0 0.6140625 0.396875 0.0125 0.02421875
0 0.65859375 0.36328125 0.0125 0.03359375