0 0.15546875 0.76015625 0.0875 0.1796875
0 0.403125 0.134375 0.0265625 0.04609375
0 0.2796875 0.2265625 0.059375 0.04609375
0 0.2671875 0.715625 0.071875 0.16484375
0 0.43046875 0.14296875 0.02265625 0.03671875
0 0.39140625 0.24609375 0.03515625 0.0515625
0 0.37265625 0.33359375 0.03828125 0.0703125
0 0.45 0.18671875 0.02734375 0.0484375
0 0.41015625 0.365625 0.0390625 0.08671875
0 0.38046875 0.5296875 0.04375 0.11484375
0 0.49140625 0.1265625 0.0203125 0.0390625
0 0.4828125 0.22421875 0.0234375 0.0515625
0 0.453125 0.459375 0.04296875 0.1109375
0 0.40703125 0.84453125 0.06640625 0.19296875
0 0.575 0.0359375 0.01484375 0.028125
0 0.60859375 0.0515625 0.01640625 0.02578125
0 0.60078125 0.11328125 0.0171875 0.040625
0 0.634375 0.13828125 0.02265625 0.04296875
0 0.60625 0.2234375 0.0265625 0.04609375
0 0.61796875 0.325 0.03828125 0.0609375
0 0.60234375 0.6 0.05 0.13671875
0 0.596875 0.3890625 0.0375 0.08125
0 0.4765625 0.06953125 0.021875 0.03515625
0 0.50234375 0.075 0.01875 0.03515625
0 0.4625 0.13359375 0.02265625 0.040625
0 0.4546875 0.06640625 0.021875 0.03359375
0 0.525 0.22109375 0.02734375 0.05
0 0.5203125 0.18125 0.021875 0.04453125
0 0.41953125 0.08203125 0.02265625 0.0390625
0 0.9421875 0.3390625 0.07890625 0.059375