0 0.59375 0.23046875 0.0234375 0.04609375
0 0.57109375 0.10625 0.01953125 0.03515625
0 0.5734375 0.02890625 0.0171875 0.03125
1 0.60859375 0.38359375 0.0484375 0.13671875
0 0.37421875 0.521875 0.053125 0.12578125
0 0.42578125 0.6546875 0.05078125 0.15
0 0.31875 0.50078125 0.0515625 0.10546875
0 0.4125 0.103125 0.02265625 0.03515625
0 0.43671875 0.1234375 0.0265625 0.04609375
0 0.46953125 0.1515625 0.02421875 0.0484375
0 0.39921875 0.23828125 0.03046875 0.06484375
0 0.43671875 0.275 0.03203125 0.0609375
0 0.475 0.28359375 0.028125 0.08125
0 0.5265625 0.221875 0.028125 0.0484375
0 0.521875 0.184375 0.02265625 0.04609375
0 0.03515625 0.28359375 0.0625 0.06328125
0 0.4828125 0.065625 0.0171875 0.03125
0 0.503125 0.0765625 0.01640625 0.03125
0 0.4953125 0.0109375 0.015625 0.021875
0 0.63671875 0.934375 0.0625 0.13125
0 0.94453125 0.34140625 0.07890625 0.05703125