0 0.95 0.26796875 0.0359375 0.03515625
0 0.90703125 0.2265625 0.03828125 0.03515625
0 0.571875 0.18828125 0.03828125 0.03515625
1 0.83515625 0.22421875 0.04765625 0.04453125
0 0.56015625 0.31640625 0.03828125 0.03671875
0 0.5890625 0.23359375 0.0328125 0.03359375
0 0.6625 0.184375 0.03828125 0.03515625
0 0.6921875 0.2296875 0.04296875 0.040625
0 0.71796875 0.3203125 0.0328125 0.02578125
0 0.6828125 0.278125 0.0328125 0.03359375
0 0.75859375 0.271875 0.0328125 0.02578125
0 0.81640625 0.3140625 0.04296875 0.03515625
0 0.30625 0.471875 0.03828125 0.02578125
0 0.3765625 0.4234375 0.03828125 0.03515625
0 0.4484375 0.525 0.03828125 0.03515625
0 0.46171875 0.465625 0.04296875 0.03515625
0 0.53828125 0.41171875 0.03828125 0.04296875
0 0.5171875 0.27890625 0.03828125 0.03515625