0 0.6125 0.3140625 0.01171875 0.02421875
0 0.5953125 0.29453125 0.0109375 0.021875
0 0.42734375 0.58515625 0.0203125 0.0484375
0 0.421875 0.86484375 0.03125 0.0890625
0 0.5125 0.7203125 0.0171875 0.059375
0 0.521875 0.54375 0.01875 0.04296875
0 0.4828125 0.428125 0.015625 0.03671875
0 0.54453125 0.42578125 0.01484375 0.03671875
0 0.51953125 0.3453125 0.0140625 0.03125
0 0.49453125 0.3015625 0.0125 0.021875
2 0.60390625 0.61484375 0.0265625 0.1
0 0.6859375 0.840625 0.02734375 0.06640625
0 0.628125 0.728125 0.021875 0.0515625