0 0.590625 0.45859375 0.03828125 0.03515625
0 0.6046875 0.41953125 0.04296875 0.03515625
0 0.73203125 0.403125 0.0359375 0.03125
0 0.84609375 0.446875 0.0359375 0.03515625
0 0.8890625 0.396875 0.0359375 0.03125
1 0.57734375 0.3359375 0.071875 0.05390625
0 0.56875 0.15625 0.01640625 0.07578125
1 0.48046875 0.421875 0.0484375 0.03671875
0 0.01484375 0.26796875 0.0296875 0.0453125
0 0.04375 0.53984375 0.04296875 0.03515625
0 0.09609375 0.4953125 0.03828125 0.03515625
0 0.1953125 0.49140625 0.0328125 0.03515625
0 0.52109375 0.50078125 0.03828125 0.03515625
0 0.60390625 0.68671875 0.03046875 0.078125
0 0.68046875 0.475 0.0375 0.03515625