0 0.40546875 0.6546875 0.05625 0.16875
0 0.90390625 0.54375 0.0734375 0.08359375
0 0.35234375 0.19453125 0.0453125 0.0515625
1 0.26015625 0.45703125 0.09296875 0.18515625
2 0.3515625 0.3484375 0.08203125 0.19609375
2 0.3859375 0.43046875 0.0828125 0.2390625
0 0.4453125 0.028125 0.015625 0.0296875
0 0.4109375 0.1109375 0.02265625 0.040625
0 0.40390625 0.23984375 0.028125 0.05390625
0 0.43515625 0.26640625 0.03046875 0.06328125
0 0.4703125 0.334375 0.0296875 0.06875
0 0.46171875 0.046875 0.01640625 0.028125
0 0.44921875 0.078125 0.01953125 0.03359375
0 0.4328125 0.13984375 0.021875 0.04296875
0 0.47734375 0.075 0.0171875 0.03515625
0 0.4640625 0.121875 0.02265625 0.040625
0 0.45546875 0.18046875 0.02265625 0.05703125
0 0.50625 0.03828125 0.0171875 0.03125
0 0.50390625 0.06796875 0.015625 0.03125
0 0.49765625 0.11640625 0.0203125 0.03671875
0 0.4828125 0.23046875 0.025 0.05390625
0 0.56875 0.1640625 0.021875 0.0390625
1 0.5953125 0.1265625 0.02265625 0.04609375
0 0.6359375 0.103125 0.02265625 0.03515625
0 0.6296875 0.1609375 0.025 0.040625
0 0.615625 0.24375 0.0296875 0.05
0 0.5890625 0.28203125 0.03125 0.05703125
0 0.67890625 0.36875 0.0359375 0.0703125
0 0.665625 0.53671875 0.04375 0.10390625
0 0.7640625 0.715625 0.075 0.15703125
0 0.5109375 0.01328125 0.01484375 0.021875
0 0.49140625 0.01640625 0.01484375 0.02578125
0 0.47421875 0.01015625 0.01640625 0.0203125
0 0.52421875 0.2265625 0.02734375 0.05
0 0.5203125 0.18515625 0.021875 0.040625
0 0.9390625 0.34375 0.07421875 0.05703125
0 0.5734375 0.015625 0.01171875 0.02421875
0 0.5921875 0.01875 0.01484375 0.02578125
0 0.61875 0.03828125 0.01484375 0.028125
0 0.60234375 0.078125 0.015625 0.0296875
0 0.1953125 0.25859375 0.0640625 0.05390625
0 0.22890625 0.8015625 0.0890625 0.18515625