0 0.37421875 0.7984375 0.0671875 0.20703125
0 0.940625 0.5265625 0.08671875 0.0796875
0 0.3171875 0.21796875 0.0546875 0.05390625
1 0.2375 0.5 0.1015625 0.20390625
2 0.3359375 0.39296875 0.0859375 0.20703125
2 0.36640625 0.5015625 0.096875 0.278125
0 0.440625 0.03671875 0.01640625 0.03359375
0 0.40546875 0.121875 0.0234375 0.040625
0 0.39453125 0.26796875 0.0328125 0.0609375
0 0.42734375 0.3 0.03203125 0.0703125
0 0.4671875 0.375 0.03125 0.0796875
0 0.459375 0.05078125 0.01640625 0.028125
0 0.44453125 0.08984375 0.01953125 0.03515625
0 0.428125 0.153125 0.0234375 0.04609375
0 0.47578125 0.08125 0.01875 0.03671875
0 0.46015625 0.13671875 0.0234375 0.04453125
0 0.4515625 0.2 0.0234375 0.059375
0 0.5046875 0.04375 0.0171875 0.03125
0 0.503125 0.0765625 0.015625 0.03125
0 0.49375 0.13515625 0.021875 0.04453125
0 0.47734375 0.26015625 0.02734375 0.05703125
0 0.56484375 0.1265625 0.0203125 0.03515625
1 0.590625 0.096875 0.01953125 0.04296875
0 0.62890625 0.07890625 0.01953125 0.03125
0 0.621875 0.121875 0.0171875 0.03671875
0 0.6078125 0.1984375 0.0265625 0.04453125
0 0.5859375 0.23671875 0.02734375 0.0515625
0 0.665625 0.30390625 0.03203125 0.06328125
0 0.6515625 0.45078125 0.03828125 0.08359375
0 0.73515625 0.58671875 0.0625 0.12578125
0 0.5109375 0.015625 0.01484375 0.02421875
0 0.4890625 0.0265625 0.01484375 0.028125
0 0.471875 0.01171875 0.015625 0.0234375
0 0.52421875 0.22578125 0.028125 0.0515625
0 0.51953125 0.18359375 0.021875 0.040625
0 0.9390625 0.34375 0.07421875 0.05703125
0 0.6109375 0.01796875 0.0140625 0.02421875
0 0.59765625 0.05078125 0.015625 0.03125
0 0.134375 0.26796875 0.06953125 0.05703125