0 0.4171875 0.965625 0.03125 0.0609375
2 0.7046875 0.38984375 0.0609375 0.04609375
0 0.40625 0.82578125 0.02734375 0.0703125
0 0.45078125 0.78203125 0.02421875 0.0609375
0 0.4359375 0.86484375 0.02734375 0.0703125
0 0.4671875 0.8765625 0.0234375 0.0609375
0 0.41640625 0.96640625 0.028125 0.06328125
0 0.4671875 0.47109375 0.01640625 0.03125
0 0.48828125 0.5046875 0.015625 0.03125
0 0.50703125 0.509375 0.01484375 0.03359375
0 0.5015625 0.44375 0.0140625 0.03125
0 0.4984375 0.39375 0.0140625 0.028125
0 0.540625 0.3859375 0.01171875 0.03125
0 0.51328125 0.34375 0.0125 0.02421875
0 0.5265625 0.37109375 0.0125 0.02421875
2 0.6296875 0.40859375 0.02265625 0.0609375
0 0.6078125 0.3984375 0.01171875 0.02578125
0 0.57734375 0.36484375 0.0171875 0.021875
2 0.559375 0.3484375 0.0171875 0.0484375
0 0.6515625 0.425 0.0109375 0.0203125
0 0.5671875 0.3296875 0.0109375 0.01875