1 0.53359375 0.6359375 0.028125 0.090625
0 0.50390625 0.4890625 0.04296875 0.08125
0 0.44453125 0.41484375 0.04296875 0.059375
0 0.3578125 0.359375 0.04296875 0.059375
0 0.2234375 0.33671875 0.053125 0.04453125
0 0.05078125 0.3515625 0.0625 0.04453125
0 0.13828125 0.35390625 0.0578125 0.04453125
0 0.06171875 0.3796875 0.0625 0.04453125
0 0.0421875 0.39609375 0.0625 0.04453125
0 0.13203125 0.38046875 0.0453125 0.04296875
0 0.125 0.40390625 0.0625 0.03671875
0 0.76640625 0.315625 0.053125 0.03515625
0 0.76953125 0.334375 0.0484375 0.03515625
0 0.7875 0.3484375 0.04765625 0.04453125
0 0.83984375 0.3 0.05078125 0.040625
0 0.915625 0.29453125 0.046875 0.03671875
0 0.83984375 0.3265625 0.0484375 0.04296875
0 0.81015625 0.37421875 0.0578125 0.04453125
0 0.71875 0.37578125 0.053125 0.04453125
0 0.59609375 0.34140625 0.0515625 0.04609375
0 0.51171875 0.29609375 0.0328125 0.04453125
0 0.48203125 0.25390625 0.0203125 0.04453125
0 0.4125 0.25625 0.0171875 0.03515625