0 0.93125 0.28046875 0.0359375 0.03515625
0 0.8859375 0.23828125 0.03828125 0.03515625
0 0.52578125 0.19921875 0.03828125 0.03515625
1 0.8171875 0.23515625 0.04765625 0.04453125
0 0.5171875 0.328125 0.03828125 0.03671875
0 0.5453125 0.246875 0.0328125 0.03515625
0 0.62421875 0.19921875 0.03828125 0.03515625
0 0.65703125 0.24140625 0.0421875 0.03515625
0 0.68125 0.33125 0.0328125 0.02578125
0 0.65 0.28984375 0.0328125 0.03515625
0 0.73046875 0.28515625 0.0328125 0.02578125
0 0.7890625 0.325 0.04296875 0.03515625
0 0.028125 0.4515625 0.04375 0.03671875
0 0.3390625 0.48125 0.03828125 0.02578125
0 0.4171875 0.43046875 0.03828125 0.03515625
0 0.4703125 0.540625 0.0375 0.04453125
0 0.4859375 0.475 0.04296875 0.03515625
0 0.56875 0.425 0.03828125 0.04296875
0 0.465625 0.28984375 0.0375 0.03515625