0 0.4 0.940625 0.03046875 0.08125
0 0.45390625 0.8546875 0.0234375 0.06875
0 0.44296875 0.94375 0.028125 0.0796875
0 0.47578125 0.96484375 0.025 0.06328125
0 0.46171875 0.528125 0.01640625 0.03671875
0 0.47890625 0.5953125 0.01640625 0.0390625
0 0.5015625 0.59375 0.01640625 0.0390625
0 0.49453125 0.51875 0.01484375 0.03359375
0 0.48828125 0.459375 0.015625 0.0296875
0 0.540625 0.43515625 0.0125 0.03359375
0 0.5046875 0.384375 0.0140625 0.028125
0 0.521875 0.4203125 0.0125 0.02578125
2 0.6390625 0.42109375 0.02734375 0.0609375
0 0.6140625 0.4 0.0125 0.021875
0 0.5828125 0.3765625 0.021875 0.02421875
2 0.56171875 0.36875 0.015625 0.0484375
0 0.6609375 0.44296875 0.0109375 0.021875
0 0.56875 0.34453125 0.0109375 0.01875