0 0.334375 0.2015625 0.046875 0.0484375
0 0.0828125 0.2640625 0.07109375 0.05
0 0.3953125 0.26484375 0.0359375 0.06328125
0 0.2640625 0.534375 0.065625 0.10546875
0 0.296875 0.6234375 0.0609375 0.13125
0 0.41796875 0.321875 0.0375 0.0703125
0 0.3375 0.74609375 0.071875 0.178125
0 0.4734375 0.26640625 0.0296875 0.059375
0 0.4515625 0.48984375 0.03984375 0.10546875
0 0.403125 0.921875 0.06875 0.1484375
0 0.58828125 0.025 0.0125 0.02421875
0 0.6140625 0.028125 0.0140625 0.02578125
0 0.5859375 0.0765625 0.015625 0.03125
0 0.56953125 0.10859375 0.01953125 0.03515625
0 0.60546875 0.53359375 0.040625 0.1109375
0 0.58359375 0.3015625 0.03203125 0.0703125
0 0.58125 0.1890625 0.0234375 0.0515625
0 0.4625 0.13671875 0.02421875 0.0484375
0 0.49140625 0.14609375 0.021875 0.04453125
0 0.44375 0.23203125 0.028125 0.05703125
0 0.43671875 0.13359375 0.0234375 0.040625
0 0.49375 0.015625 0.01640625 0.02421875
0 0.45625 0.0515625 0.021875 0.0296875
0 0.48515625 0.065625 0.01875 0.03515625
0 0.50703125 0.0546875 0.01640625 0.03515625
0 0.5265625 0.2203125 0.028125 0.0515625
0 0.521875 0.18203125 0.021875 0.04609375
0 0.3953125 0.14375 0.0296875 0.05
0 0.95 0.34296875 0.07890625 0.059375