0 0.10234375 0.89296875 0.10625 0.19296875
0 0.3953125 0.15 0.0296875 0.0484375
0 0.2375 0.2390625 0.0640625 0.0515625
0 0.2265625 0.85625 0.0921875 0.2015625
0 0.42421875 0.16328125 0.02421875 0.0484375
0 0.36875 0.28828125 0.040625 0.0609375
0 0.35703125 0.38515625 0.0421875 0.078125
0 0.4453125 0.209375 0.0296875 0.0515625
0 0.396875 0.42578125 0.04375 0.1
0 0.3578125 0.640625 0.05390625 0.1484375
0 0.48828125 0.15 0.021875 0.04453125
0 0.47734375 0.26171875 0.025 0.05703125
0 0.44296875 0.53984375 0.05 0.13515625
0 0.57421875 0.01640625 0.015625 0.0296875
0 0.60390625 0.03203125 0.01484375 0.02421875
0 0.596875 0.08515625 0.01640625 0.03671875
0 0.628125 0.10390625 0.01953125 0.03671875
0 0.6 0.1796875 0.021875 0.040625
0 0.59921875 0.25546875 0.0359375 0.05546875
0 0.6234375 0.87890625 0.06328125 0.2015625
0 0.596875 0.509375 0.0453125 0.11484375
0 0.59296875 0.3203125 0.034375 0.06640625
0 0.47421875 0.08203125 0.02265625 0.0390625
0 0.5015625 0.08515625 0.01875 0.03671875
0 0.459375 0.15078125 0.0234375 0.04296875
0 0.4515625 0.07890625 0.021875 0.03515625
0 0.46953125 0.0140625 0.01875 0.0203125
0 0.49140625 0.025 0.01640625 0.028125
0 0.5109375 0.01796875 0.0140625 0.028125
0 0.525 0.2203125 0.02734375 0.0515625
0 0.5203125 0.18125 0.021875 0.04453125
0 0.41484375 0.09453125 0.02421875 0.040625
0 0.94296875 0.3390625 0.07890625 0.059375