0 0.42734375 0.9703125 0.03046875 0.0515625
0 0.525 0.74296875 0.0234375 0.06328125
0 0.45 0.65625 0.021875 0.05390625
0 0.48359375 0.79296875 0.0234375 0.06328125
2 0.68671875 0.45546875 0.05078125 0.059375
0 0.82109375 0.5890625 0.13984375 0.25546875
0 0.5125 0.4265625 0.01171875 0.028125
0 0.51796875 0.35859375 0.0125 0.028125
0 0.55390625 0.315625 0.0125 0.02421875
0 0.5765625 0.303125 0.01171875 0.0203125
0 0.571875 0.36875 0.01171875 0.02578125
0 0.61796875 0.33671875 0.01171875 0.01875
0 0.62578125 0.38828125 0.0140625 0.0203125
2 0.6265625 0.428125 0.05 0.0484375
0 0.68359375 0.4984375 0.0140625 0.0296875
0 0.5796875 0.41640625 0.01875 0.021875