0 0.83671875 0.3859375 0.0375 0.03515625
0 0.82265625 0.346875 0.03828125 0.03515625
0 0.925 0.33515625 0.03828125 0.03359375
1 0.83671875 0.2859375 0.07734375 0.05390625
0 0.5328125 0.09140625 0.01875 0.071875
0 0.30625 0.315625 0.03828125 0.03515625
1 0.72421875 0.340625 0.0515625 0.040625
0 0.284375 0.44921875 0.03828125 0.03515625
0 0.32890625 0.36328125 0.0328125 0.03359375
0 0.42109375 0.31796875 0.03828125 0.03515625
0 0.48671875 0.35546875 0.03828125 0.03359375
0 0.503125 0.44453125 0.03203125 0.02578125
0 0.484375 0.403125 0.0328125 0.03515625
0 0.5796875 0.39609375 0.0328125 0.02578125
0 0.84453125 0.425 0.04296875 0.03515625
0 0.690625 0.44375 0.0421875 0.03515625
0 0.9375 0.38203125 0.0390625 0.03515625
0 0.3859375 0.54609375 0.04296875 0.03671875
0 0.53828125 0.58046875 0.03828125 0.03515625
0 0.67890625 0.5140625 0.0375 0.03515625
0 0.57421875 0.846875 0.02734375 0.071875
0 0.73203125 0.57890625 0.0421875 0.03515625
0 0.77734375 0.528125 0.0390625 0.04453125
0 0.20390625 0.41015625 0.03828125 0.03515625