0 0.36875 0.13671875 0.01953125 0.09609375
0 0.48828125 0.87421875 0.01953125 0.0890625
0 0.425 0.10390625 0.0203125 0.08125
0 0.1765625 0.6015625 0.0515625 0.0484375
0 0.396875 0.128125 0.01953125 0.07421875
0 0.459375 0.89296875 0.021875 0.09609375
0 0.521875 0.92578125 0.01953125 0.08515625
0 0.54765625 0.89453125 0.01875 0.0890625
0 0.7328125 0.80859375 0.04765625 0.071875
0 0.8125 0.734375 0.03125 0.08671875
0 0.73515625 0.6703125 0.04375 0.06640625
0 0.7328125 0.89296875 0.046875 0.0484375
0 0.853125 0.7140625 0.04296875 0.08359375
0 0.7375 0.9453125 0.046875 0.05
0 0.9203125 0.671875 0.040625 0.08125
0 0.89921875 0.5734375 0.0453125 0.0609375
0 0.9359375 0.56171875 0.03828125 0.05390625
0 0.96796875 0.53203125 0.0375 0.05390625
0 0.978125 0.62890625 0.0296875 0.08359375
0 0.9015625 0.83515625 0.04296875 0.05546875
0 0.909375 0.89453125 0.04609375 0.059375
0 0.8546875 0.96640625 0.046875 0.059375
0 0.8921875 0.684375 0.03828125 0.071875
0 0.42109375 0.31171875 0.01953125 0.08671875
0 0.36640625 0.38671875 0.0171875 0.09296875
0 0.3359375 0.328125 0.01953125 0.0890625
0 0.759375 0.19453125 0.04609375 0.07421875
0 0.89609375 0.0390625 0.0265625 0.078125
0 0.853125 0.06484375 0.04296875 0.0890625