0 0.803125 0.425 0.04375 0.03515625
0 0.37578125 0.6515625 0.03984375 0.078125
0 0.4328125 0.58046875 0.0515625 0.05703125
0 0.52421875 0.54921875 0.02265625 0.05
2 0.63359375 0.6390625 0.0671875 0.21484375
0 0.5296875 0.73046875 0.028125 0.090625
0 0.53515625 0.928125 0.04296875 0.13671875
0 0.5921875 0.81640625 0.0390625 0.10390625
0 0.67265625 0.94140625 0.05078125 0.11328125
0 0.5640625 0.5796875 0.0265625 0.0703125
0 0.56328125 0.2984375 0.0140625 0.03359375
0 0.43046875 0.28671875 0.0140625 0.03359375
0 0.9359375 0.3859375 0.0421875 0.0390625