0 0.4828125 0.9640625 0.0234375 0.06875
0 0.08671875 0.64140625 0.0640625 0.05703125
0 0.78984375 0.8953125 0.05625 0.090625
0 0.8890625 0.90703125 0.034375 0.1109375
0 0.78984375 0.72109375 0.0546875 0.07578125
0 0.940625 0.778125 0.0546875 0.10390625
0 0.98125 0.74296875 0.03515625 0.10703125
0 0.63984375 0.22421875 0.0546875 0.07421875
0 0.6921875 0.390625 0.05078125 0.0703125
0 0.634375 0.4984375 0.0515625 0.07421875
0 0.7390625 0.421875 0.05546875 0.07421875
0 0.971875 0.21953125 0.0546875 0.06484375
0 0.85859375 0.284375 0.0546875 0.0609375
0 0.78125 0.3234375 0.0546875 0.06484375
0 0.89609375 0.33515625 0.0578125 0.0703125