0 0.48671875 0.95546875 0.02421875 0.078125
0 0.103125 0.6390625 0.06328125 0.059375
0 0.784375 0.88515625 0.05546875 0.08125
0 0.884375 0.815625 0.0390625 0.10546875
0 0.784375 0.715625 0.05390625 0.071875
0 0.78359375 0.97578125 0.05546875 0.03671875
0 0.93046875 0.76875 0.05390625 0.1
0 0.978125 0.5984375 0.0390625 0.06328125
0 0.9765625 0.734375 0.0453125 0.1015625
0 0.39921875 0.95625 0.028125 0.0796875
0 0.42890625 0.7859375 0.0453125 0.109375
0 0.66484375 0.3953125 0.0484375 0.05703125
0 0.53515625 0.48828125 0.053125 0.07578125
0 0.4640625 0.6046875 0.0484375 0.090625
0 0.571875 0.57109375 0.05625 0.08671875
0 0.78828125 0.053125 0.03828125 0.0984375