0 0.48671875 0.9546875 0.02421875 0.0796875
0 0.10546875 0.6390625 0.0625 0.05546875
0 0.78203125 0.884375 0.0546875 0.0796875
0 0.8796875 0.81328125 0.0390625 0.10390625
0 0.7828125 0.71484375 0.0515625 0.0703125
0 0.7828125 0.97578125 0.05390625 0.03671875
0 0.92734375 0.76796875 0.05390625 0.0984375
0 0.97734375 0.59921875 0.04375 0.06484375
0 0.978125 0.91796875 0.040625 0.0609375
0 0.9734375 0.73203125 0.04765625 0.0984375
0 0.4078125 0.85859375 0.040625 0.109375
0 0.63125 0.4203125 0.0484375 0.059375
0 0.50625 0.521875 0.0515625 0.078125
0 0.4390625 0.65546875 0.04765625 0.09609375
0 0.5484375 0.5984375 0.0546875 0.08515625
0 0.7875 0.0609375 0.03984375 0.09609375