0 0.4046875 0.28515625 0.0171875 0.03671875
0 0.5578125 0.28515625 0.01875 0.040625
0 0.6953125 0.12421875 0.125 0.20703125
0 0.56953125 0.4453125 0.0234375 0.06484375
0 0.6515625 0.6703125 0.0375 0.09609375
0 0.465625 0.375 0.02421875 0.05
0 0.8640625 0.40859375 0.05625 0.05390625
0 0.81953125 0.51171875 0.0703125 0.0609375
0 0.59609375 0.20078125 0.03046875 0.08671875
0 0.596875 0.31328125 0.015625 0.04453125
0 0.525 0.42421875 0.0265625 0.059375
0 0.5875 0.92890625 0.04296875 0.13515625
0 0.94609375 0.3890625 0.0546875 0.0484375