0 0.49140625 0.93984375 0.02421875 0.09453125
0 0.140625 0.63359375 0.05625 0.0484375
0 0.4578125 0.953125 0.01953125 0.090625
0 0.55859375 0.96015625 0.0234375 0.071875
0 0.765625 0.86171875 0.05078125 0.071875
0 0.853125 0.78515625 0.03828125 0.09296875
0 0.76484375 0.70859375 0.05 0.0609375
0 0.76484375 0.959375 0.05078125 0.0515625
0 0.9 0.75390625 0.05078125 0.08515625
0 0.97421875 0.70859375 0.04609375 0.09453125
0 0.946875 0.590625 0.04609375 0.059375
0 0.98359375 0.58359375 0.03125 0.06328125
0 0.9546875 0.8953125 0.0515625 0.0609375
0 0.96171875 0.95703125 0.053125 0.059375
0 0.94296875 0.721875 0.0421875 0.08515625
0 0.409375 0.7265625 0.03984375 0.08359375
0 0.41640625 0.878125 0.03984375 0.1
0 0.78046875 0.27109375 0.0484375 0.05703125
0 0.415625 0.03515625 0.0203125 0.0703125
0 0.3546875 0.04609375 0.021875 0.0921875
0 0.775 0.11640625 0.03828125 0.09296875