0 0.56171875 0.40390625 0.02421875 0.0484375
0 0.6953125 0.12421875 0.125 0.20703125
0 0.584375 0.7203125 0.0375 0.10703125
0 0.66484375 0.86328125 0.05 0.1296875
0 0.459375 0.29375 0.0171875 0.05703125
0 0.49296875 0.33359375 0.0203125 0.04453125
0 0.85078125 0.39453125 0.05390625 0.05546875
0 0.678125 0.553125 0.053125 0.06875
0 0.590625 0.23515625 0.0265625 0.09609375
0 0.60703125 0.3765625 0.02421875 0.05
0 0.5265625 0.2515625 0.01875 0.03671875
2 0.63671875 0.67890625 0.071875 0.23515625
0 0.5328125 0.9234375 0.034375 0.0390625
0 0.59453125 0.86328125 0.03984375 0.1296875
0 0.5171875 0.71796875 0.0359375 0.109375
0 0.93359375 0.36640625 0.0546875 0.0484375