0 0.77890625 0.384375 0.04375 0.03515625
0 0.39921875 0.53203125 0.02734375 0.0609375
0 0.46171875 0.534375 0.03515625 0.0609375
0 0.52265625 0.53203125 0.02265625 0.05
2 0.6234375 0.59609375 0.05625 0.19296875
0 0.5265625 0.66796875 0.02734375 0.071875
0 0.53046875 0.81953125 0.0375 0.11328125
0 0.58359375 0.73203125 0.03203125 0.0796875
0 0.596875 0.8546875 0.04296875 0.12421875
0 0.653125 0.84140625 0.046875 0.11640625
0 0.55859375 0.56015625 0.02734375 0.05390625
0 0.56171875 0.290625 0.015625 0.03359375
0 0.4375 0.25546875 0.0140625 0.03359375
0 0.91640625 0.35625 0.03984375 0.04296875