0 0.36640625 0.05390625 0.01953125 0.09609375
0 0.4890625 0.89609375 0.0203125 0.0890625
0 0.425 0.028125 0.01953125 0.05546875
0 0.17265625 0.61875 0.0515625 0.0484375
0 0.3953125 0.0796875 0.01953125 0.07421875
0 0.459375 0.90703125 0.021875 0.09609375
0 0.521875 0.94140625 0.01953125 0.08359375
0 0.5484375 0.91484375 0.0203125 0.09296875
0 0.73671875 0.828125 0.04765625 0.0703125
0 0.81640625 0.753125 0.03125 0.08671875
0 0.7359375 0.68671875 0.0453125 0.06328125
0 0.73515625 0.9140625 0.04609375 0.04609375
0 0.859375 0.73046875 0.04296875 0.0796875
0 0.74140625 0.96640625 0.046875 0.0484375
0 0.92578125 0.68515625 0.040625 0.08515625
0 0.90546875 0.58671875 0.0453125 0.059375
0 0.94140625 0.57578125 0.0390625 0.05546875
0 0.975 0.5484375 0.0375 0.0515625
0 0.984375 0.64375 0.02734375 0.08359375
0 0.90703125 0.85546875 0.04296875 0.05546875
0 0.915625 0.91484375 0.04609375 0.059375
0 0.8609375 0.97578125 0.046875 0.04453125
0 0.8984375 0.7046875 0.0390625 0.0796875
0 0.421875 0.2046875 0.01953125 0.08671875
0 0.36640625 0.275 0.0171875 0.08671875
0 0.3359375 0.215625 0.01953125 0.08359375
0 0.76328125 0.20703125 0.04609375 0.07421875
0 0.90234375 0.040625 0.02734375 0.08125
0 0.85859375 0.07421875 0.0453125 0.09296875