0 0.49140625 0.9203125 0.02265625 0.09296875
0 0.159375 0.63359375 0.0515625 0.0484375
0 0.39140625 0.03671875 0.0203125 0.0734375
0 0.45859375 0.940625 0.01875 0.1
0 0.52421875 0.96484375 0.0203125 0.06640625
0 0.553125 0.9484375 0.01953125 0.09609375
0 0.7484375 0.8546875 0.0484375 0.06875
0 0.83125 0.7703125 0.034375 0.09296875
0 0.7484375 0.70078125 0.05 0.0609375
0 0.74765625 0.94140625 0.04765625 0.05
0 0.87578125 0.74609375 0.05 0.08515625
0 0.94609375 0.696875 0.03984375 0.08671875
0 0.91953125 0.59453125 0.03984375 0.05546875
0 0.95859375 0.5890625 0.0421875 0.06328125
0 0.9234375 0.8765625 0.04765625 0.0609375
0 0.9328125 0.94140625 0.04765625 0.0609375
0 0.915625 0.71875 0.0375 0.08515625
0 0.58671875 0.203125 0.040625 0.0796875
0 0.41875 0.06640625 0.01875 0.09296875
0 0.3609375 0.0796875 0.01953125 0.0890625
0 0.33046875 0.05078125 0.01640625 0.08671875
0 0.76328125 0.17109375 0.0421875 0.08671875