0 0.4828125 0.959375 0.02421875 0.0703125
0 0.08984375 0.6390625 0.0640625 0.05546875
0 0.790625 0.89296875 0.05546875 0.08515625
0 0.89609375 0.8515625 0.034375 0.10703125
0 0.7921875 0.72109375 0.0546875 0.07578125
0 0.940625 0.771875 0.0546875 0.10390625
0 0.98125 0.73671875 0.03515625 0.10703125
0 0.52421875 0.571875 0.05 0.08125
0 0.43046875 0.77890625 0.04296875 0.090625
0 0.5953125 0.5265625 0.05625 0.07578125
0 0.840625 0.284375 0.053125 0.05703125
0 0.7125 0.34921875 0.05546875 0.06484375
0 0.63046875 0.409375 0.05390625 0.0703125
0 0.74296875 0.41328125 0.059375 0.07421875
0 0.79140625 0.03203125 0.0390625 0.0640625