0 0.56328125 0.4234375 0.02421875 0.05
0 0.6953125 0.12421875 0.125 0.20703125
0 0.59140625 0.81875 0.0421875 0.13359375
0 0.66953125 0.89375 0.0515625 0.14296875
0 0.46640625 0.253125 0.01875 0.05
0 0.490625 0.409375 0.02265625 0.0515625
0 0.8421875 0.36640625 0.046875 0.059375
0 0.6515625 0.55546875 0.04296875 0.078125
0 0.58984375 0.240625 0.02734375 0.1
0 0.60859375 0.38046875 0.02421875 0.0609375
0 0.5234375 0.278125 0.01953125 0.04453125
0 0.52890625 0.18046875 0.01875 0.0390625
0 0.55 0.2359375 0.01484375 0.0390625
2 0.58671875 0.23828125 0.03125 0.09453125
0 0.5203125 0.28125 0.01953125 0.04453125
0 0.55234375 0.23828125 0.01640625 0.04296875
0 0.5203125 0.828125 0.0453125 0.1515625
0 0.92265625 0.34375 0.05390625 0.04296875