0 0.371875 0.43671875 0.03046875 0.06640625
0 0.6265625 0.94375 0.04765625 0.109375
0 0.559375 0.23203125 0.0171875 0.0390625
0 0.6953125 0.12421875 0.125 0.20703125
0 0.56640625 0.33984375 0.021875 0.05
0 0.71328125 0.61796875 0.06328125 0.08359375
0 0.47890625 0.4453125 0.03828125 0.07578125
0 0.88203125 0.4296875 0.0625 0.0515625
0 0.9640625 0.5015625 0.06875 0.059375
0 0.60546875 0.190625 0.0234375 0.08125
0 0.6 0.2859375 0.0203125 0.04296875
0 0.53046875 0.33046875 0.02421875 0.05703125
0 0.58125 0.67421875 0.03203125 0.1109375
0 0.96796875 0.41015625 0.05546875 0.04609375