0 0.3734375 0.4953125 0.01875 0.09453125
0 0.4921875 0.7 0.01953125 0.08125
0 0.5546875 0.26328125 0.040625 0.0703125
0 0.375 0.07421875 0.0171875 0.07421875
0 0.1921875 0.43984375 0.05 0.04609375
0 0.39921875 0.04140625 0.01875 0.0796875
0 0.3421875 0.13046875 0.01875 0.0796875
0 0.4015625 0.32109375 0.01875 0.0796875
0 0.428125 0.15 0.01953125 0.08515625
0 0.46328125 0.72109375 0.0203125 0.090625
0 0.5234375 0.75390625 0.01953125 0.08515625
0 0.5484375 0.72109375 0.01875 0.08671875
0 0.55390625 0.84921875 0.01953125 0.09453125
0 0.72734375 0.640625 0.0453125 0.06640625
0 0.803125 0.571875 0.03046875 0.08125
0 0.49375 0.815625 0.0203125 0.08359375
0 0.52421875 0.89296875 0.0203125 0.1
0 0.728125 0.50546875 0.04375 0.059375
0 0.7265625 0.7203125 0.0453125 0.0484375
0 0.8453125 0.55 0.0421875 0.078125
0 0.73125 0.76953125 0.04375 0.05
0 0.90703125 0.5109375 0.040625 0.08125
0 0.8875 0.4203125 0.0453125 0.06328125
0 0.9203125 0.40859375 0.03828125 0.05390625
0 0.95625 0.3796875 0.040625 0.0484375
0 0.9640625 0.46796875 0.0296875 0.08359375
0 0.88515625 0.665625 0.03984375 0.05390625
0 0.89609375 0.72578125 0.0421875 0.05546875
0 0.8453125 0.7859375 0.04296875 0.05703125
0 0.853125 0.82890625 0.04609375 0.04609375
0 0.84921875 0.87890625 0.04765625 0.05
0 0.90078125 0.915625 0.04609375 0.05703125
0 0.9078125 0.96328125 0.0453125 0.059375
0 0.8515625 0.934375 0.046875 0.04296875
0 0.490625 0.95625 0.01953125 0.0796875
0 0.88125 0.5265625 0.03515625 0.07578125
0 0.425 0.6984375 0.0203125 0.08515625
0 0.371875 0.7984375 0.01875 0.09296875
0 0.34140625 0.76875 0.01875 0.08515625
0 0.72265625 0.0640625 0.0453125 0.05390625