0 0.48515625 0.959375 0.025 0.0703125
0 0.090625 0.6390625 0.0640625 0.05546875
0 0.790625 0.89140625 0.05546875 0.08359375
0 0.89453125 0.83828125 0.0390625 0.109375
0 0.7921875 0.72109375 0.0546875 0.07578125
0 0.940625 0.7703125 0.0546875 0.10390625
0 0.98359375 0.58984375 0.0296875 0.04609375
0 0.9796875 0.7359375 0.03828125 0.10546875
0 0.46953125 0.66796875 0.05 0.090625
0 0.3984375 0.94375 0.03125 0.09453125
0 0.53828125 0.58515625 0.0546875 0.08515625
0 0.78515625 0.31640625 0.053125 0.059375
0 0.6609375 0.3796875 0.05390625 0.06328125
0 0.571875 0.45859375 0.0546875 0.071875
0 0.68359375 0.46015625 0.0609375 0.0796875
0 0.78984375 0.03671875 0.0390625 0.0734375