0 0.3703125 0.2453125 0.01875 0.09453125
0 0.490625 0.83046875 0.0203125 0.08671875
0 0.44296875 0.18046875 0.03046875 0.0796875
0 0.18203125 0.56015625 0.0515625 0.05
0 0.39921875 0.18203125 0.01875 0.0796875
0 0.4609375 0.85 0.021875 0.09609375
0 0.52265625 0.88125 0.01953125 0.08515625
0 0.5484375 0.84921875 0.01875 0.08671875
0 0.73125 0.76484375 0.04609375 0.0703125
0 0.809375 0.69453125 0.03125 0.08515625
0 0.49140625 0.9484375 0.0234375 0.09296875
0 0.73125 0.6296875 0.04375 0.059375
0 0.7328125 0.84921875 0.046875 0.05
0 0.85 0.6703125 0.0421875 0.08125
0 0.7359375 0.8984375 0.046875 0.0515625
0 0.91796875 0.628125 0.040625 0.08125
0 0.896875 0.5296875 0.04609375 0.06328125
0 0.93203125 0.5234375 0.03828125 0.05390625
0 0.96484375 0.49375 0.0390625 0.05390625
0 0.9734375 0.584375 0.0296875 0.08359375
0 0.8953125 0.790625 0.04296875 0.05546875
0 0.90625 0.8515625 0.0453125 0.059375
0 0.85234375 0.9140625 0.04375 0.0609375
0 0.8609375 0.95859375 0.04765625 0.05390625
0 0.88984375 0.64375 0.03828125 0.071875
0 0.42421875 0.42578125 0.0203125 0.08515625
0 0.36875 0.51484375 0.01875 0.09296875
0 0.3390625 0.44609375 0.01875 0.08515625
0 0.7546875 0.16015625 0.0484375 0.071875
0 0.85 0.03671875 0.040625 0.0734375