0 0.5671875 0.459375 0.0265625 0.06640625
0 0.5984375 0.95546875 0.0375 0.08515625
0 0.6734375 0.934375 0.04609375 0.1203125
0 0.48515625 0.51640625 0.03046875 0.07421875
0 0.8375 0.35625 0.046875 0.05390625
0 0.63984375 0.56484375 0.0375 0.08125
0 0.6109375 0.403125 0.02421875 0.0609375
2 0.58671875 0.24453125 0.0328125 0.10703125
0 0.521875 0.2984375 0.02265625 0.0515625
0 0.54921875 0.26171875 0.01640625 0.04296875
0 0.51875 0.96015625 0.0359375 0.07578125
0 0.91328125 0.3359375 0.053125 0.04296875