0 0.4984375 0.33984375 0.01875 0.07578125
0 0.4375 0.28984375 0.0171875 0.08359375
0 0.7625 0.2296875 0.0421875 0.0484375
0 0.4125 0.13828125 0.01953125 0.0796875
0 0.3875 0.42890625 0.0171875 0.07578125
0 0.2140625 0.2984375 0.046875 0.04453125
0 0.40859375 0.340625 0.01875 0.07421875
0 0.346875 0.50859375 0.01875 0.0796875
0 0.4140625 0.7015625 0.0171875 0.078125
0 0.4390625 0.59375 0.01953125 0.08359375
0 0.47265625 0.41328125 0.01953125 0.0890625
0 0.528125 0.475 0.01953125 0.08359375
0 0.55546875 0.47890625 0.01875 0.08359375
0 0.5578125 0.621875 0.01875 0.0890625
0 0.5296875 0.83515625 0.01875 0.08125
0 0.72578125 0.49453125 0.0421875 0.06328125
0 0.8 0.43515625 0.03046875 0.08125
0 0.50078125 0.63203125 0.01953125 0.08359375
0 0.52890625 0.6765625 0.0203125 0.08671875
0 0.728125 0.37109375 0.040625 0.05
0 0.72578125 0.571875 0.04296875 0.0484375
0 0.83828125 0.41171875 0.0421875 0.07578125
0 0.7296875 0.61796875 0.04296875 0.04609375
0 0.89921875 0.37421875 0.03828125 0.078125
0 0.88125 0.28984375 0.04296875 0.05703125
0 0.91328125 0.275 0.0359375 0.05703125
0 0.94609375 0.253125 0.0390625 0.05
0 0.95390625 0.33515625 0.0296875 0.08125
0 0.8828125 0.52109375 0.04296875 0.04609375
0 0.8875 0.578125 0.040625 0.05546875
0 0.83984375 0.6359375 0.0390625 0.05390625
0 0.846875 0.671875 0.04296875 0.04453125
0 0.84296875 0.72109375 0.0453125 0.04609375
0 0.84296875 0.8265625 0.04296875 0.04296875
0 0.8921875 0.75859375 0.04296875 0.05
0 0.89921875 0.8 0.0453125 0.059375
0 0.534375 0.95859375 0.01953125 0.07578125
0 0.9859375 0.3109375 0.025 0.07421875
0 0.84453125 0.77421875 0.046875 0.040625
0 0.4984375 0.76875 0.01953125 0.08125
0 0.97734375 0.21484375 0.040625 0.05546875
0 0.871875 0.38671875 0.0359375 0.07421875
2 0.3390625 0.1140625 0.04296875 0.21328125