0 0.2796875 0.83671875 0.05546875 0.140625
0 0.6203125 0.7890625 0.04609375 0.121875
0 0.44453125 0.29140625 0.0265625 0.0609375
0 0.6953125 0.12421875 0.125 0.20703125
0 0.5703125 0.28203125 0.021875 0.04609375
0 0.86796875 0.65 0.0859375 0.0703125
0 0.50234375 0.559375 0.0515625 0.08515625
0 0.92890625 0.503125 0.0703125 0.071875
0 0.475 0.92421875 0.0484375 0.140625
0 0.61328125 0.1984375 0.02734375 0.08515625
0 0.61171875 0.29140625 0.0203125 0.04296875
0 0.53828125 0.2796875 0.0234375 0.0484375
0 0.5796875 0.54609375 0.03046875 0.08125