0 0.41484375 0.23984375 0.0171875 0.0390625
0 0.559375 0.32578125 0.01875 0.040625
0 0.6953125 0.12421875 0.125 0.20703125
0 0.57109375 0.5234375 0.02734375 0.06875
0 0.65078125 0.7296875 0.03984375 0.1109375
0 0.46015625 0.35546875 0.021875 0.0515625
0 0.8609375 0.403125 0.05625 0.05390625
0 0.76484375 0.5296875 0.06875 0.06328125
0 0.59296875 0.21328125 0.028125 0.0890625
0 0.60078125 0.33515625 0.015625 0.04453125
0 0.5234375 0.50859375 0.0328125 0.06875
0 0.94375 0.3890625 0.0546875 0.0484375