0 0.36953125 0.1890625 0.0203125 0.09609375
0 0.4890625 0.8546875 0.0203125 0.08671875
0 0.43203125 0.14453125 0.02421875 0.08125
0 0.178125 0.58359375 0.0515625 0.0484375
0 0.39765625 0.1546875 0.01953125 0.07578125
0 0.459375 0.87578125 0.021875 0.09609375
0 0.521875 0.90703125 0.01953125 0.08515625
0 0.54765625 0.875 0.01875 0.08671875
0 0.7328125 0.78984375 0.046875 0.071875
0 0.8109375 0.715625 0.03125 0.08671875
0 0.490625 0.96328125 0.02265625 0.0703125
0 0.7328125 0.6515625 0.04375 0.06328125
0 0.73359375 0.8734375 0.046875 0.05
0 0.85234375 0.69453125 0.0421875 0.08125
0 0.7375 0.92421875 0.046875 0.0515625
0 0.91875 0.6515625 0.040625 0.08125
0 0.8984375 0.55390625 0.0453125 0.06328125
0 0.934375 0.5453125 0.03828125 0.05390625
0 0.965625 0.515625 0.0375 0.05390625
0 0.97578125 0.60859375 0.0296875 0.08359375
0 0.8984375 0.81640625 0.04296875 0.05546875
0 0.9078125 0.87578125 0.04609375 0.059375
0 0.85234375 0.9515625 0.0453125 0.078125
0 0.89140625 0.665625 0.03828125 0.071875
0 0.421875 0.36953125 0.01953125 0.08671875
0 0.36640625 0.45 0.01875 0.09296875
0 0.3375 0.38515625 0.01875 0.0890625
0 0.75703125 0.18125 0.046875 0.07421875
0 0.89609375 0.03046875 0.0265625 0.0609375
0 0.8515625 0.05 0.040625 0.08515625