0 0.3796875 0.66171875 0.01875 0.09453125
0 0.49296875 0.5984375 0.01953125 0.08125
0 0.62421875 0.26328125 0.040625 0.06328125
0 0.3796875 0.14296875 0.0171875 0.07421875
0 0.2 0.365625 0.05 0.04609375
0 0.4015625 0.09609375 0.01875 0.07421875
0 0.34453125 0.23125 0.01875 0.08125
0 0.40546875 0.4046875 0.01875 0.0796875
0 0.43046875 0.25546875 0.01953125 0.08515625
0 0.46640625 0.63359375 0.0203125 0.09296875
0 0.525 0.65703125 0.01953125 0.08515625
0 0.55 0.63984375 0.01875 0.08671875
0 0.5546875 0.76171875 0.01953125 0.09453125
0 0.525 0.9234375 0.01875 0.08359375
0 0.72734375 0.56328125 0.04375 0.06328125
0 0.80234375 0.4984375 0.03046875 0.08125
0 0.496875 0.73125 0.021875 0.0890625
0 0.52578125 0.80703125 0.0203125 0.08515625
0 0.72578125 0.43671875 0.04375 0.059375
0 0.7265625 0.6390625 0.0453125 0.0484375
0 0.84140625 0.47421875 0.0421875 0.078125
0 0.73046875 0.69375 0.0453125 0.05
0 0.90390625 0.43828125 0.03984375 0.0796875
0 0.88359375 0.3484375 0.0453125 0.059375
0 0.91875 0.3359375 0.03828125 0.05390625
0 0.95234375 0.3140625 0.03984375 0.05
0 0.96015625 0.40078125 0.0296875 0.08359375
0 0.88359375 0.59140625 0.0421875 0.05390625
0 0.89375 0.64609375 0.04296875 0.05546875
0 0.8421875 0.71015625 0.04296875 0.05703125
0 0.85 0.746875 0.04609375 0.04609375
0 0.84609375 0.7953125 0.04765625 0.05
0 0.84765625 0.90078125 0.04296875 0.05
0 0.896875 0.83046875 0.04609375 0.05703125
0 0.9046875 0.878125 0.0453125 0.059375
0 0.98984375 0.3734375 0.01640625 0.07578125
0 0.84765625 0.84921875 0.046875 0.04296875
0 0.49375 0.871875 0.0203125 0.08515625
0 0.87734375 0.45078125 0.0359375 0.07578125
0 0.43046875 0.85 0.01953125 0.0890625
0 0.37421875 0.96484375 0.01875 0.06640625
0 0.34296875 0.95625 0.01875 0.07578125
0 0.7015625 0.02421875 0.0421875 0.0484375