0 0.37265625 0.4265625 0.01875 0.09453125
0 0.4921875 0.7359375 0.01953125 0.08359375
0 0.52265625 0.25390625 0.040625 0.07421875
0 0.37265625 0.03671875 0.0171875 0.0734375
0 0.1890625 0.47578125 0.05078125 0.0484375
0 0.396875 0.0296875 0.01875 0.059375
0 0.340625 0.08828125 0.01875 0.0796875
0 0.4015625 0.284375 0.01875 0.0796875
0 0.428125 0.1 0.01953125 0.08515625
0 0.4625 0.75703125 0.0203125 0.09296875
0 0.5234375 0.7890625 0.01953125 0.08515625
0 0.54921875 0.7546875 0.01875 0.08671875
0 0.55390625 0.884375 0.01953125 0.09453125
0 0.72890625 0.678125 0.04609375 0.0703125
0 0.80546875 0.60859375 0.03046875 0.08359375
0 0.49296875 0.8515625 0.0203125 0.08515625
0 0.52265625 0.9296875 0.0203125 0.1
0 0.72890625 0.54296875 0.04375 0.059375
0 0.728125 0.75546875 0.0453125 0.0484375
0 0.846875 0.584375 0.0421875 0.0796875
0 0.73359375 0.80703125 0.046875 0.0515625
0 0.909375 0.54453125 0.040625 0.08125
0 0.890625 0.45 0.0453125 0.06328125
0 0.92265625 0.44140625 0.03828125 0.05390625
0 0.959375 0.41484375 0.04296875 0.0484375
0 0.965625 0.5046875 0.0296875 0.08359375
0 0.89140625 0.703125 0.0421875 0.05
0 0.89765625 0.7640625 0.04375 0.05703125
0 0.84765625 0.8265625 0.04296875 0.05703125
0 0.8546875 0.865625 0.04609375 0.04609375
0 0.85 0.915625 0.04765625 0.05
0 0.903125 0.95390625 0.04609375 0.05546875
0 0.8515625 0.971875 0.0453125 0.0484375
0 0.8828125 0.56171875 0.03515625 0.071875
0 0.4265625 0.62578125 0.0203125 0.08515625
0 0.3703125 0.72421875 0.01875 0.09296875
0 0.340625 0.68359375 0.01875 0.08515625
0 0.73359375 0.0859375 0.046875 0.05