0 0.4859375 0.9515625 0.0234375 0.0890625
0 0.11796875 0.63515625 0.059375 0.0515625
0 0.44921875 0.96015625 0.0234375 0.071875
0 0.775 0.8765625 0.0515625 0.0796875
0 0.86875 0.79921875 0.0359375 0.0984375
0 0.775 0.71328125 0.05390625 0.06640625
0 0.77578125 0.971875 0.0515625 0.04453125
0 0.91640625 0.7640625 0.05390625 0.0984375
0 0.98359375 0.70625 0.03125 0.08671875
0 0.96484375 0.59453125 0.0453125 0.059375
0 0.9734375 0.91015625 0.0515625 0.06484375
0 0.978125 0.96953125 0.03984375 0.05390625
0 0.9625 0.728125 0.04375 0.09296875
0 0.5375 0.51015625 0.0453125 0.06484375
0 0.4203125 0.65703125 0.046875 0.09296875
0 0.3890625 0.84921875 0.0359375 0.0984375
0 0.49140625 0.684375 0.05078125 0.090625
0 0.96875 0.15546875 0.0546875 0.06640625
0 0.34296875 0.03359375 0.02265625 0.06640625
0 0.78359375 0.08515625 0.03984375 0.09609375