0 0.11640625 0.58828125 0.04375 0.05703125
0 0.18828125 0.603125 0.05078125 0.0609375
0 0.55078125 0.87578125 0.040625 0.08125
0 0.41953125 0.709375 0.05 0.059375
0 0.52578125 0.69296875 0.0421875 0.06640625
0 0.3234375 0.5453125 0.0375 0.04296875
0 0.2359375 0.65 0.04609375 0.059375
0 0.0765625 0.76953125 0.05390625 0.06484375
1 0.42890625 0.57578125 0.0578125 0.078125
0 0.2078125 0.78984375 0.0515625 0.06875
1 0.6296875 0.85703125 0.053125 0.09609375
0 0.31484375 0.7109375 0.0515625 0.059375
0 0.609375 0.24140625 0.03515625 0.04296875
1 0.63359375 0.25859375 0.0453125 0.06484375
0 0.66953125 0.22578125 0.0265625 0.04453125
0 0.71171875 0.171875 0.0296875 0.0484375
0 0.7765625 0.053125 0.025 0.04296875
0 0.75078125 0.12109375 0.0296875 0.04609375
0 0.52890625 0.33828125 0.0265625 0.06484375