0 0.503125 0.95625 0.05078125 0.07578125
1 0.40234375 0.28203125 0.0859375 0.090625
0 0.315625 0.30859375 0.046875 0.04296875
1 0.24140625 0.34453125 0.0734375 0.059375
0 0.2203125 0.29609375 0.04609375 0.03671875
1 0.1421875 0.33046875 0.08203125 0.0609375
0 0.10078125 0.384375 0.05859375 0.04609375
0 0.50703125 0.20625 0.02265625 0.0390625
0 0.475 0.1765625 0.01640625 0.03515625
0 0.5171875 0.15078125 0.0140625 0.028125
0 0.4953125 0.12890625 0.015625 0.03125
0 0.44921875 0.17109375 0.015625 0.03125
0 0.45390625 0.13828125 0.015625 0.02421875
0 0.4171875 0.10859375 0.0140625 0.028125
0 0.4109375 0.06875 0.0125 0.02578125
0 0.771875 0.35625 0.03125 0.04609375
0 0.80625 0.34453125 0.03125 0.0484375
0 0.5578125 0.03203125 0.0109375 0.02421875