0 0.18046875 0.04296875 0.0328125 0.0515625
0 0.01953125 0.56875 0.0390625 0.06328125
0 0.11484375 0.50078125 0.04765625 0.0609375
0 0.5390625 0.47421875 0.03125 0.06640625
0 0.63984375 0.34375 0.0328125 0.0609375
0 0.046875 0.7203125 0.0296875 0.0890625
0 0.2125 0.43046875 0.03828125 0.071875
0 0.47578125 0.0203125 0.028125 0.040625
0 0.5 0.60390625 0.0234375 0.07421875
0 0.53828125 0.565625 0.0296875 0.090625
0 0.5171875 0.33984375 0.03203125 0.0609375
0 0.54453125 0.34609375 0.028125 0.0515625
0 0.63359375 0.16328125 0.028125 0.0515625
0 0.6578125 0.1765625 0.028125 0.05390625
0 0.55234375 0.2859375 0.03203125 0.05390625
0 0.58203125 0.290625 0.0328125 0.06328125
0 0.58671875 0.2359375 0.028125 0.0609375
0 0.621875 0.22890625 0.028125 0.05390625
0 0.7515625 0.0234375 0.0234375 0.03515625
0 0.6921875 0.11875 0.02421875 0.0515625
1 0.7234375 0.0640625 0.040625 0.06875
1 0.2625 0.20703125 0.03828125 0.0890625
0 0.24296875 0.16328125 0.028125 0.04453125
0 0.21171875 0.09609375 0.03203125 0.0515625