0 0.9015625 0.29921875 0.03828125 0.04609375
0 0.08046875 0.49375 0.028125 0.0796875
0 0.134375 0.39453125 0.0359375 0.0515625
0 0.63671875 0.06875 0.0234375 0.0515625
0 0.659375 0.06328125 0.0234375 0.04453125
0 0.75625 0.0296875 0.028125 0.0515625
0 0.4984375 0.7734375 0.0296875 0.09453125
0 0.55546875 0.5953125 0.0390625 0.06875
0 0.646875 0.49609375 0.0359375 0.0515625
0 0.7625 0.3890625 0.0359375 0.0515625
0 0.85234375 0.3734375 0.0421875 0.05
0 0.53671875 0.4359375 0.0421875 0.05390625
0 0.55703125 0.4640625 0.0359375 0.05390625
1 0.9328125 0.215625 0.0375 0.04296875
0 0.7234375 0.309375 0.0359375 0.0515625
0 0.740625 0.346875 0.040625 0.05
0 0.596875 0.39375 0.03828125 0.05390625
0 0.6265625 0.42421875 0.040625 0.059375
0 0.64921875 0.36171875 0.03828125 0.05390625
0 0.6875 0.378125 0.0390625 0.0515625
0 0.89375 0.2390625 0.034375 0.04453125
0 0.79609375 0.30390625 0.03828125 0.0515625
1 0.85 0.26875 0.0484375 0.06328125
1 0.35859375 0.16015625 0.02421875 0.071875
0 0.353125 0.10546875 0.0234375 0.04453125
0 0.3421875 0.03671875 0.02421875 0.0515625
0 0.775 0.275 0.03828125 0.05