1 0.36875 0.30078125 0.09375 0.09453125
0 0.275 0.315625 0.05 0.03515625
1 0.2078125 0.34921875 0.078125 0.05703125
0 0.26796875 0.28203125 0.0421875 0.0390625
1 0.09609375 0.33984375 0.0828125 0.0609375
0 0.490625 0.234375 0.0296875 0.04296875
0 0.4640625 0.20390625 0.02265625 0.040625
0 0.5125 0.17578125 0.0171875 0.03671875
0 0.490625 0.15078125 0.01953125 0.03125
0 0.4484375 0.17109375 0.01640625 0.03125
0 0.453125 0.1390625 0.0171875 0.02578125
0 0.421875 0.09375 0.0140625 0.028125
0 0.4109375 0.0703125 0.0125 0.02578125
0 0.771875 0.35625 0.03125 0.04609375
0 0.80625 0.3453125 0.0296875 0.05
0 0.5578125 0.03203125 0.0109375 0.02421875