0 0.053125 0.12578125 0.0328125 0.03359375
0 0.30390625 0.36640625 0.0390625 0.0484375
0 0.2625 0.34375 0.03828125 0.04296875
0 0.37578125 0.928125 0.02421875 0.1
1 0.1359375 0.221875 0.040625 0.04453125
1 0.21875 0.203125 0.0375 0.04296875
0 0.2453125 0.25625 0.0390625 0.04609375
0 0.3125 0.2484375 0.03515625 0.04453125
0 0.7453125 0.45703125 0.0421875 0.04453125
1 0.76015625 0.4984375 0.0578125 0.05546875
0 0.81328125 0.52109375 0.0375 0.0390625
0 0.89140625 0.534375 0.0421875 0.0390625
0 0.84140625 0.49140625 0.03984375 0.0390625
0 0.96953125 0.54140625 0.05 0.04296875
0 0.38828125 0.30546875 0.034375 0.0484375
0 0.43515625 0.49375 0.02265625 0.05703125
0 0.0328125 0.35390625 0.03828125 0.040625
0 0.04765625 0.05859375 0.04765625 0.0609375
0 0.67734375 0.071875 0.0203125 0.0484375