0 0.215625 0.02421875 0.0328125 0.0484375
0 0.10078125 0.47421875 0.04765625 0.0515625
0 0.5890625 0.41640625 0.0328125 0.06328125
0 0.7234375 0.275 0.0328125 0.04609375
0 0.0515625 0.66484375 0.028125 0.0890625
0 0.196875 0.4296875 0.0390625 0.059375
0 0.50859375 0.03359375 0.02265625 0.040625
0 0.565625 0.86640625 0.03203125 0.08125
0 0.51328125 0.534375 0.03046875 0.06875
0 0.56171875 0.50703125 0.03828125 0.0703125
0 0.5296875 0.3546875 0.0328125 0.0609375
0 0.55625 0.36328125 0.028125 0.0515625
1 0.81640625 0.0265625 0.0328125 0.04609375
0 0.65546875 0.18671875 0.028125 0.0515625
0 0.68125 0.21015625 0.028125 0.05390625
0 0.56640625 0.3046875 0.0375 0.05390625
0 0.59765625 0.31796875 0.0328125 0.0609375
0 0.60390625 0.26171875 0.028125 0.0609375
0 0.64296875 0.25390625 0.034375 0.0515625
0 0.7875 0.0609375 0.0328125 0.04453125
0 0.7171875 0.15078125 0.0296875 0.05
1 0.75703125 0.1015625 0.0421875 0.0703125
1 0.2875 0.19375 0.0375 0.08671875
0 0.2671875 0.1390625 0.02421875 0.04453125
0 0.24296875 0.075 0.02421875 0.05
0 0.74609375 0.0640625 0.0328125 0.04296875