0 0.13359375 0.34609375 0.03125 0.0703125
0 0.165625 0.340625 0.028125 0.06328125
0 0.6796875 0.178125 0.0171875 0.0515625
1 0.725 0.175 0.01640625 0.0609375
0 0.75 0.1765625 0.01953125 0.05390625
0 0.8640625 0.18359375 0.02421875 0.059375
0 0.721875 0.58671875 0.04765625 0.04453125
0 0.94140625 0.58984375 0.040625 0.0390625
0 0.33515625 0.63984375 0.04375 0.071875
0 0.40390625 0.61953125 0.0359375 0.05703125
0 0.7 0.46796875 0.03984375 0.04296875
1 0.41484375 0.8640625 0.0421875 0.128125
0 0.728125 0.515625 0.05 0.04296875
0 0.484375 0.51171875 0.04296875 0.04609375
0 0.5703125 0.53515625 0.0453125 0.0484375
0 0.5921875 0.49140625 0.03984375 0.04296875
0 0.653125 0.521875 0.04375 0.040625
0 0.97578125 0.47578125 0.0453125 0.040625
0 0.80234375 0.49921875 0.03984375 0.04296875
0 0.33046875 0.91484375 0.034375 0.09609375
1 0.88984375 0.48828125 0.0625 0.05
0 0.41484375 0.103125 0.01875 0.05390625
1 0.43125 0.1546875 0.0234375 0.071875
0 0.4390625 0.1 0.015625 0.0484375
0 0.44140625 0.0265625 0.0171875 0.05
0 0.80234375 0.453125 0.03984375 0.04296875