0 0.16015625 0.57578125 0.04296875 0.059375
0 0.22890625 0.596875 0.05 0.0609375
0 0.521875 0.81328125 0.03984375 0.07421875
0 0.04296875 0.665625 0.0453125 0.06484375
0 0.3921875 0.7046875 0.046875 0.05390625
0 0.559375 0.73125 0.04296875 0.0703125
0 0.359375 0.55546875 0.0375 0.04453125
0 0.23671875 0.665625 0.04609375 0.0609375
0 0.04765625 0.825 0.0546875 0.06875
1 0.4578125 0.6015625 0.05859375 0.08125
0 0.17421875 0.84375 0.05390625 0.07578125
1 0.6703125 0.896875 0.0578125 0.0984375
0 0.2859375 0.74375 0.053125 0.06875
0 0.5984375 0.23359375 0.0359375 0.04453125
1 0.6234375 0.24609375 0.0453125 0.06640625
0 0.65703125 0.2109375 0.02421875 0.04453125
0 0.696875 0.15546875 0.0296875 0.0484375
0 0.765625 0.03203125 0.025 0.04296875
0 0.73359375 0.1046875 0.028125 0.04609375
0 0.53515625 0.3734375 0.02734375 0.06484375