0 0.496875 0.91328125 0.0546875 0.14453125
1 0.43125 0.265625 0.078125 0.08671875
0 0.353125 0.2890625 0.04296875 0.03671875
1 0.2796875 0.33203125 0.06328125 0.0609375
1 0.18515625 0.32890625 0.07734375 0.05703125
0 0.13671875 0.38046875 0.05859375 0.04609375
0 0.0171875 0.39921875 0.034375 0.04296875
0 0.5171875 0.17890625 0.01875 0.03515625
0 0.4828125 0.1546875 0.01640625 0.03515625
0 0.52265625 0.1265625 0.0140625 0.02421875
0 0.50078125 0.11015625 0.015625 0.03125
0 0.45 0.171875 0.015625 0.03359375
0 0.45234375 0.13828125 0.0140625 0.028125
0 0.4125 0.12890625 0.01640625 0.03125
0 0.4109375 0.06796875 0.0125 0.02421875
0 0.771875 0.35625 0.03125 0.04609375
0 0.80625 0.34375 0.03203125 0.04609375
0 0.5578125 0.03203125 0.0109375 0.02421875