0 0.4859375 0.84375 0.04609375 0.13125
1 0.45703125 0.24609375 0.06875 0.08515625
0 0.46328125 0.20703125 0.034375 0.03671875
0 0.3875 0.275 0.040625 0.0390625
1 0.31171875 0.31875 0.059375 0.05546875
0 0.096875 0.31796875 0.0515625 0.0390625
1 0.228125 0.31171875 0.075 0.05390625
0 0.52265625 0.15546875 0.0171875 0.040625
0 0.4859375 0.128125 0.01640625 0.03671875
0 0.525 0.103125 0.01484375 0.03125
0 0.50625 0.0890625 0.01484375 0.0296875
0 0.45 0.1703125 0.015625 0.03359375
0 0.45234375 0.13671875 0.0140625 0.0296875
0 0.4078125 0.14140625 0.0171875 0.03515625
0 0.4109375 0.06796875 0.0140625 0.03125
0 0.771875 0.35546875 0.03125 0.0484375
0 0.80625 0.34140625 0.03203125 0.04609375
0 0.03359375 0.36171875 0.0578125 0.05
0 0.5578125 0.02890625 0.0109375 0.02421875