0 0.225 0.2140625 0.0328125 0.05390625
0 0.253125 0.2265625 0.03203125 0.05703125
0 0.7671875 0.3234375 0.0203125 0.05703125
1 0.81953125 0.34921875 0.025 0.071875
0 0.84453125 0.3640625 0.02265625 0.0609375
0 0.978125 0.4390625 0.0265625 0.0703125
0 0.52265625 0.54296875 0.03984375 0.0515625
1 0.51484375 0.69609375 0.0609375 0.059375
0 0.55703125 0.61796875 0.04765625 0.05390625
0 0.1765625 0.79921875 0.046875 0.08671875
0 0.3390625 0.64921875 0.04765625 0.06484375
0 0.39609375 0.775 0.04609375 0.07578125
0 0.409375 0.540625 0.03984375 0.0484375
0 0.43515625 0.60546875 0.04609375 0.0484375
0 0.91875 0.78359375 0.05078125 0.05546875
0 0.67890625 0.66953125 0.03984375 0.05390625
0 0.2703125 0.821875 0.04375 0.08125
1 0.771875 0.7109375 0.065625 0.07421875
0 0.49609375 0.171875 0.02734375 0.05546875
1 0.52109375 0.1734375 0.03203125 0.07578125
0 0.53984375 0.12421875 0.01953125 0.0484375
0 0.56015625 0.05546875 0.0203125 0.0515625
0 0.6515625 0.59609375 0.0421875 0.0515625