0 0.4671875 0.64921875 0.034375 0.1015625
1 0.5125 0.13203125 0.0234375 0.071875
0 0.4953125 0.06640625 0.015625 0.0296875
0 0.48359375 0.15078125 0.0171875 0.028125
1 0.47890625 0.23984375 0.04375 0.0609375
1 0.42265625 0.2296875 0.0515625 0.05546875
0 0.51484375 0.03203125 0.0109375 0.03125
0 0.45 0.1640625 0.015625 0.03515625
0 0.45390625 0.13515625 0.01484375 0.03359375
0 0.34375 0.23828125 0.0328125 0.0390625
0 0.4109375 0.06640625 0.0140625 0.0296875
0 0.77265625 0.35390625 0.03046875 0.0515625
0 0.8078125 0.33984375 0.03046875 0.04609375
0 0.440625 0.028125 0.0125 0.021875
0 0.10078125 0.35078125 0.05078125 0.04296875