0 0.02890625 0.02890625 0.03203125 0.03515625
0 0.31953125 0.33828125 0.03828125 0.05
0 0.2828125 0.309375 0.03828125 0.0484375
1 0.10390625 0.1359375 0.03828125 0.04609375
1 0.1828125 0.12421875 0.03125 0.03671875
0 0.21171875 0.178125 0.03515625 0.04453125
0 0.2671875 0.175 0.0328125 0.0390625
0 0.75625 0.49296875 0.04296875 0.0484375
1 0.76875 0.534375 0.06171875 0.06484375
0 0.82265625 0.56796875 0.03828125 0.04296875
0 0.9046875 0.59140625 0.04296875 0.04296875
0 0.85 0.540625 0.04375 0.04453125
0 0.98125 0.61328125 0.0359375 0.04453125
0 0.34453125 0.23125 0.0328125 0.040625
0 0.403125 0.3609375 0.028125 0.0515625
0 0.434375 0.94609375 0.02734375 0.09296875
0 0.4703125 0.93046875 0.02421875 0.090625
0 0.06484375 0.290625 0.034375 0.04453125
0 0.0953125 0.01484375 0.034375 0.0296875
0 0.70625 0.071875 0.0203125 0.0484375