0 0.0671875 0.58671875 0.05078125 0.0515625
0 0.49375 0.83203125 0.0421875 0.1015625
0 0.4421875 0.58828125 0.040625 0.0609375
0 0.2203125 0.52109375 0.0359375 0.04609375
0 0.24375 0.58984375 0.04609375 0.05
0 0.14921875 0.634375 0.05 0.05
0 0.071875 0.7890625 0.053125 0.059375
1 0.3453125 0.503125 0.05625 0.05703125
0 0.30546875 0.66953125 0.046875 0.05
1 0.525 0.71640625 0.046875 0.08515625
0 0.40234375 0.665625 0.0484375 0.05
1 0.625 0.84921875 0.04296875 0.08671875
0 0.6109375 0.90625 0.0453125 0.09453125
0 0.64453125 0.271875 0.0375 0.040625
1 0.66796875 0.29453125 0.0484375 0.06328125
0 0.7078125 0.26953125 0.028125 0.04296875
0 0.75703125 0.221875 0.03046875 0.0484375
0 0.81328125 0.1359375 0.03125 0.0390625
0 0.803125 0.18046875 0.0328125 0.04609375
0 0.534375 0.24296875 0.021875 0.059375