0 0.2390625 0.40078125 0.0390625 0.0390625
0 0.26328125 0.47109375 0.03984375 0.04296875
0 0.21171875 0.4703125 0.04375 0.040625
0 0.32265625 0.58828125 0.0421875 0.05
1 0.13125 0.38671875 0.05546875 0.0484375
0 0.45546875 0.86484375 0.034375 0.09609375
1 0.32890625 0.42890625 0.04375 0.05390625
1 0.40703125 0.43671875 0.0359375 0.05546875
0 0.40546875 0.49921875 0.0375 0.06484375
0 0.4625 0.509375 0.0328125 0.06640625
0 0.7 0.35390625 0.0390625 0.03671875
1 0.7203125 0.3890625 0.0546875 0.0484375
0 0.76796875 0.38203125 0.034375 0.0390625
0 0.8328125 0.35703125 0.03828125 0.040625
0 0.8359375 0.325 0.0375 0.04296875
0 0.89453125 0.334375 0.040625 0.04609375
0 0.5125 0.68515625 0.0296875 0.078125
0 0.5859375 0.103125 0.021875 0.05390625