0 0.075 0.58828125 0.04375 0.05703125
0 0.15 0.6046875 0.053125 0.05703125
0 0.58203125 0.9546875 0.040625 0.08671875
0 0.4484375 0.73046875 0.0484375 0.071875
0 0.4953125 0.65703125 0.0421875 0.06640625
0 0.290625 0.53828125 0.0375 0.04296875
0 0.2375 0.6296875 0.04609375 0.059375
0 0.1046875 0.71484375 0.0515625 0.06328125
1 0.40234375 0.55 0.05625 0.07421875
0 0.24296875 0.73828125 0.05 0.06484375
1 0.59140625 0.81640625 0.05 0.09609375
0 0.34453125 0.68203125 0.05078125 0.05
0 0.6203125 0.25 0.034375 0.040625
1 0.64453125 0.26953125 0.0453125 0.06484375
0 0.68203125 0.2390625 0.028125 0.04453125
0 0.7265625 0.18671875 0.0296875 0.0484375
0 0.79140625 0.08203125 0.028125 0.04296875
0 0.76875 0.13671875 0.03125 0.0484375
0 0.52890625 0.303125 0.0265625 0.0609375