0 0.04609375 0.4234375 0.046875 0.05
0 0.74375 0.32109375 0.03828125 0.05390625
0 0.93125 0.19296875 0.0328125 0.04453125
0 0.06171875 0.5640625 0.028125 0.0796875
0 0.1515625 0.41171875 0.04296875 0.05
0 0.55859375 0.06015625 0.0234375 0.04296875
0 0.59609375 0.0390625 0.028125 0.0515625
0 0.61640625 0.0265625 0.0234375 0.04609375
0 0.5109375 0.75859375 0.0234375 0.090625
0 0.540625 0.59453125 0.02734375 0.06328125
0 0.6234375 0.4296875 0.0359375 0.0515625
0 0.696875 0.41171875 0.04296875 0.0609375
0 0.54375 0.39453125 0.040625 0.0515625
0 0.56953125 0.41328125 0.0359375 0.0515625
1 0.88125 0.12578125 0.034375 0.04453125
0 0.69296875 0.25390625 0.034375 0.0515625
0 0.715625 0.28359375 0.0421875 0.0515625
0 0.5875 0.353125 0.0375 0.05390625
0 0.61640625 0.3703125 0.03828125 0.059375
0 0.6296875 0.31953125 0.0328125 0.05390625
0 0.67265625 0.321875 0.03828125 0.0515625
0 0.8484375 0.159375 0.0328125 0.04453125
0 0.76171875 0.234375 0.0296875 0.05
1 0.8109375 0.1890625 0.046875 0.06328125
1 0.32578125 0.17109375 0.03046875 0.071875
0 0.3140625 0.11640625 0.0234375 0.04453125
0 0.29609375 0.05078125 0.02421875 0.05
0 0.75 0.19921875 0.0375 0.04296875