0 0.14453125 0.3265625 0.03125 0.06875
0 0.1765625 0.32421875 0.028125 0.06328125
0 0.69140625 0.19296875 0.0171875 0.0515625
1 0.7390625 0.19453125 0.0171875 0.06328125
0 0.7625 0.196875 0.01953125 0.05390625
0 0.8796875 0.21015625 0.02421875 0.05703125
0 0.78046875 0.603125 0.046875 0.04609375
0 0.296875 0.696875 0.04296875 0.0796875
0 0.37421875 0.65390625 0.03515625 0.059375
0 0.684375 0.4890625 0.0390625 0.04453125
1 0.4109375 0.83671875 0.04609375 0.12578125
0 0.71796875 0.53984375 0.05 0.04296875
0 0.45625 0.5296875 0.04375 0.0484375
0 0.5484375 0.55 0.04609375 0.0484375
0 0.57265625 0.50703125 0.0421875 0.04453125
0 0.634375 0.540625 0.0453125 0.040625
0 0.9828125 0.5203125 0.0328125 0.040625
0 0.79453125 0.5296875 0.03984375 0.040625
0 0.321875 0.89921875 0.03515625 0.0984375
1 0.88125 0.52421875 0.0640625 0.0515625
0 0.425 0.12109375 0.01953125 0.05390625
1 0.44453125 0.15546875 0.025 0.07421875
0 0.45390625 0.1015625 0.01640625 0.0484375
0 0.4578125 0.02890625 0.0171875 0.05
0 0.79296875 0.48203125 0.040625 0.04296875