0 0.2453125 0.5453125 0.040625 0.05703125
0 0.3078125 0.58359375 0.0484375 0.0515625
0 0.46796875 0.7296875 0.04296875 0.059375
0 0.64375 0.9453125 0.04765625 0.090625
0 0.14296875 0.63359375 0.0421875 0.059375
0 0.0953125 0.734375 0.0515625 0.06875
0 0.340625 0.73515625 0.04765625 0.06640625
0 0.64140625 0.80390625 0.046875 0.078125
0 0.43046875 0.5859375 0.0390625 0.05
0 0.24296875 0.69453125 0.04609375 0.06328125
1 0.52109375 0.653125 0.059375 0.090625
0 0.1140625 0.953125 0.05625 0.0796875
1 0.7546875 0.946875 0.05859375 0.090625
0 0.22890625 0.83359375 0.05546875 0.078125
0 0.584375 0.21796875 0.0328125 0.04609375
1 0.609375 0.22890625 0.040625 0.06875
0 0.63984375 0.19296875 0.02421875 0.04453125
0 0.6765625 0.13125 0.02734375 0.0515625
0 0.71015625 0.0765625 0.028125 0.05
0 0.55 0.44375 0.02734375 0.071875