0 0.02265625 0.57421875 0.0453125 0.0515625
0 0.51171875 0.90703125 0.040625 0.10703125
0 0.41484375 0.55703125 0.03984375 0.05546875
0 0.18046875 0.5140625 0.0359375 0.04609375
0 0.24609375 0.57109375 0.0453125 0.04609375
0 0.16484375 0.6015625 0.0484375 0.0484375
0 0.10859375 0.74375 0.053125 0.05390625
1 0.31328125 0.48671875 0.05625 0.0515625
0 0.33515625 0.6484375 0.046875 0.0484375
1 0.49453125 0.665625 0.04375 0.0796875
0 0.428125 0.68515625 0.04765625 0.06640625
1 0.5796875 0.7703125 0.03984375 0.08125
0 0.571875 0.84140625 0.0421875 0.090625
0 0.6453125 0.95078125 0.040625 0.09453125
0 0.653125 0.28359375 0.0375 0.040625
1 0.6765625 0.30625 0.05078125 0.05703125
0 0.71796875 0.284375 0.028125 0.04296875
0 0.76953125 0.240625 0.0328125 0.0484375
0 0.81875 0.1640625 0.03203125 0.0390625
0 0.81796875 0.19921875 0.03203125 0.05
0 0.53671875 0.21328125 0.02265625 0.059375