0 0.47734375 0.78828125 0.040625 0.1203125
1 0.47734375 0.22890625 0.06171875 0.08359375
0 0.4734375 0.18125 0.025 0.03359375
0 0.415625 0.25703125 0.0390625 0.03671875
1 0.3484375 0.31328125 0.0625 0.05546875
0 0.0265625 0.32421875 0.040625 0.03359375
1 0.26640625 0.3 0.0734375 0.0515625
0 0.52265625 0.13125 0.01640625 0.03671875
0 0.48671875 0.109375 0.01640625 0.03671875
0 0.52578125 0.08046875 0.0125 0.02421875
0 0.50859375 0.0703125 0.01484375 0.0296875
0 0.45 0.16953125 0.015625 0.03515625
0 0.45234375 0.13671875 0.0140625 0.0296875
0 0.4015625 0.15625 0.0171875 0.03515625
0 0.4109375 0.06796875 0.0140625 0.03125
0 0.771875 0.3546875 0.03125 0.05
0 0.80625 0.34140625 0.03125 0.04609375