0 0.06875 0.1765625 0.03515625 0.03515625
0 0.2953125 0.384375 0.0390625 0.04609375
0 0.25234375 0.3609375 0.03828125 0.040625
0 0.3875 0.8453125 0.02265625 0.090625
1 0.15546875 0.26484375 0.04296875 0.04453125
1 0.2421875 0.2390625 0.0375 0.04453125
0 0.2625 0.29453125 0.0390625 0.04453125
0 0.334375 0.2859375 0.03515625 0.04296875
0 0.7390625 0.43984375 0.040625 0.04296875
1 0.753125 0.48125 0.05546875 0.0515625
0 0.8078125 0.49921875 0.0375 0.0390625
0 0.88359375 0.5046875 0.0421875 0.0390625
0 0.8375 0.46875 0.03984375 0.03671875
0 0.95859375 0.50546875 0.04765625 0.04453125
0 0.4078125 0.34453125 0.034375 0.0515625
0 0.4484375 0.5765625 0.02265625 0.05703125
0 0.0171875 0.390625 0.034375 0.03671875
0 0.66171875 0.071875 0.0203125 0.0484375