0 0.09296875 0.221875 0.0359375 0.03671875
0 0.2890625 0.3984375 0.0390625 0.04453125
0 0.2453125 0.37890625 0.0390625 0.0390625
0 0.3953125 0.77109375 0.021875 0.090625
1 0.1796875 0.30078125 0.04296875 0.04609375
1 0.271875 0.271875 0.0375 0.04453125
0 0.2828125 0.3296875 0.03984375 0.04453125
0 0.3578125 0.3203125 0.0359375 0.0484375
0 0.73359375 0.42421875 0.040625 0.040625
1 0.74765625 0.4640625 0.05546875 0.05
0 0.8015625 0.478125 0.0359375 0.03671875
0 0.87578125 0.4765625 0.03984375 0.0390625
0 0.83515625 0.4453125 0.03984375 0.0390625
0 0.9484375 0.47421875 0.0453125 0.04453125
0 0.428125 0.38828125 0.0328125 0.05703125
0 0.4640625 0.67890625 0.021875 0.06484375
0 0.0125 0.42578125 0.02421875 0.03359375
0 0.646875 0.07578125 0.0203125 0.0484375