0 0.1046875 0.42421875 0.028125 0.07421875
0 0.14140625 0.38046875 0.028125 0.0609375
0 0.63828125 0.121875 0.0203125 0.0484375
1 0.68125 0.11171875 0.0265625 0.05703125
0 0.70234375 0.109375 0.01953125 0.0515625
0 0.80546875 0.09296875 0.02734375 0.05546875
0 0.9359375 0.07109375 0.028125 0.04609375
0 0.54765625 0.61875 0.04609375 0.06328125
0 0.690625 0.5453125 0.0421875 0.04609375
0 0.80234375 0.478125 0.03203125 0.040625
0 0.94296875 0.390625 0.034375 0.04453125
0 0.478125 0.49375 0.0421875 0.04609375
0 0.51015625 0.52578125 0.03828125 0.04453125
1 0.9796875 0.3234375 0.0359375 0.04609375
0 0.7390625 0.37578125 0.0375 0.04453125
1 0.4515625 0.95390625 0.03125 0.08515625
0 0.753125 0.42109375 0.0421875 0.04609375
0 0.57734375 0.44453125 0.0421875 0.04453125
0 0.62421875 0.4734375 0.04375 0.05390625
0 0.64453125 0.4234375 0.0375 0.05
0 0.6875 0.44453125 0.0453125 0.04453125
0 0.9375 0.34140625 0.0390625 0.04296875
0 0.8234375 0.384375 0.0359375 0.04609375
1 0.88671875 0.35859375 0.0546875 0.0609375
0 0.3703125 0.034375 0.0171875 0.05390625
1 0.3921875 0.1546875 0.02265625 0.071875
0 0.3921875 0.09921875 0.01953125 0.04609375
0 0.3875 0.028125 0.021875 0.04453125
0 0.80390625 0.35 0.0421875 0.0515625