0 0.471875 0.69609375 0.0375 0.10703125
1 0.503125 0.18984375 0.0453125 0.08359375
0 0.4875 0.13671875 0.015625 0.0296875
0 0.4578125 0.21171875 0.02734375 0.03515625
1 0.409375 0.28203125 0.0578125 0.05703125
1 0.33671875 0.27890625 0.065625 0.05390625
0 0.5203125 0.090625 0.01640625 0.03671875
0 0.49140625 0.065625 0.015625 0.03515625
0 0.52890625 0.0453125 0.0125 0.02421875
0 0.51328125 0.03515625 0.01484375 0.0296875
0 0.45 0.16796875 0.015625 0.03515625
0 0.45234375 0.1359375 0.01484375 0.03125
0 0.3859375 0.18828125 0.01875 0.0390625
0 0.4109375 0.06640625 0.0140625 0.0296875
0 0.771875 0.35390625 0.03046875 0.0515625
0 0.80703125 0.33984375 0.03046875 0.04609375