0 0.38828125 0.52890625 0.03984375 0.05
0 0.1375 0.503125 0.0359375 0.04609375
0 0.246875 0.55390625 0.0453125 0.04453125
0 0.1765625 0.57890625 0.0453125 0.04296875
0 0.14375 0.7046875 0.05078125 0.05
1 0.2796875 0.47421875 0.05546875 0.0484375
0 0.3625 0.6484375 0.04609375 0.05546875
1 0.4671875 0.61796875 0.04296875 0.07578125
0 0.4515625 0.72109375 0.04296875 0.0796875
1 0.540625 0.69453125 0.0375 0.07421875
0 0.5359375 0.778125 0.0390625 0.08515625
0 0.5984375 0.86015625 0.03828125 0.08671875
0 0.66328125 0.29453125 0.0375 0.040625
1 0.68671875 0.32109375 0.05078125 0.05703125
0 0.728125 0.30078125 0.028125 0.04296875
0 0.78203125 0.26015625 0.0328125 0.04609375
0 0.82421875 0.19140625 0.03125 0.0390625
0 0.83359375 0.21953125 0.034375 0.05
0 0.5421875 0.1890625 0.01953125 0.059375