0 0.42890625 0.51953125 0.0390625 0.05
1 0.6125 0.77421875 0.0640625 0.09296875
0 0.46953125 0.60625 0.0484375 0.05390625
0 0.3453125 0.815625 0.0421875 0.06875
0 0.21953125 0.7359375 0.05 0.07578125
0 0.4703125 0.7109375 0.04609375 0.0484375
0 0.321875 0.56015625 0.0390625 0.05390625
0 0.32109375 0.64140625 0.04609375 0.05703125
0 0.2296875 0.96640625 0.0515625 0.06328125
0 0.83515625 0.8484375 0.05078125 0.0703125
0 0.58515625 0.665625 0.03984375 0.0609375
0 0.25390625 0.78203125 0.0453125 0.0796875
1 0.68671875 0.73828125 0.065625 0.08671875
1 0.93515625 0.91796875 0.065625 0.08359375
0 0.52578125 0.18359375 0.028125 0.0515625
1 0.553125 0.18828125 0.03828125 0.07578125
0 0.575 0.14609375 0.021875 0.0484375
0 0.6015625 0.07890625 0.0234375 0.05390625
0 0.62578125 0.021875 0.0234375 0.04375
0 0.5921875 0.5765625 0.03984375 0.071875