1 0.29921875 0.32421875 0.096875 0.08515625
1 0.153125 0.36875 0.075 0.059375
0 0.3421875 0.25078125 0.03125 0.0390625
1 0.028125 0.35625 0.05625 0.06484375
0 0.44453125 0.27578125 0.0359375 0.0484375
0 0.42265625 0.2484375 0.034375 0.03671875
0 0.49296875 0.22578125 0.0234375 0.03359375
0 0.4765625 0.19296875 0.0234375 0.03671875
0 0.44921875 0.17421875 0.015625 0.0296875
0 0.45234375 0.13984375 0.01484375 0.028125
0 0.43046875 0.0640625 0.0109375 0.02421875
0 0.41171875 0.071875 0.0125 0.02578125
0 0.77265625 0.35703125 0.0296875 0.0484375
0 0.80625 0.3453125 0.0296875 0.05
0 0.5578125 0.034375 0.0109375 0.02421875