0 0.12421875 0.36484375 0.03046875 0.0703125
0 0.15703125 0.35703125 0.02734375 0.06328125
0 0.66796875 0.1609375 0.0171875 0.0515625
1 0.71328125 0.15703125 0.0203125 0.059375
0 0.7359375 0.15703125 0.01953125 0.0515625
0 0.8484375 0.15546875 0.025 0.059375
0 0.9875 0.1609375 0.021875 0.0515625
0 0.6671875 0.57890625 0.0484375 0.04609375
0 0.86796875 0.5640625 0.040625 0.04296875
0 0.9796875 0.51484375 0.0359375 0.040625
0 0.37421875 0.58828125 0.04296875 0.06484375
0 0.43359375 0.58671875 0.0375 0.0515625
0 0.71328125 0.44375 0.03984375 0.04296875
1 0.41875 0.890625 0.0375 0.1296875
0 0.7359375 0.490625 0.0484375 0.04453125
0 0.51171875 0.4953125 0.04296875 0.04609375
0 0.5890625 0.5203125 0.04375 0.0484375
0 0.61171875 0.475 0.03984375 0.0390625
0 0.66640625 0.50078125 0.04375 0.04296875
0 0.96875 0.4390625 0.0453125 0.040625
0 0.81015625 0.46796875 0.03828125 0.04609375
0 0.33984375 0.93515625 0.0328125 0.09609375
1 0.89765625 0.45078125 0.0609375 0.05
0 0.40546875 0.084375 0.0171875 0.05390625
1 0.41953125 0.1546875 0.02265625 0.071875
0 0.425 0.0984375 0.01484375 0.0484375
0 0.42578125 0.02578125 0.0171875 0.0515625
0 0.809375 0.42421875 0.03984375 0.04453125