0 0.2328125 0.20390625 0.034375 0.0515625
0 0.26015625 0.21640625 0.03203125 0.05546875
0 0.775 0.34375 0.0203125 0.05703125
1 0.8265625 0.37109375 0.0265625 0.07578125
0 0.853125 0.3890625 0.02265625 0.06328125
0 0.9875 0.4734375 0.0234375 0.06484375
0 0.49296875 0.53203125 0.03984375 0.05
1 0.5421875 0.709375 0.0640625 0.07421875
0 0.528125 0.61328125 0.05 0.0515625
0 0.11796875 0.8640625 0.05078125 0.090625
0 0.30625 0.91953125 0.03984375 0.0796875
0 0.3 0.67421875 0.04765625 0.06640625
0 0.4171875 0.74375 0.04609375 0.06875
0 0.38125 0.5453125 0.03984375 0.05
0 0.396875 0.61484375 0.04609375 0.0484375
0 0.89453125 0.809375 0.05078125 0.05546875
0 0.6484375 0.6734375 0.04296875 0.05703125
0 0.26328125 0.81015625 0.04375 0.0796875
1 0.74609375 0.725 0.06640625 0.0796875
0 0.5046875 0.17578125 0.02734375 0.05546875
1 0.53125 0.17890625 0.03515625 0.07578125
0 0.55 0.1296875 0.0203125 0.0484375
0 0.57265625 0.06328125 0.02265625 0.0515625
0 0.58984375 0.01484375 0.01953125 0.0296875
0 0.628125 0.59375 0.0421875 0.05703125