0 0.28359375 0.53203125 0.03984375 0.05390625
0 0.34296875 0.58359375 0.04765625 0.0484375
0 0.4421875 0.71953125 0.04375 0.05390625
0 0.021875 0.84296875 0.04375 0.08515625
0 0.60390625 0.86015625 0.04609375 0.08359375
0 0.18515625 0.61640625 0.0421875 0.059375
0 0.14765625 0.715625 0.05078125 0.06875
0 0.315625 0.76796875 0.0484375 0.07578125
0 0.68359375 0.8296875 0.0484375 0.078125
0 0.4625 0.6046875 0.0390625 0.05390625
0 0.24375 0.7109375 0.04609375 0.06640625
1 0.553125 0.6765625 0.06171875 0.090625
1 0.79453125 0.95390625 0.059375 0.08515625
0 0.19921875 0.89375 0.0546875 0.08359375
0 0.571875 0.209375 0.03203125 0.0484375
1 0.59765625 0.21875 0.040625 0.0703125
0 0.6265625 0.18203125 0.0234375 0.04609375
0 0.66171875 0.11953125 0.0265625 0.05390625
0 0.69375 0.0640625 0.02734375 0.05
0 0.55625 0.478125 0.0296875 0.07421875