1 0.15625 0.36015625 0.109375 0.0796875
0 0.0234375 0.3703125 0.046875 0.0296875
1 0.01640625 0.39921875 0.0328125 0.05
0 0.4125 0.1453125 0.01484375 0.03125
0 0.2984375 0.33984375 0.05 0.04296875
0 0.26640625 0.31953125 0.0421875 0.0390625
0 0.37421875 0.31796875 0.046875 0.03515625
0 0.3640625 0.2890625 0.04375 0.040625
0 0.45 0.175 0.0140625 0.03125
0 0.45625 0.12890625 0.01171875 0.028125
0 0.4125 0.07890625 0.01171875 0.028125
0 0.775 0.3609375 0.0265625 0.04453125
0 0.809375 0.35 0.025 0.04453125
0 0.5578125 0.03828125 0.0109375 0.02421875