0 0.19609375 0.253125 0.03046875 0.0609375
0 0.2265625 0.26171875 0.03125 0.0609375
0 0.74375 0.26875 0.01953125 0.05546875
1 0.7953125 0.284375 0.0234375 0.06484375
0 0.81953125 0.29140625 0.01875 0.05703125
0 0.9484375 0.34453125 0.025 0.06640625
0 0.2359375 0.884375 0.03828125 0.071875
0 0.60859375 0.54921875 0.03984375 0.04609375
1 0.44453125 0.7109375 0.06328125 0.09609375
0 0.6453125 0.60703125 0.04765625 0.0484375
0 0.31875 0.63828125 0.0453125 0.06875
0 0.44453125 0.59609375 0.04609375 0.0515625
0 0.3578125 0.91875 0.040625 0.09296875
0 0.49140625 0.5359375 0.040625 0.04609375
0 0.5359375 0.58671875 0.04609375 0.04453125
0 0.978125 0.6984375 0.040625 0.04453125
0 0.75703125 0.63828125 0.03984375 0.04609375
0 0.2953125 0.85546875 0.0421875 0.09296875
1 0.8375 0.65546875 0.06328125 0.06328125
0 0.46953125 0.165625 0.025 0.05703125
1 0.49453125 0.16015625 0.028125 0.07578125
0 0.5109375 0.11171875 0.01875 0.05
0 0.52578125 0.0390625 0.0203125 0.0484375
0 0.728125 0.5765625 0.04296875 0.04609375