0 0.1703125 0.28828125 0.03203125 0.06484375
0 0.20234375 0.29140625 0.028125 0.0609375
0 0.71875 0.23203125 0.01953125 0.05390625
1 0.7671875 0.23828125 0.01953125 0.06484375
0 0.79375 0.24375 0.01875 0.05390625
0 0.9171875 0.27578125 0.0234375 0.06640625
0 0.91328125 0.67421875 0.0484375 0.0484375
0 0.21171875 0.85859375 0.0421875 0.09453125
0 0.309375 0.75078125 0.03515625 0.06875
0 0.6546875 0.5296875 0.0390625 0.04453125
1 0.415625 0.77421875 0.053125 0.11875
0 0.69296875 0.584375 0.04765625 0.04296875
0 0.39140625 0.5734375 0.0453125 0.05703125
0 0.49921875 0.57578125 0.04609375 0.0515625
0 0.53359375 0.525 0.0421875 0.04609375
0 0.58984375 0.5703125 0.0453125 0.040625
0 0.98515625 0.61328125 0.025 0.040625
0 0.78203125 0.58984375 0.03984375 0.04296875
0 0.3078125 0.88046875 0.03828125 0.09453125
1 0.8625 0.5984375 0.06328125 0.0515625
0 0.4453125 0.15546875 0.0234375 0.059375
1 0.46953125 0.153125 0.02734375 0.0796875
0 0.4828125 0.10703125 0.0171875 0.0484375
0 0.490625 0.03203125 0.01875 0.04609375
0 0.7671875 0.540625 0.04375 0.04453125