0 0.03359375 0.57890625 0.04375 0.05703125
0 0.11015625 0.5953125 0.05 0.05703125
0 0.4734375 0.7703125 0.0453125 0.0890625
0 0.46953125 0.6234375 0.040625 0.06484375
0 0.25625 0.52890625 0.0359375 0.04609375
0 0.24140625 0.609375 0.04609375 0.05546875
0 0.12890625 0.66953125 0.05078125 0.05703125
0 0.0328125 0.84609375 0.0546875 0.059375
1 0.3765625 0.52421875 0.0578125 0.06640625
0 0.27578125 0.69453125 0.04765625 0.05546875
1 0.55546875 0.76640625 0.0484375 0.09296875
0 0.37421875 0.66796875 0.05078125 0.04609375
1 0.675 0.93125 0.04296875 0.0890625
0 0.65078125 0.95703125 0.04609375 0.078125
0 0.63359375 0.2609375 0.0359375 0.040625
1 0.65703125 0.28203125 0.046875 0.06484375
0 0.69609375 0.2546875 0.028125 0.04296875
0 0.7421875 0.20390625 0.0296875 0.0484375
0 0.80546875 0.109375 0.028125 0.040625
0 0.78671875 0.159375 0.03203125 0.04453125
0 0.53203125 0.27109375 0.025 0.0609375