0 0.14609375 0.06953125 0.0359375 0.05390625
0 0.040625 0.59921875 0.05390625 0.071875
0 0.12578125 0.52890625 0.04765625 0.0609375
0 0.5140625 0.53046875 0.021875 0.071875
0 0.5765625 0.41015625 0.0328125 0.0609375
0 0.0484375 0.78046875 0.0375 0.090625
0 0.21953125 0.41953125 0.028125 0.06875
0 0.44609375 0.01875 0.02734375 0.03671875
0 0.5109375 0.67578125 0.03203125 0.078125
0 0.54375 0.61640625 0.0375 0.0890625
0 0.50546875 0.3234375 0.03203125 0.0609375
0 0.5328125 0.328125 0.028125 0.0515625
0 0.61171875 0.128125 0.028125 0.0515625
0 0.63515625 0.14921875 0.028125 0.05390625
0 0.53671875 0.26796875 0.03203125 0.05390625
0 0.56640625 0.271875 0.0296875 0.06328125
0 0.565625 0.21796875 0.028125 0.0609375
0 0.60234375 0.20078125 0.028125 0.05390625
0 0.659375 0.08671875 0.02421875 0.0515625
1 0.69296875 0.03203125 0.034375 0.0609375
1 0.24296875 0.23046875 0.046875 0.08671875
0 0.21640625 0.1796875 0.028125 0.04453125
0 0.18046875 0.121875 0.03203125 0.04453125