0 0.4703125 0.66171875 0.034375 0.1015625
1 0.509375 0.16875 0.03046875 0.078125
0 0.49140625 0.1109375 0.015625 0.0296875
0 0.4703125 0.19453125 0.025 0.03359375
1 0.4359375 0.275 0.05625 0.06484375
1 0.36640625 0.26796875 0.0625 0.05703125
0 0.51796875 0.065625 0.01484375 0.03515625
0 0.49375 0.0484375 0.0125 0.03359375
0 0.5296875 0.02890625 0.0125 0.02421875
0 0.51328125 0.0203125 0.01484375 0.0296875
0 0.45 0.16640625 0.015625 0.03359375
0 0.453125 0.1359375 0.0140625 0.03125
0 0.37578125 0.20390625 0.021875 0.03671875
0 0.4109375 0.06640625 0.0140625 0.0296875
0 0.77265625 0.35390625 0.03046875 0.0515625
0 0.8078125 0.33984375 0.03046875 0.04609375
0 0.44609375 0.01171875 0.0140625 0.0203125
0 0.0109375 0.3703125 0.021875 0.040625