1 0.209375 0.34375 0.109375 0.0796875
0 0.08515625 0.35859375 0.05 0.028125
0 0.3953125 0.18828125 0.01640625 0.03515625
0 0.35 0.32421875 0.04609375 0.040625
0 0.334375 0.290625 0.0390625 0.03671875
0 0.43046875 0.290625 0.040625 0.03671875
0 0.4203125 0.253125 0.040625 0.0390625
0 0.45 0.17578125 0.0140625 0.0296875
0 0.453125 0.1359375 0.01171875 0.028125
0 0.44375 0.025 0.01171875 0.0203125
0 0.4125 0.0734375 0.01171875 0.028125
0 0.77421875 0.36015625 0.0265625 0.04609375
0 0.80625 0.34609375 0.028125 0.0515625
0 0.5578125 0.034375 0.0109375 0.02421875