0 0.16328125 0.05546875 0.034375 0.0515625
0 0.0265625 0.58515625 0.053125 0.06640625
0 0.1203125 0.5140625 0.04765625 0.0609375
0 0.5265625 0.503125 0.0265625 0.06875
0 0.60859375 0.3765625 0.0328125 0.0609375
0 0.04765625 0.75 0.0328125 0.0890625
0 0.215625 0.42421875 0.0328125 0.0703125
0 0.46171875 0.01953125 0.028125 0.0390625
0 0.50625 0.63984375 0.02734375 0.07578125
0 0.540625 0.59140625 0.0328125 0.090625
0 0.5109375 0.33046875 0.03203125 0.0609375
0 0.53828125 0.33671875 0.028125 0.0515625
0 0.62265625 0.14453125 0.028125 0.0515625
0 0.646875 0.16171875 0.028125 0.05390625
0 0.54453125 0.2765625 0.03203125 0.05390625
0 0.57421875 0.28125 0.03125 0.06328125
0 0.5765625 0.2265625 0.028125 0.0609375
0 0.61171875 0.2140625 0.028125 0.05390625
0 0.6765625 0.1015625 0.02421875 0.0515625
1 0.70859375 0.046875 0.03828125 0.06484375
1 0.253125 0.21953125 0.04296875 0.08671875
0 0.22890625 0.171875 0.028125 0.04453125
0 0.19609375 0.109375 0.03203125 0.0484375