0 0.96171875 0.30546875 0.0375 0.04453125
0 0.0875 0.46953125 0.028125 0.0796875
0 0.13515625 0.38984375 0.034375 0.05703125
0 0.61328125 0.10078125 0.0234375 0.04296875
1 0.6515625 0.08359375 0.0234375 0.0515625
0 0.67578125 0.078125 0.0234375 0.04453125
0 0.771875 0.05 0.02734375 0.0515625
0 0.89296875 0.021875 0.028125 0.040625
0 0.50390625 0.7 0.03125 0.08125
0 0.5921875 0.56640625 0.0421875 0.05546875
0 0.69609375 0.48125 0.0328125 0.04453125
0 0.81796875 0.3796875 0.0359375 0.0484375
0 0.91328125 0.3703125 0.0421875 0.04453125
0 0.96328125 0.303125 0.03828125 0.04609375
0 0.521875 0.4546875 0.0421875 0.05390625
0 0.54375 0.48203125 0.0359375 0.05390625
1 0.95 0.2484375 0.0421875 0.040625
0 0.73046875 0.33046875 0.040625 0.04609375
0 0.74609375 0.371875 0.040625 0.0515625
0 0.596875 0.40859375 0.03828125 0.05390625
0 0.62890625 0.43671875 0.040625 0.059375
0 0.65078125 0.38046875 0.03828125 0.05390625
0 0.68828125 0.4015625 0.0421875 0.0515625
0 0.90859375 0.26796875 0.0359375 0.04296875
0 0.8078125 0.33125 0.03828125 0.0515625
1 0.8640625 0.29453125 0.0515625 0.06328125
0 0.33515625 0.0203125 0.0203125 0.040625
1 0.3703125 0.16015625 0.02421875 0.071875
0 0.36796875 0.0984375 0.0234375 0.04453125
0 0.35859375 0.03125 0.02421875 0.0515625
0 0.784375 0.2984375 0.03828125 0.0515625