0 0.215625 0.22578125 0.03125 0.05546875
0 0.2453125 0.23671875 0.03203125 0.059375
0 0.76015625 0.303125 0.0203125 0.05703125
1 0.8125 0.3265625 0.0234375 0.06875
0 0.83671875 0.33984375 0.021875 0.05703125
0 0.96953125 0.40859375 0.0265625 0.06875
0 0.55390625 0.54921875 0.03984375 0.05
1 0.48828125 0.690625 0.0625 0.06328125
0 0.5890625 0.61875 0.04765625 0.0515625
0 0.22890625 0.7359375 0.04609375 0.0796875
0 0.3765625 0.625 0.046875 0.0609375
0 0.38046875 0.81640625 0.04375 0.08125
0 0.43984375 0.53984375 0.03984375 0.04609375
0 0.47109375 0.5984375 0.04609375 0.0484375
0 0.9421875 0.75859375 0.0484375 0.05390625
0 0.709375 0.66171875 0.0390625 0.05
0 0.27890625 0.83359375 0.04375 0.08515625
1 0.7984375 0.6984375 0.065625 0.0703125
0 0.4875 0.16953125 0.0265625 0.05703125
1 0.51328125 0.16875 0.03046875 0.07421875
0 0.5296875 0.11875 0.01875 0.0484375
0 0.54765625 0.04921875 0.01953125 0.05390625
0 0.678125 0.59609375 0.0421875 0.0484375