0 0.115625 0.384375 0.03046875 0.071875
0 0.1515625 0.371875 0.02734375 0.06328125
0 0.6578125 0.1484375 0.0171875 0.0515625
1 0.70234375 0.14296875 0.02265625 0.059375
0 0.725 0.140625 0.01953125 0.0515625
0 0.834375 0.13359375 0.0265625 0.059375
0 0.9734375 0.1296875 0.028125 0.0515625
0 0.621875 0.58125 0.04765625 0.0515625
0 0.8046875 0.5515625 0.040625 0.04453125
0 0.915625 0.49375 0.034375 0.04296875
0 0.4125 0.5484375 0.0421875 0.05546875
0 0.46171875 0.56328125 0.0375 0.0484375
0 0.72578125 0.42109375 0.040625 0.04296875
1 0.4265625 0.91484375 0.0375 0.1296875
0 0.74375 0.46640625 0.04609375 0.04453125
0 0.5375 0.48046875 0.04296875 0.04609375
0 0.603125 0.5046875 0.04296875 0.05
0 0.62421875 0.45703125 0.03828125 0.04453125
0 0.6765625 0.48203125 0.04375 0.04296875
0 0.9578125 0.40390625 0.0421875 0.040625
0 0.8171875 0.43984375 0.0375 0.04609375
0 0.3484375 0.96328125 0.0296875 0.0703125
1 0.89609375 0.41875 0.0578125 0.05546875
0 0.39375 0.065625 0.0171875 0.05390625
1 0.4109375 0.153125 0.02265625 0.071875
0 0.415625 0.0984375 0.01640625 0.0484375
0 0.41328125 0.02578125 0.01953125 0.0484375
0 0.809375 0.3984375 0.040625 0.04453125