0 0.3578125 0.51484375 0.0390625 0.04453125
1 0.68671875 0.87421875 0.0671875 0.1109375
0 0.40859375 0.59296875 0.04765625 0.0484375
0 0.390625 0.73828125 0.04296875 0.05703125
0 0.125 0.79609375 0.053125 0.08515625
0 0.53203125 0.74609375 0.04609375 0.06640625
0 0.2578125 0.5859375 0.040625 0.0609375
0 0.2375 0.68046875 0.04765625 0.06875
0 0.2671875 0.865625 0.05 0.08359375
0 0.76484375 0.85703125 0.05078125 0.07421875
0 0.52265625 0.6390625 0.03984375 0.05546875
0 0.246875 0.7453125 0.046875 0.071875
1 0.61953125 0.71953125 0.065625 0.08671875
1 0.86796875 0.9515625 0.0625 0.08125
0 0.54765625 0.19453125 0.03046875 0.0484375
1 0.57578125 0.20078125 0.03984375 0.07578125
0 0.60078125 0.16328125 0.02265625 0.0484375
0 0.63125 0.096875 0.02421875 0.05390625
0 0.659375 0.03828125 0.025 0.05
0 0.56796875 0.53828125 0.03203125 0.071875