0 0.23359375 0.01640625 0.0328125 0.0328125
0 0.0875 0.4609375 0.04765625 0.0515625
0 0.62109375 0.3890625 0.0328125 0.06328125
0 0.771875 0.24921875 0.0328125 0.04609375
0 0.0515625 0.63515625 0.028125 0.0890625
0 0.1859375 0.425 0.0421875 0.05
0 0.51953125 0.0390625 0.0234375 0.040625
0 0.5578125 0.02109375 0.0296875 0.0390625
0 0.53984375 0.78671875 0.028125 0.08125
0 0.53203125 0.50078125 0.03125 0.0609375
0 0.5875 0.48046875 0.0421875 0.071875
0 0.5328125 0.36328125 0.040625 0.0515625
0 0.56015625 0.37578125 0.028125 0.0515625
1 0.83203125 0.0515625 0.0328125 0.04453125
0 0.6671875 0.2015625 0.028125 0.0515625
0 0.68984375 0.2265625 0.03203125 0.05390625
0 0.57421875 0.315625 0.0375 0.05390625
0 0.60234375 0.328125 0.0375 0.059375
0 0.60859375 0.2734375 0.0328125 0.05390625
0 0.6515625 0.271875 0.0328125 0.0515625
0 0.80546875 0.08359375 0.0328125 0.04453125
0 0.7296875 0.17109375 0.0296875 0.05
1 0.7703125 0.12109375 0.0421875 0.06484375
1 0.2953125 0.18515625 0.034375 0.07421875
0 0.27890625 0.13125 0.02421875 0.04453125
0 0.25859375 0.0734375 0.02421875 0.05
0 0.74609375 0.10859375 0.0328125 0.04296875