0 0.946875 0.53125 0.0734375 0.07421875
0 0.3078125 0.359375 0.06328125 0.05546875
0 0.63203125 0.3265625 0.05625 0.04609375
0 0.7578125 0.50703125 0.071875 0.07421875
0 0.4671875 0.22421875 0.0265625 0.0703125
0 0.57109375 0.41953125 0.06640625 0.06875
0 0.83828125 0.34609375 0.059375 0.0515625
0 0.3640625 0.7453125 0.10078125 0.10546875
0 0.86640625 0.28984375 0.0546875 0.05
0 0.8625 0.39140625 0.0671875 0.05703125
0 0.975 0.3390625 0.04375 0.0515625
0 0.0359375 0.43828125 0.0703125 0.08671875
0 0.15078125 0.4796875 0.0828125 0.06328125
0 0.3765625 0.49921875 0.071875 0.07578125
0 0.2671875 0.53515625 0.0828125 0.08125
0 0.15 0.56875 0.10859375 0.08515625
0 0.7453125 0.64453125 0.07890625 0.08125