0 0.67109375 0.3953125 0.01484375 0.0390625
1 0.7078125 0.46171875 0.01640625 0.04609375
1 0.4265625 0.80859375 0.0546875 0.14296875
0 0.4859375 0.83046875 0.0359375 0.0984375
0 0.5015625 0.55078125 0.02421875 0.05390625
0 0.52421875 0.634375 0.0265625 0.06875
0 0.5578125 0.68203125 0.025 0.06484375
1 0.7015625 0.28671875 0.0203125 0.08125
0 0.56640625 0.55546875 0.021875 0.05546875
1 0.584375 0.4953125 0.02265625 0.05390625
0 0.53984375 0.4390625 0.0234375 0.040625
0 0.6234375 0.93671875 0.0328125 0.0890625
0 0.56875 0.34921875 0.0171875 0.0390625
0 0.56484375 0.4734375 0.02265625 0.04609375
0 0.60234375 0.43203125 0.02265625 0.04296875
0 0.58984375 0.3703125 0.021875 0.04453125
0 0.609375 0.38359375 0.01953125 0.040625
0 0.60390625 0.3359375 0.01484375 0.03125
0 0.61015625 0.30390625 0.015625 0.03359375
0 0.6234375 0.5546875 0.021875 0.04609375
0 0.596875 0.565625 0.0296875 0.05390625
0 0.60625 0.7390625 0.028125 0.07421875
0 0.62734375 0.353125 0.01484375 0.03125
0 0.60390625 0.62421875 0.02265625 0.0515625