0 0.6734375 0.378125 0.05390625 0.03671875
0 0.0890625 0.43046875 0.06171875 0.04609375
2 0.66015625 0.29375 0.03515625 0.09453125
2 0.51875 0.31796875 0.10859375 0.07578125
0 0.303125 0.36328125 0.046875 0.03671875
0 0.7390625 0.428125 0.059375 0.04453125
0 0.209375 0.34375 0.05 0.03515625
0 0.4375 0.43046875 0.05625 0.04296875
0 0.28046875 0.40859375 0.05546875 0.0390625
0 0.27734375 0.43359375 0.0640625 0.040625
0 0.41171875 0.46015625 0.06171875 0.04609375
0 0.059375 0.46484375 0.0640625 0.0515625