0 0.43671875 0.315625 0.03046875 0.0390625
0 0.26640625 0.35390625 0.02265625 0.04453125
0 0.07734375 0.49140625 0.0546875 0.05390625
0 0.38359375 0.3703125 0.0328125 0.0484375
0 0.31015625 0.196875 0.01875 0.028125
0 0.8921875 0.26796875 0.025 0.03125
0 0.7171875 0.77578125 0.5546875 0.44453125
0 0.034375 0.228125 0.06875 0.15
0 0.2578125 0.1796875 0.0140625 0.02578125
0 0.2796875 0.3 0.0203125 0.040625
0 0.03203125 0.69296875 0.0640625 0.06640625
0 0.28125 0.20625 0.0171875 0.028125
0 0.19921875 0.1953125 0.025 0.028125
0 0.396875 0.34453125 0.01953125 0.03671875
0 0.36796875 0.29375 0.01953125 0.03125