0 0.52578125 0.93828125 0.0359375 0.10546875
0 0.44453125 0.95390625 0.04375 0.0890625
0 0.55859375 0.5765625 0.0296875 0.05390625
0 0.58671875 0.50703125 0.0234375 0.05546875
0 0.725 0.63359375 0.0265625 0.06328125
0 0.60390625 0.43828125 0.0203125 0.04609375
0 0.50546875 0.615625 0.03046875 0.0609375
0 0.5671875 0.64296875 0.028125 0.06640625
0 0.6421875 0.3140625 0.01484375 0.028125
0 0.74375 0.35703125 0.01640625 0.0296875
0 0.70703125 0.39296875 0.0171875 0.03671875
0 0.73359375 0.41328125 0.015625 0.03359375
0 0.62421875 0.65546875 0.03515625 0.059375
0 0.59765625 0.70546875 0.0390625 0.0703125
0 0.6390625 0.7453125 0.0296875 0.07578125
0 0.61796875 0.5734375 0.0234375 0.05703125
0 0.60546875 0.78984375 0.0296875 0.071875