0 0.459375 0.76640625 0.0484375 0.11484375
0 0.5734375 0.4546875 0.0265625 0.05703125
0 0.515625 0.5984375 0.03515625 0.08125
0 0.55078125 0.41171875 0.02734375 0.05390625
0 0.590625 0.315625 0.0234375 0.04609375
0 0.61484375 0.2390625 0.01875 0.04453125
0 0.628125 0.18125 0.01640625 0.03671875
0 0.58984375 0.225 0.0171875 0.0390625
0 0.61015625 0.36015625 0.0265625 0.05
0 0.74140625 0.546875 0.02734375 0.06875
0 0.6859375 0.51640625 0.02734375 0.06640625
0 0.7015625 0.68046875 0.0296875 0.07578125
0 0.6234375 0.521875 0.0296875 0.06328125
0 0.58984375 0.55078125 0.03515625 0.06484375
0 0.63125 0.6109375 0.02734375 0.078125
0 0.6125 0.421875 0.02265625 0.05546875
0 0.5953125 0.63203125 0.0296875 0.071875