0 0.5453125 0.5265625 0.0265625 0.06875
0 0.50859375 0.3859375 0.0203125 0.04609375
0 0.53828125 0.41015625 0.0203125 0.04609375
0 0.56953125 0.38671875 0.02421875 0.0484375
0 0.50859375 0.303125 0.015625 0.03515625
0 0.5328125 0.30859375 0.0203125 0.04296875
0 0.559375 0.29140625 0.01875 0.04296875
0 0.50703125 0.2359375 0.015625 0.03515625
0 0.684375 0.371875 0.0515625 0.04453125
0 0.4828125 0.34453125 0.0203125 0.04453125
0 0.43515625 0.39921875 0.02421875 0.0609375
0 0.39296875 0.54296875 0.028125 0.078125
0 0.50234375 0.515625 0.0265625 0.06484375
2 0.5921875 0.553125 0.04765625 0.18359375
0 0.4203125 0.32109375 0.01640625 0.0390625
0 0.39921875 0.29921875 0.0203125 0.0390625
0 0.553125 0.77578125 0.034375 0.10390625
0 0.45390625 0.2640625 0.015625 0.04609375
0 0.496875 0.784375 0.03515625 0.10546875
0 0.61640625 0.875 0.03984375 0.11328125
0 0.559375 0.96015625 0.04296875 0.071875
0 0.8890625 0.44140625 0.0484375 0.05390625