0 0.53828125 0.34453125 0.0390625 0.03671875
0 0.17890625 0.2609375 0.0234375 0.03671875
0 0.10546875 0.15625 0.01953125 0.02421875
0 0.28515625 0.3765625 0.02734375 0.04609375
0 0.371875 0.3640625 0.03515625 0.04609375
0 0.34453125 0.3046875 0.0296875 0.03515625
0 0.4515625 0.47109375 0.0359375 0.05
0 0.3640625 0.28359375 0.0296875 0.0296875
0 0.334375 0.59140625 0.0546875 0.0609375
0 0.13359375 0.21640625 0.021875 0.0296875
0 0.43671875 0.44140625 0.0234375 0.04296875
0 0.42109375 0.40078125 0.01875 0.03515625