0 0.46015625 0.928125 0.034375 0.1
0 0.4796875 0.37109375 0.0140625 0.03125
0 0.7640625 0.43203125 0.03515625 0.03125
0 0.49921875 0.2484375 0.01484375 0.02578125
0 0.5265625 0.2109375 0.0140625 0.02578125
0 0.5140625 0.22421875 0.01484375 0.02578125
0 0.50078125 0.209375 0.01484375 0.02578125
0 0.50703125 0.17890625 0.01484375 0.028125
0 0.53359375 0.18984375 0.01484375 0.028125
0 0.52109375 0.165625 0.01484375 0.028125
0 0.3578125 0.77109375 0.0328125 0.08359375
0 0.42578125 0.49453125 0.01953125 0.0484375
0 0.37421875 0.5453125 0.02421875 0.05
1 0.5734375 0.90703125 0.03515625 0.11484375
0 0.4171875 0.41015625 0.0203125 0.03515625
0 0.47578125 0.753125 0.028125 0.07578125
0 0.51640625 0.78828125 0.0296875 0.08359375
0 0.44921875 0.36328125 0.0140625 0.03671875
0 0.48515625 0.61953125 0.0234375 0.05390625
0 0.5609375 0.6390625 0.02421875 0.06328125
0 0.48828125 0.51171875 0.021875 0.04609375
0 0.51875 0.52109375 0.01875 0.04609375
0 0.5515625 0.4734375 0.01953125 0.0390625
0 0.52421875 0.4296875 0.01875 0.0296875
0 0.4984375 0.409375 0.01484375 0.03359375
0 0.44921875 0.253125 0.0140625 0.028125
0 0.5234375 0.34453125 0.0140625 0.02578125
0 0.5734375 0.32109375 0.028125 0.04609375
0 0.5015625 0.34296875 0.0140625 0.02578125
0 0.45625 0.20390625 0.0140625 0.02578125
0 0.5203125 0.30390625 0.01484375 0.02578125
0 0.5015625 0.28671875 0.01484375 0.02578125
0 0.5171875 0.26640625 0.01484375 0.02578125
0 0.44609375 0.18671875 0.01484375 0.0296875
0 0.471875 0.165625 0.0125 0.028125