0 0.52421875 0.81796875 0.0375 0.12421875
0 0.4578125 0.85390625 0.0359375 0.11484375
0 0.57265625 0.5234375 0.028125 0.07578125
0 0.490625 0.5953125 0.0234375 0.07578125
0 0.49140625 0.38984375 0.01953125 0.04296875
0 0.56171875 0.4046875 0.0171875 0.04296875
0 0.74375 0.909375 0.0421875 0.1
0 0.49609375 0.25703125 0.01953125 0.0703125
0 0.52265625 0.26484375 0.01484375 0.0296875
0 0.53359375 0.29921875 0.01484375 0.03515625
0 0.52109375 0.23125 0.0125 0.0296875
0 0.525 0.2140625 0.01484375 0.02421875
0 0.61171875 0.46953125 0.02265625 0.05
0 0.64296875 0.38828125 0.0203125 0.0390625
0 0.59375 0.33671875 0.0171875 0.03671875
0 0.58125 0.28203125 0.0140625 0.028125