0 0.3765625 0.94609375 0.0515625 0.06640625
0 0.428125 0.88203125 0.04296875 0.05390625
0 0.56171875 0.56328125 0.02421875 0.0296875
0 0.5859375 0.56171875 0.0234375 0.03515625
0 0.62265625 0.54921875 0.02265625 0.03515625
0 0.61875 0.53125 0.01953125 0.0296875
0 0.64375 0.53046875 0.01953125 0.03125
1 0.63203125 0.48125 0.0453125 0.0703125
0 0.6359375 0.50703125 0.0203125 0.03359375
0 0.70703125 0.4359375 0.015625 0.0203125
0 0.684375 0.48828125 0.0171875 0.028125
0 0.7296875 0.41171875 0.01484375 0.02421875
0 0.65546875 0.496875 0.01875 0.03125
0 0.7140625 0.45703125 0.015625 0.021875
0 0.34765625 0.9359375 0.05078125 0.071875
0 0.48671875 0.8109375 0.0359375 0.04453125
0 0.48125 0.76953125 0.0375 0.04609375
0 0.534375 0.70546875 0.03125 0.040625
0 0.55234375 0.74609375 0.075 0.121875
0 0.69375 0.4609375 0.0203125 0.0296875
0 0.7359375 0.425 0.0171875 0.0203125
0 0.7609375 0.3859375 0.01640625 0.02421875
0 0.4203125 0.8484375 0.0375 0.0484375
0 0.4625 0.75 0.028125 0.03671875
0 0.6015625 0.571875 0.0234375 0.0296875
0 0.25859375 0.57109375 0.03203125 0.028125
0 0.21171875 0.45625 0.0171875 0.028125
0 0.77265625 0.37421875 0.0140625 0.01875
0 0.7 0.525 0.0203125 0.028125