0 0.7578125 0.4890625 0.071875 0.07421875
0 0.528125 0.5203125 0.05625 0.06328125
0 0.8875 0.51875 0.0484375 0.0484375
0 0.09453125 0.40546875 0.05546875 0.04453125
0 0.4859375 0.14296875 0.0140625 0.03359375
0 0.2375 0.39921875 0.05390625 0.04609375
0 0.2140625 0.43203125 0.05390625 0.04609375
0 0.146875 0.46171875 0.05078125 0.0390625
0 0.54765625 0.27578125 0.03125 0.04453125
0 0.92109375 0.56875 0.053125 0.05546875
0 0.39140625 0.4515625 0.0515625 0.04453125
0 0.6140625 0.39921875 0.03984375 0.04296875
0 0.6671875 0.446875 0.0484375 0.0390625
0 0.51640625 0.5984375 0.0734375 0.059375
0 0.43046875 0.55703125 0.0625 0.05546875
0 0.2171875 0.54609375 0.0703125 0.06328125
0 0.04453125 0.63828125 0.07890625 0.06484375
0 0.4890625 0.33359375 0.021875 0.05546875
0 0.2046875 0.58828125 0.06328125 0.05
0 0.425 0.48828125 0.05390625 0.05
0 0.353125 0.49140625 0.05859375 0.05390625
0 0.2734375 0.5109375 0.0703125 0.05546875
0 0.83515625 0.44921875 0.0421875 0.04609375
0 0.9046875 0.425 0.03984375 0.04296875
0 0.70390625 0.42109375 0.0421875 0.04609375
0 0.96953125 0.44921875 0.0375 0.04296875
0 0.821875 0.425 0.04609375 0.04609375
0 0.7875 0.396875 0.04296875 0.0390625