0 0.55546875 0.3484375 0.0390625 0.03671875
0 0.153125 0.25078125 0.0234375 0.03515625
0 0.12734375 0.14921875 0.01875 0.0203125
0 0.078125 0.15625 0.01953125 0.02421875
0 0.2703125 0.3640625 0.028125 0.04296875
0 0.3734375 0.36953125 0.034375 0.04609375
0 0.3625 0.3234375 0.03125 0.03515625
0 0.47421875 0.46328125 0.034375 0.0484375
0 0.3859375 0.30390625 0.03046875 0.03359375
0 0.39140625 0.57421875 0.0515625 0.059375
0 0.1078125 0.209375 0.0203125 0.0296875
0 0.44375 0.46484375 0.0234375 0.0484375
0 0.428125 0.41796875 0.01953125 0.0390625