0 0.484375 0.78828125 0.025 0.07578125
0 0.48515625 0.403125 0.01484375 0.03515625
0 0.50078125 0.2203125 0.0140625 0.02578125
1 0.35234375 0.9734375 0.03203125 0.05
1 0.57890625 0.73828125 0.03125 0.08359375
0 0.33203125 0.80078125 0.0390625 0.0984375
0 0.49296875 0.665625 0.025 0.06484375
0 0.5328125 0.609375 0.0203125 0.05546875
0 0.4140625 0.59453125 0.02734375 0.06328125
0 0.4984375 0.553125 0.021875 0.04296875
0 0.5625 0.53125 0.021875 0.04453125
0 0.50078125 0.46328125 0.0203125 0.03671875
0 0.52734375 0.43203125 0.015625 0.028125
0 0.553125 0.39296875 0.0171875 0.03359375
0 0.5265625 0.36171875 0.015625 0.028125
0 0.503125 0.34375 0.01484375 0.028125
0 0.43515625 0.3640625 0.01484375 0.03515625
0 0.52421875 0.28984375 0.015625 0.028125
0 0.54921875 0.29921875 0.01484375 0.03515625
0 0.5046875 0.28671875 0.015625 0.02578125
0 0.45 0.28046875 0.0140625 0.028125
0 0.51953125 0.25859375 0.0140625 0.028125
0 0.5046875 0.24375 0.0140625 0.028125
0 0.5171875 0.2265625 0.01484375 0.028125
0 0.50078125 0.2203125 0.009375 0.01875
0 0.43984375 0.24296875 0.01484375 0.02578125
0 0.4703125 0.22421875 0.0140625 0.02578125