0 0.55546875 0.609375 0.01953125 0.0484375
0 0.5140625 0.73046875 0.021875 0.06484375
0 0.5125 0.28046875 0.0109375 0.01640625
0 0.56328125 0.68671875 0.0234375 0.059375
0 0.58125 0.43984375 0.0140625 0.03515625
0 0.5796875 0.409375 0.0140625 0.02578125
0 0.496875 0.33203125 0.0140625 0.028125
0 0.4703125 0.2984375 0.0125 0.02578125
0 0.50078125 0.2453125 0.00859375 0.0203125
0 0.48671875 0.2515625 0.0109375 0.021875
0 0.490625 0.234375 0.00859375 0.02421875
0 0.47734375 0.2359375 0.009375 0.0203125
0 0.53046875 0.3765625 0.01484375 0.028125
0 0.5734375 0.3890625 0.01484375 0.0296875
0 0.5515625 0.371875 0.01484375 0.021875
0 0.53203125 0.3546875 0.0140625 0.02421875
0 0.57109375 0.36328125 0.0140625 0.02578125
0 0.5484375 0.34453125 0.0140625 0.02578125
0 0.58984375 0.3609375 0.0140625 0.01875
0 0.5671875 0.33359375 0.0140625 0.02578125
0 0.490625 0.21015625 0.0140625 0.0203125
0 0.478125 0.21640625 0.009375 0.01875
0 0.4875 0.18515625 0.0109375 0.01875
0 0.49765625 0.18125 0.00859375 0.01875
0 0.3765625 0.878125 0.034375 0.10703125
0 0.446875 0.58203125 0.01953125 0.04609375
0 0.47109375 0.465625 0.01484375 0.03515625
0 0.49296875 0.4890625 0.01875 0.03671875
0 0.44921875 0.4359375 0.0140625 0.03515625
0 0.44375 0.41328125 0.0140625 0.03359375
0 0.4828125 0.3546875 0.01171875 0.03125
0 0.47265625 0.41953125 0.015625 0.03125
0 0.61015625 0.86484375 0.0328125 0.08515625
0 0.5984375 0.6734375 0.02421875 0.071875
0 0.52578125 0.584375 0.0203125 0.0390625
0 0.55390625 0.55703125 0.01640625 0.04453125
0 0.52890625 0.54609375 0.01875 0.03359375
0 0.5890625 0.5359375 0.01953125 0.0390625
0 0.5265625 0.4953125 0.01640625 0.0390625
0 0.55703125 0.5140625 0.01640625 0.03515625
0 0.58671875 0.4984375 0.01640625 0.03359375
0 0.55546875 0.4796875 0.015625 0.03359375
0 0.53046875 0.45859375 0.01484375 0.028125
0 0.55859375 0.4484375 0.0140625 0.03359375
0 0.5328125 0.42421875 0.0140625 0.02578125
0 0.55546875 0.428125 0.01484375 0.02578125
0 0.53046875 0.39921875 0.0140625 0.028125
0 0.5546875 0.40078125 0.0140625 0.0203125