0 0.396875 0.97109375 0.04296875 0.05390625
0 0.3875 0.93515625 0.03828125 0.0515625
0 0.4515625 0.9015625 0.0359375 0.0484375
0 0.4984375 0.8296875 0.03125 0.04453125
0 0.47421875 0.82578125 0.03046875 0.04453125
0 0.5375 0.7765625 0.028125 0.0390625
0 0.58046875 0.721875 0.02421875 0.03359375
0 0.56328125 0.61796875 0.0203125 0.02421875
0 0.59453125 0.6265625 0.01640625 0.0203125
0 0.5828125 0.6203125 0.01875 0.02578125
0 0.6109375 0.60703125 0.01640625 0.021875
0 0.60625 0.59453125 0.01640625 0.021875
0 0.62421875 0.59375 0.01484375 0.02421875
1 0.584375 0.578125 0.03984375 0.06328125
0 0.61875 0.578125 0.0171875 0.02578125
0 0.63046875 0.55546875 0.01484375 0.01875
0 0.63984375 0.5796875 0.015625 0.02578125
0 0.6453125 0.53984375 0.01171875 0.01640625
0 0.63046875 0.56875 0.01484375 0.021875
0 0.65 0.56875 0.0125 0.021875
0 0.58203125 0.68046875 0.0234375 0.03125
0 0.61796875 0.6703125 0.0203125 0.0296875
0 0.6453125 0.5953125 0.0171875 0.02421875
0 0.5328125 0.746875 0.02734375 0.03515625
0 0.6703125 0.60625 0.03515625 0.0609375
0 0.64453125 0.55546875 0.015625 0.02578125
0 0.6578125 0.54140625 0.0140625 0.0203125
0 0.6671875 0.521875 0.0140625 0.021875
0 0.5015625 0.75703125 0.025 0.03359375
0 0.67890625 0.5359375 0.01171875 0.01640625
0 0.53203125 0.83203125 0.03125 0.04296875
0 0.615625 0.64296875 0.01953125 0.0296875
0 0.41640625 0.63125 0.02265625 0.021875