0 0.525 0.83359375 0.034375 0.1
0 0.475 0.82109375 0.03125 0.08671875
0 0.49453125 0.27890625 0.01484375 0.028125
0 0.57109375 0.390625 0.0234375 0.03359375
0 0.3546875 0.74375 0.03515625 0.08359375
0 0.4015625 0.5140625 0.02421875 0.05390625
0 0.43046875 0.41015625 0.01953125 0.0390625
0 0.42109375 0.36328125 0.0171875 0.03671875
0 0.509375 0.29921875 0.01484375 0.028125
0 0.55 0.2765625 0.01484375 0.028125
0 0.5265625 0.275 0.01484375 0.028125
0 0.5125 0.253125 0.01484375 0.028125
0 0.53828125 0.23984375 0.0125 0.028125
0 0.5109375 0.20625 0.01484375 0.028125
0 0.55390625 0.21953125 0.01484375 0.028125
0 0.5375 0.2046875 0.0140625 0.0203125
0 0.53671875 0.190625 0.01484375 0.02578125
0 0.45078125 0.29921875 0.01484375 0.028125
0 0.43671875 0.278125 0.01484375 0.02578125
0 0.46015625 0.21796875 0.01171875 0.028125
0 0.4796875 0.18203125 0.0140625 0.0203125
0 0.45390625 0.1796875 0.0140625 0.02578125
0 0.58359375 0.94296875 0.03828125 0.1109375
0 0.578125 0.78984375 0.03125 0.1015625
0 0.4640625 0.153125 0.009375 0.0203125
0 0.4859375 0.71484375 0.025 0.07421875
0 0.525 0.71796875 0.02421875 0.071875
0 0.4796875 0.1484375 0.01171875 0.01875
0 0.49609375 0.58046875 0.0234375 0.05
0 0.5734375 0.65625 0.0234375 0.06484375
0 0.49453125 0.51796875 0.02265625 0.04609375
0 0.53046875 0.575 0.02265625 0.05390625
0 0.56796875 0.55703125 0.02421875 0.05546875
0 0.53203125 0.49921875 0.01953125 0.04609375
0 0.5015625 0.46328125 0.01953125 0.040625
0 0.46796875 0.11484375 0.01171875 0.02578125
0 0.53671875 0.4203125 0.01875 0.040625
0 0.8140625 0.28828125 0.0390625 0.03515625
0 0.50625 0.4015625 0.01640625 0.03671875
0 0.4796875 0.09453125 0.0109375 0.02578125
0 0.53359375 0.37109375 0.01484375 0.028125
0 0.51015625 0.34921875 0.01484375 0.028125
0 0.53046875 0.33515625 0.01484375 0.0296875
0 0.46953125 0.09375 0.01484375 0.02421875