0 0.55 0.73046875 0.0265625 0.07578125
0 0.496875 0.73046875 0.03203125 0.0796875
0 0.57265625 0.509375 0.0265625 0.0515625
0 0.6 0.43984375 0.02265625 0.04609375
0 0.7125 0.84453125 0.0328125 0.09609375
0 0.61640625 0.3765625 0.0203125 0.04296875
0 0.54765625 0.48359375 0.02265625 0.0484375
0 0.58984375 0.55 0.02734375 0.05546875
0 0.64921875 0.26640625 0.0125 0.0296875
0 0.7421875 0.434375 0.01953125 0.03515625
0 0.7 0.45625 0.021875 0.0390625
0 0.725 0.515625 0.01875 0.04296875
0 0.62578125 0.64609375 0.03046875 0.06328125
0 0.5953125 0.6890625 0.0390625 0.0703125
0 0.63671875 0.7390625 0.02734375 0.078125
0 0.6171875 0.54921875 0.0234375 0.05703125
0 0.603125 0.7734375 0.0296875 0.071875