0 0.540625 0.74453125 0.0234375 0.07421875
0 0.49296875 0.846875 0.03046875 0.08359375
0 0.503125 0.321875 0.01171875 0.021875
0 0.55078125 0.86171875 0.03125 0.08359375
0 0.57265625 0.503125 0.01484375 0.03515625
0 0.575 0.45703125 0.0140625 0.03671875
0 0.47890625 0.409375 0.01484375 0.0296875
0 0.44921875 0.36796875 0.0140625 0.028125
0 0.48671875 0.296875 0.01484375 0.02421875
0 0.4734375 0.30546875 0.0125 0.02578125
0 0.47734375 0.2765625 0.009375 0.02421875
0 0.4625 0.275 0.01171875 0.0203125
0 0.51953125 0.4234375 0.0140625 0.028125
0 0.565625 0.421875 0.0140625 0.02578125
0 0.5421875 0.40859375 0.0140625 0.028125
0 0.5203125 0.38671875 0.01484375 0.02578125
0 0.5640625 0.39140625 0.0140625 0.02421875
0 0.53828125 0.3703125 0.0140625 0.02578125
0 0.57890625 0.3796875 0.0140625 0.01875
0 0.5578125 0.35625 0.0140625 0.028125
0 0.6234375 0.32890625 0.0234375 0.0203125
0 0.478125 0.24453125 0.0140625 0.01875
0 0.465625 0.2515625 0.009375 0.01875
0 0.478125 0.21328125 0.0109375 0.01875
0 0.490625 0.20703125 0.00859375 0.01875
0 0.425 0.65390625 0.02421875 0.059375
0 0.43984375 0.7546875 0.028125 0.071875
0 0.4078125 0.5765625 0.021875 0.04609375
0 0.3765625 0.5953125 0.0234375 0.04609375
0 0.45859375 0.45 0.01484375 0.03671875
0 0.44296875 0.565625 0.01875 0.04609375
0 0.60078125 0.9734375 0.03203125 0.05
0 0.59140625 0.77890625 0.028125 0.08671875
0 0.50703125 0.70546875 0.02265625 0.05546875
0 0.540625 0.66640625 0.021875 0.05546875
0 0.5109375 0.640625 0.01875 0.04453125
0 0.5828125 0.6390625 0.02265625 0.0515625
0 0.51171875 0.571875 0.0171875 0.040625
0 0.5453125 0.60546875 0.01875 0.04453125
0 0.57890625 0.5859375 0.015625 0.04609375
0 0.54609375 0.559375 0.0171875 0.040625
0 0.51640625 0.52421875 0.0140625 0.03359375
0 0.54765625 0.515625 0.0140625 0.0390625
0 0.51953125 0.47890625 0.0140625 0.028125
0 0.5453125 0.48203125 0.0125 0.028125
0 0.51796875 0.44921875 0.01484375 0.028125
0 0.54453125 0.453125 0.0125 0.03125