0 0.5796875 0.246875 0.015625 0.03125
0 0.27578125 0.3796875 0.0421875 0.04453125
0 0.70234375 0.4765625 0.05078125 0.05703125
0 0.52265625 0.83984375 0.9375 0.31640625
0 0.18046875 0.134375 0.36015625 0.19453125
0 0.49765625 0.23671875 0.01484375 0.03359375
0 0.47578125 0.25078125 0.01484375 0.03125
0 0.39140625 0.35 0.0359375 0.03671875
0 0.11171875 0.44296875 0.06171875 0.04453125
0 0.17109375 0.5 0.0625 0.0484375
0 0.2890625 0.45546875 0.053125 0.040625
0 0.515625 0.27890625 0.0140625 0.03515625
0 0.546875 0.26875 0.015625 0.0296875
0 0.5515625 0.21328125 0.01171875 0.02578125