0 0.5484375 0.67890625 0.03046875 0.090625
0 0.5046875 0.49375 0.028125 0.0609375
0 0.5421875 0.503125 0.0203125 0.05703125
0 0.57890625 0.48984375 0.025 0.0609375
0 0.50859375 0.38828125 0.021875 0.04609375
0 0.53671875 0.37890625 0.02265625 0.05390625
0 0.5671875 0.3734375 0.02265625 0.05
0 0.509375 0.28828125 0.01640625 0.04296875
0 0.7046875 0.36953125 0.0484375 0.0390625
0 0.5109375 0.21640625 0.0171875 0.0296875
0 0.4828125 0.340625 0.0203125 0.04453125
0 0.44609375 0.29375 0.02265625 0.05
0 0.4109375 0.40078125 0.02265625 0.04609375
0 0.3625 0.60859375 0.03203125 0.09453125
0 0.496875 0.675 0.0296875 0.08359375
2 0.60859375 0.73125 0.0578125 0.26328125
0 0.42890625 0.24140625 0.01640625 0.0390625
0 0.41328125 0.2203125 0.0140625 0.03671875
0 0.55546875 0.95078125 0.03828125 0.090625
0 0.78984375 0.4453125 0.04765625 0.05390625