0 0.5171875 0.40859375 0.05078125 0.04296875
0 0.7609375 0.428125 0.05078125 0.04453125
0 0.61640625 0.42578125 0.040625 0.040625
0 0.8609375 0.40625 0.0484375 0.03125
0 0.1609375 0.53828125 0.07109375 0.05703125
0 0.72734375 0.36953125 0.04765625 0.0390625
0 0.75625 0.390625 0.04765625 0.03671875
0 0.6625 0.3859375 0.05546875 0.04609375
0 0.515625 0.38125 0.046875 0.040625
0 0.94453125 0.38515625 0.053125 0.03359375
0 0.346875 0.49609375 0.059375 0.0484375
0 0.15625 0.49375 0.05625 0.05703125
0 0.7046875 0.41015625 0.0515625 0.0390625
0 0.91171875 0.36953125 0.03984375 0.0390625
0 0.271875 0.46953125 0.0609375 0.04609375
0 0.8546875 0.38515625 0.053125 0.03671875
0 0.34140625 0.86875 0.06328125 0.1515625
0 0.54296875 0.4703125 0.0484375 0.0484375
0 0.19375 0.38359375 0.059375 0.040625
0 0.2078125 0.403125 0.0484375 0.04609375
0 0.2671875 0.41171875 0.04609375 0.04609375
1 0.38984375 0.3765625 0.059375 0.05390625
0 0.46640625 0.43046875 0.05390625 0.04296875