2 0.740625 0.325 0.115625 0.071875
0 0.58125 0.38125 0.0484375 0.03359375
0 0.3421875 0.4546875 0.0640625 0.04296875
0 0.41796875 0.42578125 0.05625 0.040625
0 0.3921875 0.35078125 0.05 0.03515625
0 0.28046875 0.703125 0.04296875 0.10546875
0 0.16953125 0.35625 0.04765625 0.0390625
0 0.234375 0.384375 0.053125 0.04296875
0 0.3234375 0.3984375 0.053125 0.040625
0 0.0703125 0.45859375 0.0640625 0.04609375
0 0.7 0.4796875 0.059375 0.0515625
0 0.08125 0.36796875 0.05078125 0.0390625
0 0.63359375 0.4515625 0.0625 0.04453125
1 0.93828125 0.4140625 0.0640625 0.05703125