0 0.234375 0.67109375 0.0703125 0.07578125
0 0.74296875 0.06328125 0.03984375 0.04453125
0 0.7015625 0.12890625 0.04296875 0.05
0 0.87109375 0.04609375 0.04296875 0.0484375
0 0.78203125 0.07421875 0.03828125 0.04453125
0 0.83828125 0.02890625 0.0421875 0.04609375
0 0.31953125 0.61484375 0.0640625 0.07421875
0 0.290625 0.5734375 0.0703125 0.08359375
0 0.396875 0.534375 0.06171875 0.06484375
0 0.3734375 0.503125 0.06171875 0.06875
0 0.0703125 0.86796875 0.140625 0.21328125
0 0.12578125 0.70546875 0.0703125 0.078125
0 0.75546875 0.13046875 0.0421875 0.05
0 0.525 0.06171875 0.03984375 0.0390625
0 0.47109375 0.146875 0.03203125 0.04609375