0 0.625 0.40625 0.053125 0.0390625
0 0.8671875 0.42109375 0.0484375 0.04296875
0 0.7296875 0.428125 0.04296875 0.03671875
0 0.134375 0.5359375 0.07109375 0.05
0 0.83671875 0.3703125 0.04765625 0.040625
0 0.8265625 0.39140625 0.053125 0.03515625
0 0.01953125 0.503125 0.0390625 0.05
0 0.72578125 0.3859375 0.05546875 0.04609375
0 0.6296875 0.37890625 0.0453125 0.0390625
0 0.98828125 0.38671875 0.021875 0.0296875
0 0.28046875 0.4984375 0.0609375 0.0515625
0 0.1265625 0.49296875 0.0546875 0.059375
0 0.7953125 0.40703125 0.05078125 0.040625
0 0.9828125 0.36796875 0.03125 0.0390625
0 0.9125 0.3859375 0.0515625 0.0390625
0 0.4015625 0.68203125 0.0546875 0.0984375
0 0.4234375 0.4703125 0.0484375 0.04453125
0 0.17734375 0.39140625 0.05 0.03125
0 0.1703125 0.409375 0.04765625 0.040625
0 0.07734375 0.42421875 0.05 0.04453125
0 0.334375 0.38203125 0.0546875 0.0390625
0 0.2375 0.43671875 0.05625 0.04453125
0 0.3578125 0.4 0.04609375 0.040625
0 0.4046875 0.41015625 0.04375 0.04609375
1 0.5 0.37890625 0.0609375 0.05
0 0.58828125 0.4296875 0.0515625 0.040625