0 0.45546875 0.96640625 0.034375 0.06328125
0 0.4828125 0.33984375 0.01484375 0.028125
0 0.5015625 0.28203125 0.01484375 0.028125
0 0.534375 0.246875 0.01484375 0.028125
0 0.5171875 0.25625 0.01484375 0.028125
0 0.503125 0.2359375 0.01484375 0.028125
0 0.51640625 0.20859375 0.01484375 0.028125
0 0.50078125 0.1765625 0.01484375 0.028125
0 0.5421875 0.20625 0.01484375 0.028125
0 0.5265625 0.18828125 0.01484375 0.028125
0 0.5203125 0.1734375 0.01484375 0.028125
0 0.3703125 0.72890625 0.034375 0.08359375
0 0.3796875 0.51640625 0.02265625 0.04453125
0 0.42734375 0.40078125 0.01875 0.03125
0 0.45625 0.3109375 0.01484375 0.03359375
0 0.4234375 0.3234375 0.01484375 0.028125
1 0.57578125 0.96484375 0.034375 0.06640625
0 0.44609375 0.2640625 0.01484375 0.028125
0 0.471875 0.81953125 0.0296875 0.08359375
0 0.51328125 0.9046875 0.034375 0.1015625
0 0.465625 0.246875 0.01484375 0.028125
0 0.48359375 0.65390625 0.02421875 0.05546875
0 0.565625 0.7359375 0.028125 0.08359375
0 0.48515625 0.56171875 0.02421875 0.05390625
0 0.51953125 0.6 0.0234375 0.0484375
0 0.55703125 0.5609375 0.02421875 0.05546875
0 0.5234375 0.49609375 0.01953125 0.040625
0 0.49375 0.47421875 0.01953125 0.040625
0 0.45859375 0.18203125 0.01484375 0.028125
0 0.52734375 0.40546875 0.0140625 0.03671875
0 0.659375 0.32890625 0.0359375 0.04296875
0 0.503125 0.39140625 0.0140625 0.03515625
0 0.46953125 0.1546875 0.01484375 0.028125
0 0.5265625 0.35078125 0.01484375 0.028125
0 0.50234375 0.32890625 0.01484375 0.028125
0 0.5203125 0.315625 0.01484375 0.028125
0 0.45546875 0.14140625 0.01484375 0.028125