0 0.5140625 0.71953125 0.0359375 0.08359375
0 0.55625 0.6015625 0.03125 0.07421875
0 0.74140625 0.35703125 0.0171875 0.03359375
0 0.57265625 0.5015625 0.0265625 0.059375
0 0.47734375 0.953125 0.04609375 0.090625
0 0.621875 0.35859375 0.01875 0.0390625
0 0.7484375 0.1953125 0.01171875 0.02421875
0 0.7203125 0.2296875 0.0140625 0.0296875
0 0.74296875 0.225 0.0125 0.02421875
0 0.615625 0.58984375 0.0375 0.05703125
0 0.6 0.6546875 0.0390625 0.071875
0 0.6359375 0.6609375 0.028125 0.0703125
0 0.621875 0.52421875 0.0234375 0.059375
0 0.6109375 0.90390625 0.0359375 0.11875
0 0.6078125 0.73984375 0.03125 0.07578125