0 0.4796875 0.95859375 0.0359375 0.07578125
0 0.49609375 0.66796875 0.0296875 0.08359375
0 0.53671875 0.584375 0.02421875 0.07578125
0 0.4984375 0.49296875 0.0234375 0.059375
0 0.4796875 0.3359375 0.01640625 0.04609375
0 0.440625 0.14921875 0.01484375 0.028125
0 0.421875 0.17109375 0.0140625 0.02421875
0 0.5953125 0.94140625 0.03515625 0.11328125
0 0.56875 0.51328125 0.02421875 0.06328125
1 0.56484375 0.36328125 0.02421875 0.05546875
0 0.503125 0.3859375 0.021875 0.04609375
0 0.5265625 0.26171875 0.01875 0.0390625
0 0.50390625 0.30625 0.0171875 0.0390625
0 0.55 0.24140625 0.01484375 0.03515625
0 0.50546875 0.215625 0.01484375 0.03515625
0 0.51875 0.153125 0.01484375 0.028125
0 0.53984375 0.1453125 0.01484375 0.028125
0 0.51796875 0.11953125 0.01484375 0.028125
0 0.3859375 0.49453125 0.02734375 0.06640625
0 0.4015625 0.29609375 0.0171875 0.03671875
0 0.440625 0.309375 0.0203125 0.06640625
0 0.45390625 0.209375 0.01640625 0.0296875
0 0.4625 0.15078125 0.01484375 0.028125