1 0.484375 0.8734375 0.040625 0.11640625
0 0.3875 0.903125 0.04609375 0.11640625
0 0.6921875 0.334375 0.01875 0.0390625
0 0.4515625 0.63828125 0.0359375 0.08671875
0 0.49296875 0.671875 0.0359375 0.0890625
0 0.55078125 0.565625 0.0296875 0.071875
0 0.534375 0.4859375 0.03125 0.071875
0 0.57109375 0.4640625 0.0296875 0.06484375
0 0.5734375 0.378125 0.0203125 0.04453125
0 0.58984375 0.30546875 0.01953125 0.04453125
0 0.61953125 0.30859375 0.01875 0.0390625
0 0.61484375 0.540625 0.02421875 0.06328125
0 0.584375 0.55703125 0.0328125 0.059375
0 0.6171875 0.66875 0.0375 0.07421875
0 0.61328125 0.3796875 0.01953125 0.04453125
0 0.58984375 0.628125 0.02734375 0.07421875