0 0.42890625 0.934375 0.0375 0.05390625
0 0.47734375 0.86171875 0.0328125 0.04609375
0 0.446875 0.86640625 0.034375 0.0484375
0 0.521875 0.8046875 0.03125 0.04296875
0 0.5671875 0.74609375 0.02421875 0.03359375
0 0.56484375 0.6234375 0.0203125 0.02421875
0 0.5984375 0.6265625 0.0171875 0.02421875
0 0.58359375 0.62421875 0.01875 0.02578125
0 0.61484375 0.61015625 0.01875 0.02421875
0 0.60859375 0.5984375 0.01640625 0.021875
0 0.62734375 0.59921875 0.01484375 0.02421875
1 0.58984375 0.584375 0.040625 0.06484375
0 0.62109375 0.58359375 0.0171875 0.02578125
0 0.6359375 0.55703125 0.01484375 0.01875
0 0.6421875 0.58359375 0.015625 0.02578125
0 0.653125 0.54140625 0.01171875 0.01640625
0 0.634375 0.571875 0.01484375 0.021875
0 0.65390625 0.5703125 0.0125 0.021875
0 0.565625 0.7109375 0.02421875 0.03359375
0 0.6078125 0.69296875 0.0203125 0.0296875
0 0.63359375 0.62109375 0.021875 0.02421875
0 0.65859375 0.60390625 0.01640625 0.02578125
0 0.509375 0.78203125 0.0296875 0.03515625
0 0.6625 0.628125 0.03828125 0.06640625
0 0.6484375 0.559375 0.015625 0.02578125
0 0.66484375 0.54375 0.0140625 0.0203125
0 0.67578125 0.521875 0.0140625 0.021875
0 0.47109375 0.7984375 0.028125 0.03359375
0 0.68828125 0.5359375 0.01171875 0.01640625
0 0.48515625 0.90703125 0.0375 0.0484375
0 0.60078125 0.66875 0.0203125 0.0296875
0 0.43828125 0.64296875 0.02265625 0.021875