0 0.4390625 0.9390625 0.03828125 0.0515625
0 0.44140625 0.8859375 0.03515625 0.05
0 0.49296875 0.85546875 0.03203125 0.04453125
0 0.5140625 0.86875 0.03203125 0.0515625
0 0.53515625 0.78984375 0.02734375 0.0390625
0 0.52109375 0.77109375 0.0265625 0.0390625
0 0.565625 0.74296875 0.0265625 0.03671875
0 0.60234375 0.69453125 0.02421875 0.03359375
0 0.5515625 0.63046875 0.0203125 0.02421875
0 0.584375 0.63671875 0.01640625 0.021875
0 0.575 0.628125 0.01875 0.02578125
0 0.603125 0.61484375 0.01640625 0.021875
0 0.596875 0.6015625 0.01640625 0.021875
0 0.61796875 0.60078125 0.01484375 0.02421875
1 0.57734375 0.59296875 0.0390625 0.06328125
0 0.61015625 0.58515625 0.0171875 0.02578125
0 0.6140625 0.56875 0.01484375 0.01875
0 0.63125 0.58515625 0.015625 0.02578125
0 0.62890625 0.553125 0.01171875 0.01640625
0 0.62265625 0.57578125 0.01484375 0.021875
0 0.63984375 0.571875 0.0125 0.021875
0 0.61015625 0.6484375 0.0203125 0.0296875
0 0.6375 0.64609375 0.0203125 0.0296875
0 0.665625 0.5734375 0.01640625 0.02421875
0 0.56875 0.703125 0.02265625 0.03125
0 0.67890625 0.58984375 0.03125 0.05390625
0 0.63359375 0.56328125 0.015625 0.02578125
0 0.646875 0.553125 0.0140625 0.0203125
0 0.65 0.53515625 0.0140625 0.021875
0 0.52421875 0.70546875 0.01640625 0.02578125
0 0.659375 0.5546875 0.01171875 0.01640625
0 0.596875 0.74296875 0.02421875 0.03671875
0 0.634375 0.615625 0.01875 0.028125
0 0.37421875 0.63125 0.02265625 0.021875