0 0.44609375 0.30078125 0.02734375 0.03515625
0 0.27421875 0.36796875 0.0296875 0.04609375
0 0.0328125 0.48671875 0.05625 0.0515625
0 0.41953125 0.378125 0.0359375 0.0484375
0 0.91328125 0.29609375 0.028125 0.0296875
0 0.68671875 0.77578125 0.615625 0.44453125
0 0.059375 0.21953125 0.11796875 0.1609375
0 0.29921875 0.18515625 0.01484375 0.02578125
0 0.275 0.184375 0.0140625 0.02421875
0 0.3078125 0.31171875 0.01953125 0.04296875
0 0.04296875 0.65390625 0.08203125 0.06640625
0 0.0671875 0.57578125 0.06953125 0.05546875
0 0.32421875 0.215625 0.0171875 0.028125
0 0.4109375 0.32890625 0.021875 0.03515625
0 0.3859375 0.27421875 0.01875 0.03359375