0 0.46484375 0.640625 0.040625 0.1
0 0.3125 0.35078125 0.0484375 0.03515625
0 0.153125 0.3703125 0.05078125 0.040625
2 0.15078125 0.34140625 0.0984375 0.06875
0 0.4328125 0.36328125 0.04609375 0.03671875
0 0.2765625 0.390625 0.0515625 0.03359375
0 0.58984375 0.365625 0.04296875 0.03125
0 0.39140625 0.38203125 0.04609375 0.04609375
0 0.64921875 0.60859375 0.0390625 0.07578125
0 0.38203125 0.465625 0.0625 0.05390625
0 0.6296875 0.37890625 0.04765625 0.0390625
0 0.09453125 0.4484375 0.065625 0.0515625
0 0.82734375 0.375 0.05078125 0.03515625
0 0.909375 0.346875 0.05390625 0.03515625