0 0.59375 0.9546875 0.03515625 0.08359375
0 0.58515625 0.7 0.02734375 0.08515625
0 0.46875 0.63828125 0.02734375 0.07578125
0 0.5671875 0.47421875 0.021875 0.05546875
0 0.53828125 0.475 0.0203125 0.05390625
0 0.540625 0.3 0.0171875 0.0296875
0 0.56171875 0.28203125 0.01484375 0.03125
0 0.53515625 0.15546875 0.009375 0.021875
0 0.54453125 0.1984375 0.0109375 0.021875
0 0.521875 0.13984375 0.00859375 0.01640625
0 0.54609375 0.121875 0.00859375 0.021875
0 0.5359375 0.11171875 0.009375 0.02421875
0 0.59296875 0.3015625 0.015625 0.0296875
0 0.69375 0.74140625 0.03125 0.07578125
0 0.51015625 0.47578125 0.02265625 0.059375
0 0.6859375 0.49453125 0.02734375 0.05546875
0 0.74453125 0.765625 0.03984375 0.08671875
0 0.646875 0.74375 0.0359375 0.08671875
0 0.64765625 0.4796875 0.025 0.04453125
0 0.63203125 0.39453125 0.0203125 0.03671875
0 0.60625 0.39921875 0.01875 0.0390625