0 0.6046875 0.30625 0.01640625 0.028125
0 0.56328125 0.32109375 0.01640625 0.03515625
0 0.55859375 0.703125 0.03125 0.0984375
0 0.54296875 0.2140625 0.0140625 0.0203125
0 0.6671875 0.39921875 0.021875 0.03515625
0 0.47109375 0.509375 0.0203125 0.06328125
0 0.50390625 0.59375 0.021875 0.0609375
0 0.5171875 0.428125 0.01953125 0.0484375
0 0.5484375 0.465625 0.021875 0.05
0 0.4796875 0.353125 0.01640625 0.0390625
0 0.5046875 0.34609375 0.015625 0.03671875
0 0.478125 0.26484375 0.0125 0.0296875
0 0.5046875 0.28125 0.015625 0.0296875
0 0.4828125 0.23515625 0.01171875 0.02578125
0 0.496875 0.21015625 0.0140625 0.0203125