0 0.440625 0.93984375 0.0359375 0.05
0 0.3875 0.96171875 0.0375 0.05390625
0 0.490625 0.875 0.0359375 0.05
0 0.540625 0.8109375 0.0296875 0.03671875
0 0.56796875 0.646875 0.0203125 0.02421875
0 0.60234375 0.65390625 0.01484375 0.02578125
0 0.5875 0.646875 0.01953125 0.028125
0 0.61875 0.6359375 0.01875 0.02421875
0 0.6140625 0.62421875 0.01640625 0.021875
0 0.63359375 0.6234375 0.01484375 0.02421875
1 0.60078125 0.603125 0.040625 0.06484375
0 0.628125 0.60546875 0.0171875 0.02578125
0 0.65390625 0.5703125 0.01484375 0.01875
0 0.6515625 0.60546875 0.015625 0.02578125
0 0.66875 0.5546875 0.01171875 0.01640625
0 0.63984375 0.59609375 0.01484375 0.021875
0 0.66328125 0.590625 0.0125 0.021875
0 0.52734375 0.790625 0.0296875 0.03671875
0 0.58515625 0.75390625 0.0234375 0.0296875
0 0.6078125 0.68515625 0.02265625 0.02578125
0 0.6390625 0.65703125 0.0171875 0.0296875
0 0.4578125 0.871875 0.034375 0.04453125
0 0.646875 0.68125 0.0421875 0.07421875
0 0.325 0.64296875 0.02734375 0.0296875
0 0.6578125 0.5796875 0.015625 0.02578125
0 0.68125 0.55859375 0.0140625 0.0203125
0 0.69453125 0.53359375 0.0140625 0.021875
0 0.38671875 0.92421875 0.0375 0.040625
0 0.7125 0.54140625 0.01171875 0.01640625
0 0.571875 0.73828125 0.02265625 0.03125
0 0.478125 0.68203125 0.01953125 0.02421875
0 0.75234375 0.55390625 0.01484375 0.02578125