0 0.52265625 0.8765625 0.034375 0.1015625
0 0.47265625 0.83828125 0.03125 0.08671875
0 0.49296875 0.2859375 0.01484375 0.028125
0 0.5796875 0.38671875 0.021875 0.0296875
0 0.3796875 0.621875 0.0328125 0.07421875
0 0.415625 0.4796875 0.0203125 0.04453125
0 0.409375 0.4109375 0.0203125 0.04453125
0 0.51015625 0.2953125 0.01484375 0.028125
0 0.54765625 0.26953125 0.01484375 0.028125
0 0.5265625 0.26953125 0.01484375 0.028125
0 0.51328125 0.246875 0.01484375 0.028125
0 0.5359375 0.234375 0.01484375 0.028125
0 0.51015625 0.20078125 0.01484375 0.028125
0 0.553125 0.21953125 0.01484375 0.028125
0 0.5359375 0.2046875 0.01484375 0.02421875
0 0.534375 0.184375 0.01484375 0.028125
0 0.44375 0.34140625 0.021875 0.03515625
0 0.43203125 0.3 0.01484375 0.02578125
0 0.4578125 0.23828125 0.01484375 0.028125
0 0.47734375 0.20078125 0.01484375 0.028125
0 0.45 0.20078125 0.0140625 0.028125
0 0.57890625 0.821875 0.03203125 0.10390625
0 0.4640625 0.16796875 0.009375 0.0203125
0 0.4859375 0.721875 0.02421875 0.07421875
0 0.5234375 0.746875 0.025 0.08359375
0 0.478125 0.16640625 0.01171875 0.01875
0 0.49609375 0.584375 0.0234375 0.05
0 0.57265625 0.6703125 0.02421875 0.06328125
0 0.49375 0.52109375 0.02265625 0.04609375
0 0.5296875 0.5734375 0.01953125 0.04609375
0 0.5671875 0.55546875 0.02421875 0.05546875
0 0.53125 0.4953125 0.01953125 0.04609375
0 0.5015625 0.4609375 0.01953125 0.040625
0 0.46796875 0.1265625 0.0140625 0.028125
0 0.53515625 0.41953125 0.0171875 0.0390625
0 0.78046875 0.2953125 0.03984375 0.03515625
0 0.50625 0.40078125 0.01875 0.0390625
0 0.4796875 0.1015625 0.0109375 0.02578125
0 0.5328125 0.365625 0.01484375 0.028125
0 0.51015625 0.34375 0.01484375 0.028125
0 0.53046875 0.33203125 0.01484375 0.03515625
0 0.46796875 0.096875 0.01484375 0.02421875