0 0.509375 0.88515625 0.0421875 0.11875
0 0.4796875 0.75703125 0.03984375 0.1109375
0 0.5421875 0.63359375 0.03203125 0.08515625
0 0.5328125 0.54609375 0.03046875 0.059375
0 0.5625 0.4265625 0.025 0.05703125
0 0.6078125 0.39296875 0.0203125 0.04453125
0 0.5828125 0.3703125 0.0234375 0.0484375
0 0.60625 0.27890625 0.01640625 0.03515625
0 0.696875 0.15546875 0.0140625 0.02578125
0 0.61875 0.23125 0.01640625 0.03359375
0 0.63046875 0.18671875 0.01640625 0.03359375
0 0.6359375 0.15546875 0.0140625 0.0296875
0 0.621875 0.33984375 0.01953125 0.04296875
0 0.6140625 0.59609375 0.025 0.06640625
0 0.5828125 0.61796875 0.034375 0.071875
0 0.621875 0.6890625 0.02734375 0.078125
0 0.60546875 0.4609375 0.021875 0.05546875
0 0.58984375 0.7 0.025 0.07421875