0 0.7546875 0.38203125 0.0546875 0.03515625
2 0.6453125 0.2765625 0.034375 0.05390625
2 0.65546875 0.321875 0.1109375 0.0703125
0 0.47421875 0.37421875 0.04765625 0.03359375
0 0.5015625 0.440625 0.06171875 0.040625
0 0.6171875 0.41484375 0.0546875 0.040625
0 0.3328125 0.3453125 0.05 0.03515625
0 0.2875 0.9234375 0.059375 0.14609375
0 0.0640625 0.3515625 0.05 0.03671875
0 0.11328125 0.375 0.053125 0.04296875
0 0.1765625 0.39296875 0.053125 0.040625
0 0.215625 0.44296875 0.06328125 0.04453125
0 0.0515625 0.41953125 0.06171875 0.04296875
0 0.0578125 0.44453125 0.06328125 0.04453125
0 0.0765625 0.48125 0.06640625 0.04453125