0 0.6140625 0.65 0.0203125 0.05546875
1 0.66484375 0.728125 0.021875 0.0703125
0 0.46328125 0.6515625 0.028125 0.059375
0 0.53046875 0.609375 0.0234375 0.05546875
0 0.0578125 0.34140625 0.03125 0.028125
1 0.50234375 0.49609375 0.03046875 0.0703125
0 0.52265625 0.54921875 0.0234375 0.05
0 0.53828125 0.4203125 0.01875 0.03359375
0 0.5375 0.478125 0.02265625 0.040625
0 0.5484375 0.5203125 0.021875 0.04453125
1 0.67421875 0.43359375 0.02421875 0.10703125
0 0.57109375 0.46796875 0.02265625 0.0390625
1 0.58203125 0.43046875 0.0171875 0.0390625
0 0.5703125 0.328125 0.0140625 0.03359375
0 0.646875 0.3203125 0.01484375 0.02578125
0 0.6515625 0.35390625 0.01484375 0.02578125
0 0.6640625 0.31484375 0.0140625 0.02578125
0 0.56484375 0.40703125 0.01875 0.03671875
0 0.5921875 0.4 0.01875 0.03359375
0 0.5859375 0.35078125 0.0171875 0.03515625
0 0.59765625 0.36875 0.01953125 0.03671875
0 0.5953125 0.3234375 0.0125 0.02421875
0 0.603125 0.29375 0.0125 0.02421875
0 0.5953125 0.5296875 0.01953125 0.040625
0 0.5734375 0.5390625 0.02734375 0.0484375
0 0.55546875 0.80546875 0.03125 0.078125
0 0.6109375 0.35078125 0.01484375 0.028125
0 0.58125 0.61953125 0.0203125 0.04609375