0 0.7953125 0.87578125 0.06171875 0.1296875
0 0.53046875 0.8390625 0.034375 0.121875
0 0.53046875 0.6484375 0.03046875 0.08515625
0 0.6203125 0.33125 0.015625 0.0296875
0 0.571875 0.3234375 0.01640625 0.03515625
1 0.5203125 0.43359375 0.02421875 0.07421875
0 0.4796875 0.434375 0.015625 0.04296875
0 0.49921875 0.38828125 0.01484375 0.0390625
0 0.5328125 0.35 0.0171875 0.040625
0 0.5578125 0.23359375 0.01484375 0.021875
0 0.6296875 0.28984375 0.0171875 0.028125
0 0.48046875 0.27421875 0.0140625 0.03671875
0 0.51171875 0.29921875 0.0140625 0.03125
0 0.5109375 0.2484375 0.0125 0.02578125
0 0.52734375 0.24453125 0.0140625 0.02578125
0 0.48359375 0.2140625 0.0109375 0.02421875
0 0.50234375 0.21015625 0.0125 0.02421875