0 0.69375 0.48203125 0.06875 0.06484375
0 0.3859375 0.56171875 0.08203125 0.07578125
0 0.54765625 0.534375 0.06640625 0.0796875
0 0.4015625 0.31796875 0.05859375 0.04609375
0 0.803125 0.2984375 0.053125 0.040625
0 0.909375 0.4640625 0.06328125 0.0609375
0 0.85546875 0.5 0.06640625 0.06328125
0 0.9578125 0.53828125 0.0703125 0.06484375
0 0.9796875 0.29296875 0.03515625 0.04453125
0 0.4734375 0.21640625 0.0265625 0.06328125
0 0.6328125 0.33515625 0.0625 0.059375
0 0.7703125 0.3734375 0.0578125 0.04609375
0 0.39375 0.44296875 0.0671875 0.06328125
0 0.60625 0.5890625 0.0734375 0.078125
0 0.29453125 0.46640625 0.0734375 0.06328125
0 0.19296875 0.4890625 0.096875 0.06328125
0 0.44453125 0.353125 0.0625 0.05
0 0.3265625 0.4015625 0.0734375 0.0515625
0 0.2609375 0.371875 0.06875 0.0515625