0 0.69453125 0.50078125 0.071875 0.07578125
0 0.925 0.5046875 0.05390625 0.04609375
0 0.46171875 0.5296875 0.0578125 0.06328125
0 0.825 0.5296875 0.0484375 0.0484375
0 0.15703125 0.40546875 0.05390625 0.040625
0 0.490625 0.16171875 0.01484375 0.03515625
0 0.3 0.4015625 0.05078125 0.0484375
0 0.29609375 0.4359375 0.05390625 0.04609375
0 0.23515625 0.46015625 0.0484375 0.04296875
0 0.565625 0.2984375 0.03125 0.04453125
0 0.86640625 0.571875 0.053125 0.05546875
0 0.46015625 0.4515625 0.0515625 0.04453125
0 0.67734375 0.396875 0.03984375 0.04296875
0 0.72265625 0.45078125 0.0484375 0.0390625
0 0.4390625 0.60859375 0.06953125 0.05703125
0 0.34609375 0.57109375 0.065625 0.05703125
0 0.128125 0.5546875 0.0703125 0.06875
0 0.490625 0.334375 0.0203125 0.05703125
0 0.08359375 0.590625 0.0734375 0.0515625
0 0.42734375 0.48828125 0.05390625 0.05
0 0.35546875 0.50078125 0.05859375 0.05390625
0 0.27734375 0.5109375 0.0703125 0.05546875
0 0.884375 0.4546875 0.0421875 0.04609375
0 0.934375 0.42578125 0.04296875 0.03671875
0 0.7484375 0.4234375 0.0421875 0.04609375
0 0.85703125 0.42890625 0.04609375 0.04609375
0 0.8390625 0.39921875 0.04296875 0.0390625