0 0.35390625 0.95859375 0.05390625 0.071875
0 0.4078125 0.8890625 0.04375 0.059375
0 0.559375 0.54140625 0.0234375 0.03125
0 0.5859375 0.54453125 0.0234375 0.03359375
0 0.62578125 0.525 0.02421875 0.03515625
0 0.6203125 0.50703125 0.0203125 0.0296875
0 0.64765625 0.50625 0.01953125 0.03125
1 0.640625 0.453125 0.046875 0.071875
0 0.640625 0.484375 0.01953125 0.03515625
0 0.7203125 0.4046875 0.01640625 0.028125
0 0.69609375 0.46015625 0.01953125 0.028125
0 0.746875 0.3765625 0.01484375 0.02421875
0 0.6609375 0.471875 0.01875 0.0296875
0 0.73125 0.425 0.01875 0.02421875
0 0.31171875 0.95703125 0.05546875 0.06640625
0 0.465625 0.8234375 0.03984375 0.05703125
0 0.4546875 0.7859375 0.040625 0.0609375
0 0.51171875 0.71640625 0.0328125 0.0484375
0 0.52421875 0.76640625 0.084375 0.13671875
0 0.70390625 0.4296875 0.01875 0.0296875
0 0.75 0.38984375 0.0171875 0.0203125
0 0.77890625 0.353125 0.01640625 0.02421875
0 0.3875 0.86796875 0.04296875 0.0609375
0 0.41640625 0.78671875 0.03203125 0.04453125
0 0.60078125 0.55390625 0.025 0.03671875
0 0.26875 0.54375 0.03203125 0.028125
0 0.22109375 0.4359375 0.01640625 0.03125
0 0.7890625 0.340625 0.0140625 0.01875
0 0.6890625 0.515625 0.021875 0.02421875