0 0.5015625 0.90703125 0.0265625 0.0484375
0 0.5203125 0.9484375 0.03203125 0.059375
0 0.52890625 0.834375 0.0203125 0.04296875
0 0.5640625 0.80859375 0.0234375 0.04296875
0 0.55546875 0.75859375 0.01640625 0.03515625
0 0.58125 0.753125 0.01953125 0.03125
0 0.61640625 0.71875 0.0171875 0.0296875
0 0.59609375 0.69453125 0.01640625 0.0296875
0 0.590625 0.671875 0.01640625 0.0296875
0 0.60859375 0.66640625 0.015625 0.0296875
0 0.621875 0.63984375 0.0171875 0.028125
0 0.4953125 0.70859375 0.0203125 0.02421875
0 0.534375 0.715625 0.015625 0.02421875
0 0.53046875 0.6859375 0.01875 0.028125
0 0.55546875 0.678125 0.015625 0.021875
0 0.5515625 0.659375 0.01640625 0.021875
0 0.57109375 0.65078125 0.01484375 0.02421875
1 0.53046875 0.64375 0.03125 0.06484375
0 0.56328125 0.63203125 0.0125 0.02421875
0 0.55546875 0.62421875 0.0125 0.01875
0 0.584375 0.6296875 0.015625 0.02578125
0 0.56796875 0.60625 0.0109375 0.0203125
0 0.57578125 0.61328125 0.01484375 0.021875
0 0.59296875 0.61328125 0.0125 0.021875
0 0.63984375 0.61171875 0.015625 0.02421875
0 0.6078125 0.628125 0.0140625 0.01875
0 0.58515625 0.6 0.015625 0.02578125
0 0.5890625 0.596875 0.0140625 0.0203125
0 0.584375 0.58359375 0.0140625 0.021875
0 0.4078125 0.6796875 0.021875 0.02578125
0 0.6 0.5984375 0.0125 0.021875
0 0.64609375 0.62578125 0.01484375 0.02578125