0 0.23984375 0.4359375 0.05390625 0.04296875
0 0.03203125 0.43984375 0.04609375 0.04296875
0 0.49609375 0.43046875 0.0546875 0.04296875
0 0.8234375 0.37421875 0.053125 0.040625
0 0.75546875 0.390625 0.05 0.040625
0 0.89921875 0.40703125 0.05625 0.04453125
0 0.4828125 0.41875 0.04609375 0.03671875
0 0.4703125 0.53046875 0.0671875 0.05390625
0 0.709375 0.46015625 0.05390625 0.05
0 0.35546875 0.53671875 0.06875 0.05546875
0 0.1578125 0.384375 0.053125 0.04296875
0 0.4 0.3984375 0.05390625 0.040625
0 0.259375 0.49921875 0.06328125 0.04609375
0 0.26875 0.39375 0.06171875 0.04609375
0 0.73203125 0.559375 0.06328125 0.06328125
0 0.653125 0.396875 0.05078125 0.0390625
0 0.65703125 0.41484375 0.05625 0.03671875
0 0.51484375 0.4890625 0.05078125 0.0515625
0 0.2203125 0.41953125 0.0515625 0.0390625
0 0.4796875 0.378125 0.03515625 0.04453125
0 0.5578125 0.3953125 0.05 0.04296875
0 0.0515625 0.53671875 0.07890625 0.05546875