0 0.29609375 0.971875 0.0625 0.0515625
0 0.3640625 0.89921875 0.0515625 0.07578125
0 0.55625 0.4984375 0.02734375 0.03359375
0 0.5828125 0.49609375 0.0265625 0.040625
0 0.63125 0.4765625 0.02734375 0.03515625
0 0.621875 0.46328125 0.02265625 0.0296875
0 0.65703125 0.4515625 0.02265625 0.03359375
1 0.6609375 0.38515625 0.05 0.07421875
0 0.6421875 0.43359375 0.02265625 0.03671875
0 0.75078125 0.33046875 0.01640625 0.028125
0 0.715625 0.3953125 0.01953125 0.028125
0 0.78046875 0.303125 0.01484375 0.02421875
0 0.6671875 0.41796875 0.021875 0.03125
0 0.76328125 0.34921875 0.01875 0.02421875
0 0.396875 0.81015625 0.05078125 0.06875
0 0.4546875 0.81796875 0.10859375 0.1796875
0 0.72890625 0.3609375 0.02265625 0.03359375
0 0.78125 0.31875 0.01953125 0.021875
0 0.82109375 0.26953125 0.01640625 0.02421875
0 0.32265625 0.8984375 0.04765625 0.0703125
0 0.2546875 0.9265625 0.04609375 0.0609375
0 0.59921875 0.509375 0.0265625 0.03671875
0 0.29296875 0.47890625 0.0328125 0.03125
0 0.2375 0.390625 0.0171875 0.03359375
0 0.659375 0.503125 0.028125 0.03125