0 0.4875 0.884375 0.02734375 0.04609375
0 0.53046875 0.85 0.028125 0.04453125
0 0.5328125 0.796875 0.0265625 0.04609375
0 0.56328125 0.78359375 0.02421875 0.03671875
0 0.5953125 0.77578125 0.02421875 0.03359375
0 0.61796875 0.71015625 0.01953125 0.03125
0 0.58671875 0.725 0.01875 0.03125
0 0.58125 0.6984375 0.0171875 0.0296875
0 0.60625 0.68828125 0.01875 0.03125
0 0.625 0.6546875 0.0171875 0.028125
0 0.51796875 0.67890625 0.0203125 0.02421875
0 0.55390625 0.684375 0.015625 0.02421875
0 0.54921875 0.66328125 0.01875 0.02578125
0 0.5734375 0.65390625 0.01640625 0.021875
0 0.56953125 0.6390625 0.01640625 0.021875
0 0.5890625 0.63203125 0.01484375 0.02421875
1 0.5484375 0.62578125 0.03203125 0.059375
0 0.5828125 0.6140625 0.0125 0.02421875
0 0.57734375 0.60390625 0.0140625 0.01875
0 0.6046875 0.6109375 0.015625 0.02578125
0 0.590625 0.58828125 0.01171875 0.01640625
0 0.59609375 0.6 0.01484375 0.021875
0 0.61484375 0.5984375 0.0125 0.021875
0 0.63359375 0.60703125 0.015625 0.02578125
0 0.64921875 0.62109375 0.015625 0.02421875
0 0.60703125 0.6484375 0.01640625 0.02578125
0 0.60546875 0.5890625 0.015625 0.02578125
0 0.6140625 0.57890625 0.0140625 0.0203125
0 0.6078125 0.56875 0.0140625 0.021875
0 0.465625 0.675 0.02265625 0.0203125
0 0.62265625 0.58515625 0.0125 0.021875
0 0.646875 0.65 0.01484375 0.02578125