0 0.575 0.3484375 0.0375 0.03671875
0 0.128125 0.240625 0.02265625 0.03359375
0 0.13671875 0.16640625 0.021875 0.021875
0 0.09140625 0.715625 0.06953125 0.08359375
0 0.24921875 0.3484375 0.028125 0.040625
0 0.3734375 0.3765625 0.03515625 0.04609375
0 0.38125 0.34296875 0.03203125 0.03671875
0 0.49453125 0.45625 0.034375 0.04609375
0 0.4078125 0.32578125 0.03125 0.03359375
0 0.43671875 0.56171875 0.04765625 0.05703125
0 0.0828125 0.203125 0.0203125 0.028125
0 0.4484375 0.4859375 0.02265625 0.05
0 0.4359375 0.43515625 0.021875 0.040625