0 0.5375 0.46953125 0.02421875 0.0609375
0 0.50859375 0.35546875 0.0203125 0.040625
0 0.5359375 0.390625 0.0203125 0.040625
0 0.5578125 0.36015625 0.01875 0.0390625
0 0.50703125 0.29140625 0.01640625 0.03515625
0 0.528125 0.31171875 0.015625 0.0390625
0 0.55 0.28203125 0.01640625 0.03515625
0 0.5046875 0.24296875 0.01484375 0.0296875
0 0.67890625 0.4265625 0.0515625 0.0390625
0 0.48203125 0.3984375 0.0203125 0.040625
0 0.415625 0.60703125 0.0328125 0.08515625
0 0.35625 0.84140625 0.0390625 0.109375
0 0.50390625 0.44921875 0.01953125 0.04609375
2 0.5796875 0.48125 0.03828125 0.140625
0 0.4015625 0.4953125 0.0265625 0.05703125
0 0.37421875 0.46171875 0.025 0.05390625
0 0.5484375 0.68046875 0.0296875 0.07578125
0 0.44453125 0.4140625 0.021875 0.05
0 0.503125 0.64140625 0.028125 0.0796875
0 0.60078125 0.71953125 0.03125 0.08359375
0 0.55390625 0.85 0.0390625 0.11484375
0 0.48984375 0.93359375 0.034375 0.10703125