0 0.49375 0.92109375 0.04296875 0.12421875
1 0.51484375 0.74140625 0.03515625 0.0984375
0 0.425 0.75 0.0359375 0.0890625
0 0.66796875 0.26484375 0.0140625 0.03359375
0 0.690625 0.3984375 0.0203125 0.04453125
0 0.47578125 0.5453125 0.03125 0.071875
0 0.50859375 0.60078125 0.03203125 0.07578125
0 0.5578125 0.5203125 0.0296875 0.06640625
0 0.54453125 0.44453125 0.03046875 0.06640625
0 0.578125 0.43203125 0.02734375 0.0609375
0 0.5796875 0.34296875 0.01953125 0.040625
0 0.59453125 0.28515625 0.01953125 0.040625
0 0.621875 0.2890625 0.0171875 0.03671875
0 0.615625 0.5234375 0.025 0.05703125
0 0.58671875 0.54140625 0.03046875 0.0609375
0 0.6125 0.66640625 0.0375 0.07421875
0 0.615625 0.35703125 0.0171875 0.040625
0 0.590625 0.60546875 0.0265625 0.06328125