1 0.715625 0.31484375 0.01640625 0.04453125
0 0.46640625 0.5984375 0.03046875 0.07421875
0 0.4953125 0.7296875 0.03515625 0.0890625
0 0.53984375 0.746875 0.03125 0.090625
0 0.5578125 0.58125 0.02421875 0.07421875
1 0.56953125 0.48671875 0.02265625 0.06640625
0 0.51328125 0.44921875 0.02421875 0.05703125
0 0.65078125 0.58046875 0.02421875 0.06484375
0 0.67265625 0.9015625 0.03125 0.0890625
0 0.54609375 0.33671875 0.02265625 0.0484375
0 0.5515625 0.453125 0.025 0.0609375
0 0.59453125 0.4015625 0.0265625 0.0515625
0 0.58125 0.3359375 0.02421875 0.04609375
0 0.603125 0.34453125 0.021875 0.0484375
0 0.60078125 0.28359375 0.015625 0.03359375
0 0.6234375 0.5 0.0234375 0.05546875
0 0.5953125 0.51328125 0.03046875 0.05546875
0 0.60859375 0.67578125 0.02734375 0.078125
0 0.62890625 0.2984375 0.015625 0.03671875
0 0.6015625 0.575 0.025 0.05703125