0 0.4109375 0.97109375 0.03828125 0.04609375
0 0.459375 0.90703125 0.03515625 0.0484375
0 0.41796875 0.91875 0.03515625 0.0484375
0 0.50625 0.8453125 0.034375 0.04609375
0 0.55390625 0.78359375 0.028125 0.03671875
0 0.5671875 0.64140625 0.0203125 0.02421875
0 0.60078125 0.6453125 0.01640625 0.02421875
0 0.58671875 0.640625 0.01953125 0.02578125
0 0.61796875 0.62890625 0.01875 0.02421875
0 0.61171875 0.61640625 0.01640625 0.021875
0 0.63203125 0.61796875 0.01484375 0.02421875
1 0.5953125 0.59921875 0.040625 0.06484375
0 0.62421875 0.6015625 0.0171875 0.02578125
0 0.6453125 0.56875 0.01484375 0.01875
0 0.6484375 0.6 0.015625 0.02578125
0 0.6609375 0.55625 0.01171875 0.01640625
0 0.63828125 0.590625 0.01484375 0.021875
0 0.659375 0.58515625 0.0125 0.021875
0 0.5484375 0.75546875 0.028125 0.03671875
0 0.596875 0.728125 0.0203125 0.0296875
0 0.621875 0.65625 0.021875 0.02421875
0 0.64921875 0.63671875 0.01640625 0.02578125
0 0.48515625 0.83359375 0.03125 0.040625
0 0.65625 0.66015625 0.0390625 0.071875
0 0.3125 0.6453125 0.02734375 0.028125
0 0.653125 0.57578125 0.015625 0.02578125
0 0.67265625 0.55859375 0.0140625 0.0203125
0 0.684375 0.53515625 0.0140625 0.021875
0 0.43359375 0.86328125 0.0328125 0.03671875
0 0.7015625 0.546875 0.01171875 0.01640625
0 0.58828125 0.70625 0.02265625 0.03125
0 0.46015625 0.66640625 0.02265625 0.021875