0 0.553125 0.66015625 0.0265625 0.08671875
0 0.590625 0.59140625 0.0265625 0.06875
0 0.53359375 0.28359375 0.01640625 0.03671875
0 0.5484375 0.3953125 0.01640625 0.05
0 0.54375 0.484375 0.021875 0.05
0 0.509375 0.26640625 0.0125 0.02578125
0 0.5546875 0.2203125 0.01171875 0.0296875
0 0.521875 0.21484375 0.0109375 0.02578125
0 0.5109375 0.18046875 0.01171875 0.02421875
0 0.5515625 0.18046875 0.0109375 0.028125
0 0.58515625 0.23046875 0.015625 0.028125
0 0.71953125 0.78203125 0.03515625 0.08359375
0 0.5296875 0.15859375 0.01171875 0.0203125
0 0.7125 0.5390625 0.0328125 0.06328125
0 0.7375 0.70078125 0.04296875 0.08359375
0 0.63359375 0.55625 0.02734375 0.06484375
0 0.6546875 0.42890625 0.01875 0.0390625
0 0.62578125 0.35546875 0.0203125 0.03671875
0 0.6 0.32109375 0.0171875 0.0390625