0 0.55625 0.9234375 0.0359375 0.1390625
0 0.48515625 0.55859375 0.01875 0.05
0 0.565625 0.40546875 0.01953125 0.05546875
0 0.50234375 0.43203125 0.0203125 0.05
0 0.4984375 0.3140625 0.0171875 0.0390625
0 0.5578125 0.3234375 0.015625 0.0390625
0 0.7359375 0.86953125 0.0421875 0.09453125
0 0.5 0.215625 0.0171875 0.05703125
0 0.52421875 0.22890625 0.0140625 0.028125
0 0.534375 0.25390625 0.0140625 0.0296875
0 0.72890625 0.61171875 0.0359375 0.07578125
0 0.7015625 0.671875 0.03984375 0.08125
0 0.64921875 0.4015625 0.0203125 0.040625
0 0.60234375 0.34375 0.01953125 0.03515625
0 0.5859375 0.29140625 0.0140625 0.03125