0 0.61328125 0.26875 0.015625 0.02578125
0 0.58046875 0.309375 0.01640625 0.0296875
0 0.56328125 0.16796875 0.009375 0.01640625
0 0.6078125 0.234375 0.01484375 0.02421875
0 0.5296875 0.74453125 0.0296875 0.09609375
0 0.4890625 0.5140625 0.02421875 0.0609375
0 0.5265625 0.503125 0.021875 0.05703125
0 0.496875 0.38515625 0.015625 0.040625
0 0.49140625 0.2765625 0.028125 0.028125
0 0.53125 0.26328125 0.0140625 0.0296875
0 0.5 0.17890625 0.0171875 0.04296875
0 0.52109375 0.203125 0.00859375 0.02421875
0 0.52890625 0.190625 0.0109375 0.01875