0 0.6109375 0.34609375 0.0359375 0.040625
0 0.0765625 0.22578125 0.02265625 0.03359375
0 0.1703125 0.21171875 0.0234375 0.02421875
0 0.25 0.6234375 0.0484375 0.07578125
0 0.1984375 0.325 0.028125 0.0390625
0 0.365625 0.3796875 0.03515625 0.04453125
0 0.42109375 0.38046875 0.0328125 0.0390625
0 0.5328125 0.45390625 0.03203125 0.0484375
0 0.45546875 0.37109375 0.03203125 0.0390625
0 0.50390625 0.54609375 0.04296875 0.05546875
0 0.03046875 0.19140625 0.01875 0.028125
0 0.46953125 0.534375 0.021875 0.05703125
0 0.4546875 0.46796875 0.025 0.04609375