0 0.69453125 0.27890625 0.015625 0.03125
0 0.42109375 0.76171875 0.03984375 0.10546875
0 0.4734375 0.76328125 0.040625 0.10390625
0 0.54375 0.61171875 0.0296875 0.07578125
0 0.52265625 0.53671875 0.03203125 0.078125
0 0.565625 0.49921875 0.03125 0.06875
0 0.565625 0.41328125 0.021875 0.0484375
0 0.584375 0.33046875 0.021875 0.05
0 0.6171875 0.3296875 0.01953125 0.040625
0 0.60546875 0.2796875 0.01953125 0.03671875
0 0.6265625 0.28828125 0.01875 0.0390625
0 0.6140625 0.55546875 0.025 0.06328125
0 0.58359375 0.571875 0.034375 0.06328125
0 0.62109375 0.6703125 0.0328125 0.07421875
0 0.6109375 0.4015625 0.021875 0.0484375
0 0.58984375 0.64609375 0.02734375 0.07421875