0 0.53984375 0.6140625 0.03125 0.06875
0 0.571875 0.528125 0.028125 0.06328125
0 0.73359375 0.45625 0.0203125 0.04296875
0 0.5921875 0.446875 0.025 0.05
0 0.446875 0.74375 0.040625 0.08671875
0 0.5375 0.73125 0.034375 0.0890625
0 0.6359375 0.31328125 0.0171875 0.03671875
0 0.7484375 0.25 0.0140625 0.02578125
0 0.71484375 0.28125 0.0140625 0.0296875
0 0.740625 0.28671875 0.0140625 0.0296875
0 0.61875 0.603125 0.034375 0.06484375
0 0.6 0.66171875 0.0390625 0.071875
0 0.6375 0.68203125 0.02734375 0.071875
0 0.6203125 0.528125 0.0234375 0.059375
0 0.60234375 0.95390625 0.0390625 0.08515625
0 0.60625 0.74609375 0.03203125 0.07421875