0 0.45625 0.85546875 0.04765625 0.1296875
0 0.53046875 0.684375 0.0359375 0.09453125
0 0.5171875 0.5859375 0.03203125 0.06875
0 0.5515625 0.4546875 0.02734375 0.0609375
0 0.6046875 0.396875 0.021875 0.04296875
0 0.571875 0.39609375 0.025 0.0484375
0 0.60078125 0.2953125 0.01875 0.0390625
0 0.6984375 0.11953125 0.0140625 0.02421875
0 0.61484375 0.24609375 0.01640625 0.03359375
0 0.628125 0.190625 0.01640625 0.03359375
0 0.634375 0.15546875 0.01484375 0.0296875
0 0.61953125 0.346875 0.01875 0.04609375
0 0.61328125 0.590625 0.025 0.06640625
0 0.58046875 0.6140625 0.034375 0.071875
0 0.6203125 0.68515625 0.02734375 0.078125
0 0.603125 0.46484375 0.021875 0.05546875
0 0.5875 0.69609375 0.025 0.07421875