0 0.8078125 0.38671875 0.05546875 0.03671875
2 0.696875 0.32421875 0.11328125 0.0703125
0 0.528125 0.378125 0.04765625 0.03359375
0 0.4203125 0.4484375 0.06328125 0.040625
0 0.51796875 0.41875 0.05546875 0.040625
0 0.3625 0.346875 0.05 0.03515625
0 0.2921875 0.796875 0.04296875 0.13125
0 0.11640625 0.353125 0.04765625 0.0390625
0 0.1734375 0.37890625 0.053125 0.04296875
0 0.25078125 0.39453125 0.053125 0.040625
0 0.14140625 0.45 0.06328125 0.04453125
0 0.025 0.36640625 0.04765625 0.03671875
0 0.7203125 0.44140625 0.06171875 0.04296875