0 0.48125 0.86015625 0.03203125 0.11328125
0 0.49375 0.59140625 0.02421875 0.071875
0 0.5328125 0.5046875 0.0234375 0.06484375
0 0.49921875 0.43125 0.0234375 0.059375
0 0.47734375 0.315625 0.01484375 0.04609375
0 0.43671875 0.14921875 0.01484375 0.028125
0 0.41328125 0.1796875 0.0140625 0.0296875
0 0.5890625 0.8453125 0.0328125 0.11328125
0 0.5578125 0.428125 0.0234375 0.0515625
1 0.56015625 0.30390625 0.0203125 0.0515625
0 0.5 0.33515625 0.01953125 0.040625
0 0.52265625 0.20546875 0.0140625 0.03359375
0 0.5015625 0.25625 0.015625 0.03125
0 0.54609375 0.19140625 0.01484375 0.03125
0 0.50234375 0.17109375 0.01484375 0.03515625
0 0.35859375 0.59375 0.0359375 0.08359375
0 0.39140625 0.31953125 0.01640625 0.04609375
0 0.42890625 0.3484375 0.0234375 0.078125
0 0.44375 0.22890625 0.01484375 0.03515625
0 0.4578125 0.153125 0.01484375 0.028125