0 0.4046875 0.96484375 0.0390625 0.05546875
0 0.453125 0.90703125 0.0390625 0.05546875
0 0.50546875 0.83984375 0.03203125 0.0390625
0 0.5640625 0.63203125 0.0203125 0.02421875
0 0.60078125 0.63828125 0.015625 0.0203125
0 0.58671875 0.62890625 0.0203125 0.03125
0 0.61875 0.61796875 0.01875 0.02421875
0 0.6140625 0.60546875 0.01640625 0.021875
0 0.63359375 0.6046875 0.01484375 0.02421875
1 0.60625 0.575 0.040625 0.06484375
0 0.62890625 0.58671875 0.0171875 0.02578125
0 0.66640625 0.540625 0.01484375 0.01875
0 0.65625 0.58125 0.015625 0.02578125
0 0.684375 0.52421875 0.01171875 0.01875
0 0.64375 0.578125 0.01484375 0.021875
0 0.675 0.56484375 0.0125 0.021875
0 0.475 0.83984375 0.03203125 0.04296875
0 0.55625 0.77421875 0.0265625 0.03359375
0 0.57265625 0.7140625 0.02421875 0.028125
0 0.60859375 0.67890625 0.021875 0.03125
0 0.39375 0.93515625 0.0390625 0.0515625
0 0.62109375 0.70078125 0.0484375 0.08359375
0 0.34296875 0.609375 0.025 0.02578125
0 0.66328125 0.55703125 0.015625 0.02578125
0 0.69375 0.52890625 0.0140625 0.0203125
0 0.709375 0.5015625 0.0140625 0.021875
0 0.52734375 0.771875 0.025 0.03359375
0 0.5015625 0.69453125 0.015625 0.02578125
0 0.60078125 0.63671875 0.021875 0.02578125
0 0.72109375 0.490625 0.0109375 0.01875
0 0.73515625 0.55078125 0.01640625 0.02421875