0 0.559375 0.54375 0.01640625 0.04296875
0 0.521875 0.67109375 0.021875 0.05703125
0 0.51484375 0.25703125 0.00859375 0.01875
0 0.5671875 0.6046875 0.0171875 0.04609375
0 0.5828125 0.4015625 0.01484375 0.02578125
0 0.58125 0.378125 0.01484375 0.02578125
0 0.50390625 0.29609375 0.01171875 0.021875
0 0.478125 0.2703125 0.009375 0.02578125
0 0.50625 0.221875 0.0125 0.02578125
0 0.49296875 0.2296875 0.0109375 0.021875
0 0.496875 0.2140625 0.00859375 0.02421875
0 0.48359375 0.21796875 0.009375 0.0203125
0 0.5359375 0.35 0.0140625 0.01875
0 0.575 0.35625 0.01484375 0.01328125
0 0.55546875 0.34609375 0.01484375 0.021875
0 0.5359375 0.33359375 0.01171875 0.01875
0 0.57421875 0.33984375 0.0140625 0.01640625
0 0.55234375 0.3265625 0.01484375 0.01640625
0 0.59375 0.3453125 0.009375 0.0203125
0 0.57109375 0.31484375 0.0125 0.02578125
0 0.70234375 0.29453125 0.02265625 0.01875
0 0.4953125 0.1953125 0.0125 0.0203125
0 0.484375 0.2015625 0.009375 0.01875
0 0.43046875 0.63359375 0.028125 0.05546875
0 0.46875 0.4703125 0.015625 0.03671875
0 0.48671875 0.396875 0.01484375 0.03125
0 0.50546875 0.40625 0.01484375 0.028125
0 0.4640625 0.3796875 0.01171875 0.02578125
0 0.7328125 0.31015625 0.0234375 0.02421875
0 0.4625 0.35078125 0.01171875 0.028125
0 0.490625 0.31171875 0.0125 0.0203125
0 0.48125 0.3640625 0.01171875 0.028125
0 0.6140625 0.78984375 0.034375 0.0796875
0 0.6 0.60859375 0.0234375 0.05703125
0 0.5328125 0.52109375 0.01484375 0.03515625
0 0.55859375 0.4984375 0.015625 0.03359375
0 0.53515625 0.48828125 0.0140625 0.028125
0 0.5890625 0.48359375 0.0140625 0.03671875
0 0.5328125 0.453125 0.0140625 0.028125
0 0.5609375 0.4640625 0.01484375 0.028125
0 0.5859375 0.4515625 0.0140625 0.02578125
0 0.559375 0.4359375 0.01484375 0.028125
0 0.5375 0.421875 0.0125 0.02578125
0 0.56171875 0.4109375 0.0140625 0.02578125
0 0.5375 0.39296875 0.01484375 0.02578125
0 0.5578125 0.390625 0.0140625 0.021875
0 0.5359375 0.36484375 0.0140625 0.01875
0 0.559375 0.371875 0.0140625 0.021875