0 0.565625 0.51640625 0.0734375 0.09296875
0 0.790625 0.52109375 0.05390625 0.05
0 0.12421875 0.41640625 0.0609375 0.0484375
0 0.33046875 0.54609375 0.059375 0.06328125
0 0.70234375 0.54375 0.04765625 0.05
0 0.271875 0.409375 0.0515625 0.040625
0 0.19609375 0.45078125 0.0546875 0.04609375
0 0.51015625 0.20546875 0.02265625 0.03671875
0 0.41953125 0.4015625 0.04609375 0.0484375
0 0.43828125 0.434375 0.05390625 0.04609375
0 0.3890625 0.46875 0.04609375 0.04453125
0 0.87421875 0.54609375 0.05390625 0.0515625
0 0.921875 0.5234375 0.05078125 0.04609375
0 0.6265625 0.34453125 0.04375 0.0484375
0 0.75859375 0.58984375 0.0546875 0.05390625
0 0.58046875 0.45546875 0.0515625 0.04453125
0 0.96015625 0.5796875 0.0546875 0.05546875
0 0.79453125 0.403125 0.03984375 0.04296875
0 0.83515625 0.46015625 0.0484375 0.0390625
0 0.26875 0.628125 0.0734375 0.059375
0 0.14375 0.59453125 0.0734375 0.06328125
0 0.4953125 0.33828125 0.0203125 0.05703125
0 0.43203125 0.48984375 0.05390625 0.05
0 0.36328125 0.496875 0.05859375 0.05390625
0 0.28515625 0.5109375 0.0703125 0.05546875
0 0.83046875 0.43046875 0.0421875 0.04296875
0 0.9265625 0.43984375 0.04609375 0.04609375
0 0.92890625 0.4046875 0.04296875 0.0390625