0 0.78828125 0.21015625 0.01484375 0.02421875
0 0.16796875 0.25703125 0.0296875 0.0296875
0 0.01953125 0.178125 0.025 0.0296875
0 0.2125 0.81015625 0.39375 0.3390625
0 0.29765625 0.090625 0.5453125 0.18125
0 0.6140625 0.41796875 0.02265625 0.05
0 0.49296875 0.35 0.03828125 0.03359375
0 0.06953125 0.2984375 0.0296875 0.040625
0 0.29375 0.2984375 0.0328125 0.03359375
0 0.32578125 0.38828125 0.04765625 0.05
0 0.23828125 0.371875 0.0375 0.040625
0 0.2703125 0.415625 0.04375 0.05
0 0.37265625 0.4109375 0.04375 0.040625
0 0.68046875 0.5140625 0.0421875 0.05703125
0 0.69609375 0.1953125 0.015625 0.02421875
0 0.7328125 0.2015625 0.02421875 0.021875
0 0.7546875 0.225 0.01484375 0.02421875
0 0.7875 0.18671875 0.0140625 0.021875