0 0.20390625 0.78671875 0.07109375 0.09296875
0 0.62578125 0.16171875 0.03515625 0.04296875
0 0.6125 0.2046875 0.0390625 0.04609375
0 0.74296875 0.128125 0.03828125 0.04453125
0 0.67734375 0.1515625 0.03203125 0.040625
0 0.78203125 0.09140625 0.03046875 0.0390625
0 0.7234375 0.10625 0.0359375 0.04609375
0 0.7625 0.0796875 0.03125 0.03671875
0 0.2875 0.70703125 0.06328125 0.078125
0 0.36015625 0.6203125 0.0578125 0.0703125
0 0.3328125 0.59453125 0.05859375 0.07421875
0 0.0765625 0.92890625 0.15 0.1390625
0 0.09609375 0.8359375 0.07109375 0.090625
0 0.65 0.209375 0.0359375 0.04453125
0 0.42109375 0.16015625 0.0375 0.0390625
0 0.33828125 0.090625 0.02421875 0.040625
0 0.4328125 0.27421875 0.0390625 0.04453125