0 0.48203125 0.771875 0.03203125 0.09609375
0 0.49453125 0.54375 0.02421875 0.06875
0 0.53046875 0.45859375 0.02421875 0.0609375
0 0.4984375 0.3953125 0.0203125 0.05703125
0 0.47421875 0.32578125 0.01875 0.04453125
0 0.43125 0.1765625 0.01875 0.0390625
0 0.403125 0.21796875 0.01953125 0.03515625
0 0.5875 0.77109375 0.034375 0.1015625
0 0.546875 0.365625 0.021875 0.04609375
1 0.55234375 0.26953125 0.0203125 0.04609375
0 0.4984375 0.30625 0.01875 0.0390625
0 0.51953125 0.1765625 0.0140625 0.028125
0 0.50078125 0.234375 0.015625 0.028125
0 0.5421875 0.17109375 0.01484375 0.03125
0 0.49921875 0.14921875 0.0140625 0.03125
0 0.325 0.75703125 0.04375 0.11875
0 0.378125 0.37421875 0.0203125 0.05546875
0 0.41484375 0.4296875 0.02734375 0.0890625
0 0.4359375 0.28125 0.01875 0.04453125
0 0.4515625 0.19453125 0.01484375 0.03671875