0 0.6609375 0.47421875 0.0171875 0.040625
1 0.70078125 0.54140625 0.01875 0.05
0 0.48984375 0.9 0.03828125 0.09296875
1 0.45234375 0.7359375 0.04765625 0.11640625
0 0.496875 0.7796875 0.034375 0.08515625
0 0.5109375 0.54921875 0.025 0.05
0 0.5296875 0.61796875 0.02421875 0.0609375
0 0.559375 0.66484375 0.02265625 0.059375
1 0.6953125 0.3515625 0.021875 0.08515625
0 0.56953125 0.5640625 0.0234375 0.04609375
1 0.58671875 0.50859375 0.02265625 0.05390625
0 0.5484375 0.446875 0.01953125 0.0390625
0 0.67421875 0.27421875 0.0125 0.021875
0 0.575 0.36484375 0.01484375 0.03359375
0 0.56484375 0.49296875 0.02265625 0.04453125
0 0.603125 0.45859375 0.0203125 0.0390625
0 0.5890625 0.39375 0.0203125 0.04296875
0 0.60625 0.40703125 0.01953125 0.040625
0 0.60078125 0.37109375 0.01484375 0.03125
0 0.60859375 0.34140625 0.015625 0.028125
0 0.61640625 0.58359375 0.0203125 0.04453125
0 0.59296875 0.59375 0.0296875 0.05390625
0 0.59921875 0.77578125 0.028125 0.07421875
0 0.6234375 0.39140625 0.01484375 0.03125
0 0.59921875 0.6515625 0.02265625 0.0515625