0 0.52890625 0.89609375 0.02265625 0.0484375
0 0.5453125 0.81015625 0.01953125 0.0390625
0 0.5640625 0.85 0.0203125 0.04453125
0 0.553125 0.75703125 0.0171875 0.03359375
0 0.57890625 0.74140625 0.0171875 0.03515625
0 0.56328125 0.70390625 0.0125 0.0296875
0 0.584375 0.70390625 0.015625 0.02578125
0 0.60625 0.65078125 0.009375 0.0203125
0 0.58125 0.6515625 0.0125 0.021875
0 0.57578125 0.63125 0.0109375 0.01875
0 0.5890625 0.63671875 0.0125 0.021875
0 0.440625 0.8046875 0.01875 0.0390625
0 0.490625 0.81484375 0.01640625 0.03671875
0 0.4875 0.7609375 0.01640625 0.0296875
0 0.5140625 0.74140625 0.01640625 0.028125
0 0.50625 0.71328125 0.0140625 0.02578125
0 0.5296875 0.70625 0.0140625 0.02421875
1 0.48984375 0.684375 0.0265625 0.06484375
0 0.51953125 0.671875 0.01171875 0.02578125
0 0.509375 0.66328125 0.0109375 0.01875
0 0.5375 0.671875 0.0140625 0.021875
0 0.5234375 0.64140625 0.009375 0.0203125
0 0.53046875 0.65390625 0.0109375 0.021875
0 0.559375 0.6390625 0.0125 0.01875
1 0.55625 0.93359375 0.01953125 0.05546875