0 0.95703125 0.4859375 0.06640625 0.071875
0 0.746875 0.51484375 0.05390625 0.04453125
0 0.471875 0.06328125 0.0140625 0.02578125
0 0.509375 0.184375 0.01640625 0.03515625
0 0.10859375 0.47109375 0.071875 0.05703125
0 0.375 0.39140625 0.053125 0.04296875
0 0.46640625 0.446875 0.05390625 0.04609375
0 0.175 0.559375 0.0765625 0.06328125
0 0.7484375 0.5859375 0.0625 0.0609375
0 0.67265625 0.54921875 0.0578125 0.05390625
0 0.8578125 0.3859375 0.04296875 0.03515625
0 0.45703125 0.53515625 0.0640625 0.05546875
0 0.34453125 0.5796875 0.065625 0.059375
0 0.34765625 0.628125 0.071875 0.06328125
0 0.48359375 0.31171875 0.02265625 0.05703125
0 0.49921875 0.5703125 0.06171875 0.05546875
0 0.925 0.40625 0.05 0.04296875
0 0.41484375 0.48359375 0.05390625 0.0515625
0 0.3328125 0.496875 0.06171875 0.05
0 0.2484375 0.5140625 0.07421875 0.0609375
0 0.66015625 0.440625 0.053125 0.0515625
0 0.80625 0.41171875 0.04609375 0.0390625
0 0.54765625 0.41796875 0.0484375 0.04609375
0 0.8296875 0.440625 0.05078125 0.04453125
0 0.6921875 0.4140625 0.0484375 0.04296875
0 0.61796875 0.384375 0.04296875 0.04609375