2 0.93515625 0.33984375 0.121875 0.07578125
0 0.81015625 0.39453125 0.0515625 0.03671875
0 0.0765625 0.48359375 0.0734375 0.0484375
0 0.03046875 0.45390625 0.05625 0.04453125
0 0.52890625 0.365625 0.05 0.03515625
0 0.13984375 0.5484375 0.06875 0.05546875
0 0.403125 0.37578125 0.05 0.040625
0 0.49296875 0.40078125 0.053125 0.04296875
0 0.6109375 0.40703125 0.053125 0.040625
0 0.34375 0.51875 0.0640625 0.0515625
0 0.7625 0.465625 0.05859375 0.04609375
0 0.3234375 0.3859375 0.05078125 0.0390625
0 0.221875 0.4046875 0.0578125 0.04296875
0 0.128125 0.3859375 0.053125 0.04296875
0 0.56484375 0.50546875 0.06953125 0.0484375
0 0.33515625 0.48125 0.0640625 0.04453125
1 0.4796875 0.4453125 0.065625 0.05390625