0 0.79921875 0.203125 0.0125 0.028125
0 0.13671875 0.2390625 0.02734375 0.02578125
0 0.015625 0.28203125 0.0296875 0.03515625
0 0.2078125 0.80625 0.40234375 0.34609375
0 0.29765625 0.090625 0.5453125 0.18125
0 0.61015625 0.4609375 0.03046875 0.059375
0 0.44375 0.3484375 0.0390625 0.03359375
0 0.0921875 0.30546875 0.03046875 0.040625
0 0.25859375 0.28203125 0.03203125 0.03125
0 0.3125 0.3859375 0.04296875 0.04609375
0 0.18828125 0.3953125 0.03828125 0.05
0 0.24375 0.37421875 0.0375 0.040625
0 0.2640625 0.41484375 0.04296875 0.0515625
0 0.3578125 0.409375 0.040625 0.04453125
0 0.7015625 0.575 0.053125 0.06484375
0 0.6890625 0.2109375 0.0171875 0.02578125
0 0.7359375 0.20703125 0.028125 0.02578125
0 0.7640625 0.21953125 0.01640625 0.028125
0 0.8 0.18046875 0.01484375 0.02421875