0 0.5625 0.490625 0.01953125 0.03671875
0 0.528125 0.6203125 0.021875 0.059375
0 0.51640625 0.23984375 0.009375 0.0203125
0 0.56875 0.54375 0.01640625 0.04609375
0 0.5828125 0.375 0.01484375 0.028125
0 0.58125 0.3515625 0.01484375 0.021875
0 0.50703125 0.26796875 0.009375 0.0203125
0 0.4828125 0.24375 0.00859375 0.02421875
0 0.50703125 0.1984375 0.01171875 0.021875
0 0.496875 0.20078125 0.009375 0.0203125
0 0.4859375 0.20078125 0.0109375 0.0203125
0 0.5390625 0.32890625 0.0140625 0.0203125
0 0.57734375 0.3359375 0.01484375 0.028125
0 0.55625 0.325 0.0125 0.01640625
0 0.5390625 0.31015625 0.01171875 0.01640625
0 0.5765625 0.31796875 0.01171875 0.01640625
0 0.55546875 0.30703125 0.0140625 0.01875
0 0.59453125 0.33125 0.0140625 0.01875
0 0.571875 0.30078125 0.0125 0.028125
0 0.728125 0.275 0.0265625 0.028125
0 0.48515625 0.18359375 0.01171875 0.01484375
0 0.62890625 0.9640625 0.0328125 0.06484375
0 0.45859375 0.5015625 0.01875 0.040625
0 0.48046875 0.39453125 0.01171875 0.02578125
0 0.496875 0.35 0.01484375 0.021875
0 0.51328125 0.3515625 0.0109375 0.021875
0 0.47265625 0.33828125 0.009375 0.01640625
0 0.68671875 0.2859375 0.02265625 0.02421875
0 0.47734375 0.31015625 0.0109375 0.02421875
0 0.496875 0.27890625 0.0140625 0.0203125
0 0.4875 0.325 0.0109375 0.028125
0 0.615625 0.721875 0.0296875 0.06640625
0 0.60078125 0.56015625 0.02421875 0.05703125
0 0.5375 0.4734375 0.015625 0.03515625
0 0.5609375 0.45078125 0.0140625 0.028125
0 0.53984375 0.44296875 0.01484375 0.02578125
0 0.58828125 0.43828125 0.01484375 0.03515625
0 0.53828125 0.415625 0.0140625 0.028125
0 0.5625 0.42421875 0.0140625 0.021875
0 0.5875 0.4140625 0.01484375 0.028125
0 0.5609375 0.403125 0.0140625 0.01640625
0 0.53984375 0.3890625 0.0140625 0.021875
0 0.56328125 0.3796875 0.0140625 0.02578125
0 0.5421875 0.36640625 0.0140625 0.02578125
0 0.5609375 0.3609375 0.0140625 0.01875
0 0.5375 0.34375 0.0140625 0.01640625
0 0.559375 0.35 0.0140625 0.021875