0 0.50859375 0.3859375 0.03203125 0.0390625
0 0.53203125 0.38984375 0.03046875 0.04609375
0 0.60859375 0.34296875 0.0296875 0.03671875
0 0.57890625 0.34375 0.0265625 0.0390625
0 0.64140625 0.30703125 0.02421875 0.03671875
1 0.66875 0.2234375 0.0625 0.0796875
0 0.60859375 0.30625 0.028125 0.04296875
0 0.784375 0.134375 0.01640625 0.028125
0 0.71953125 0.2296875 0.0203125 0.03359375
0 0.6375 0.28671875 0.025 0.03671875
0 0.78671875 0.165625 0.01875 0.02421875
0 0.28828125 0.85390625 0.0609375 0.08515625
0 0.2515625 0.83671875 0.065625 0.09296875
0 0.3515625 0.76484375 0.053125 0.0703125
0 0.321875 0.74609375 0.0546875 0.07421875
0 0.7546875 0.1890625 0.02265625 0.03359375
0 0.80546875 0.13359375 0.01953125 0.021875
0 0.13359375 0.96796875 0.06953125 0.05703125
0 0.5484375 0.40546875 0.0296875 0.04453125
0 0.2921875 0.365625 0.0328125 0.03125
0 0.21796875 0.296875 0.021875 0.0390625
0 0.87109375 0.13671875 0.01953125 0.021875
0 0.49375 0.46796875 0.040625 0.0390625