0 0.53046875 0.45625 0.01875 0.0390625
0 0.50625 0.36484375 0.015625 0.03359375
0 0.53046875 0.40859375 0.0140625 0.028125
0 0.55 0.36875 0.0140625 0.02578125
0 0.5109375 0.31875 0.01171875 0.021875
0 0.52578125 0.35390625 0.01484375 0.0296875
0 0.540625 0.31015625 0.0140625 0.02421875
0 0.503125 0.29453125 0.0125 0.02578125
0 0.6796875 0.5296875 0.0484375 0.040625
0 0.4828125 0.5015625 0.01875 0.04453125
0 0.50390625 0.42890625 0.015625 0.03125
2 0.56328125 0.4484375 0.03203125 0.09609375
0 0.29765625 0.8796875 0.0390625 0.09609375
0 0.54609375 0.603125 0.0234375 0.05
0 0.41640625 0.76640625 0.03046875 0.09296875
0 0.509375 0.55546875 0.0203125 0.0515625
0 0.58125 0.60625 0.0265625 0.05390625
0 0.5484375 0.74296875 0.02734375 0.0703125
0 0.5 0.70703125 0.025 0.06328125
0 0.43046875 0.41796875 0.015625 0.0390625
0 0.6203125 0.8140625 0.034375 0.08359375