0 0.83125 0.35 0.04375 0.03671875
0 0.9515625 0.36484375 0.0421875 0.040625
0 0.159375 0.45625 0.0609375 0.05
0 0.9859375 0.31875 0.0265625 0.0296875
0 0.9234375 0.34609375 0.0390625 0.0296875
0 0.05625 0.43046875 0.0609375 0.04296875
0 0.82890625 0.33515625 0.05546875 0.0484375
0 0.8734375 0.32109375 0.0390625 0.04296875
0 0.225 0.42578125 0.05546875 0.04453125
0 0.14453125 0.425 0.0484375 0.05
0 0.92265625 0.35 0.05 0.040625
0 0.9765625 0.3359375 0.04296875 0.03515625
0 0.6203125 0.38984375 0.04765625 0.04609375
0 0.1296875 0.409375 0.05 0.04453125
0 0.55390625 0.3296875 0.0421875 0.03359375
0 0.56640625 0.34375 0.04296875 0.0390625
0 0.5921875 0.35078125 0.0453125 0.04296875
0 0.63125 0.32578125 0.0453125 0.03671875
0 0.7078125 0.36953125 0.05078125 0.0390625
0 0.68046875 0.33828125 0.0421875 0.04296875
0 0.7078125 0.346875 0.040625 0.04296875
1 0.73828125 0.3203125 0.0640625 0.0484375
0 0.83515625 0.365625 0.04765625 0.0390625