0 0.453125 0.96796875 0.0328125 0.0609375
0 0.48125 0.35859375 0.01484375 0.028125
0 0.5015625 0.26796875 0.01484375 0.028125
0 0.53203125 0.22890625 0.01484375 0.028125
0 0.51875 0.24140625 0.01484375 0.028125
0 0.50234375 0.22109375 0.01484375 0.028125
0 0.5125 0.18984375 0.01484375 0.028125
0 0.4984375 0.1640625 0.01484375 0.028125
0 0.5375 0.20078125 0.01484375 0.028125
0 0.52421875 0.1734375 0.01484375 0.028125
0 0.51640625 0.1640625 0.01484375 0.028125
0 0.3234375 0.73046875 0.0328125 0.08359375
0 0.4015625 0.53828125 0.021875 0.05390625
0 0.4453125 0.38984375 0.01953125 0.0390625
0 0.4046875 0.41328125 0.01953125 0.03359375
1 0.575 0.96015625 0.034375 0.071875
0 0.434375 0.3265625 0.01484375 0.028125
0 0.4703125 0.803125 0.0296875 0.08359375
0 0.5125 0.88046875 0.034375 0.1015625
0 0.4578125 0.29921875 0.01484375 0.028125
0 0.4828125 0.64921875 0.0234375 0.0609375
0 0.56171875 0.7015625 0.0234375 0.07421875
0 0.48515625 0.5484375 0.01953125 0.0515625
0 0.5171875 0.56953125 0.01953125 0.04609375
0 0.55625 0.5265625 0.0203125 0.04609375
0 0.52265625 0.4734375 0.0203125 0.04296875
0 0.4953125 0.4453125 0.0171875 0.03515625
0 0.45546875 0.21171875 0.01484375 0.028125
0 0.525 0.37890625 0.01953125 0.03515625
0 0.6078125 0.32890625 0.0359375 0.04296875
0 0.50390625 0.36796875 0.01953125 0.03515625
0 0.4625 0.1765625 0.01484375 0.028125
0 0.52421875 0.32890625 0.01484375 0.028125
0 0.5015625 0.30625 0.01484375 0.028125
0 0.51875 0.29140625 0.01484375 0.028125
0 0.4515625 0.1640625 0.01484375 0.028125