0 0.82734375 0.94609375 0.06875 0.10390625
0 0.6109375 0.31328125 0.015625 0.0296875
0 0.56796875 0.3234375 0.01640625 0.03515625
0 0.4703125 0.796875 0.03203125 0.10546875
0 0.49765625 0.63984375 0.0265625 0.0796875
0 0.54921875 0.5359375 0.02421875 0.06484375
0 0.5484375 0.22109375 0.0140625 0.0203125
0 0.65546875 0.35859375 0.021875 0.03515625
0 0.50859375 0.45625 0.0171875 0.04609375
0 0.51640625 0.3484375 0.015625 0.03671875
0 0.5421875 0.36640625 0.0171875 0.040625
0 0.48359375 0.29375 0.01484375 0.03125
0 0.5046875 0.28828125 0.0140625 0.03125
0 0.48125 0.2265625 0.0140625 0.02421875
0 0.50625 0.23984375 0.0125 0.028125