0 0.41875 0.93125 0.05859375 0.1296875
0 0.5640625 0.5234375 0.02734375 0.0609375
0 0.50078125 0.7015625 0.03828125 0.09609375
0 0.5375 0.48671875 0.0296875 0.059375
0 0.58671875 0.3640625 0.02421875 0.04609375
0 0.61015625 0.28984375 0.021875 0.04296875
0 0.62421875 0.2296875 0.01875 0.040625
0 0.57890625 0.28984375 0.01953125 0.0390625
0 0.6046875 0.39921875 0.0265625 0.05390625
0 0.74375 0.478125 0.02421875 0.05546875
0 0.6921875 0.4703125 0.0265625 0.05546875
0 0.71171875 0.5859375 0.02421875 0.05703125
0 0.6234375 0.55 0.03046875 0.06328125
0 0.59296875 0.58046875 0.03828125 0.06875
0 0.6328125 0.6390625 0.02734375 0.078125
0 0.61484375 0.44921875 0.02265625 0.05703125
0 0.6 0.6640625 0.0296875 0.071875