0 0.4390625 0.32421875 0.0328125 0.040625
0 0.2609375 0.33984375 0.021875 0.04296875
0 0.128125 0.48515625 0.053125 0.0515625
0 0.36640625 0.36171875 0.03046875 0.04609375
0 0.290625 0.21328125 0.01953125 0.0296875
0 0.07734375 0.55390625 0.0515625 0.059375
0 0.88203125 0.24375 0.02265625 0.03125
0 0.73359375 0.77578125 0.5234375 0.44453125
0 0.01640625 0.23125 0.03203125 0.15546875
0 0.25390625 0.28828125 0.021875 0.03515625
0 0.02421875 0.7359375 0.0484375 0.071875
0 0.246875 0.20078125 0.0171875 0.028125
0 0.1671875 0.2015625 0.028125 0.02578125
0 0.3921875 0.35703125 0.01875 0.040625
0 0.3625 0.3109375 0.021875 0.03359375