0 0.6140625 0.26640625 0.015625 0.02578125
0 0.5828125 0.30390625 0.01640625 0.0296875
0 0.565625 0.16171875 0.009375 0.01640625
0 0.6109375 0.234375 0.01484375 0.02421875
0 0.48046875 0.6734375 0.0328125 0.08671875
0 0.5328125 0.66796875 0.03046875 0.08359375
0 0.4953125 0.46875 0.021875 0.0515625
0 0.5 0.30859375 0.0234375 0.03125
0 0.5375 0.32578125 0.015625 0.03671875
2 0.503125 0.2 0.01640625 0.0484375
0 0.5265625 0.24296875 0.01171875 0.02578125
0 0.534375 0.22421875 0.0125 0.02578125
0 0.53828125 0.1515625 0.0109375 0.01875