0 0.53359375 0.46015625 0.0203125 0.04609375
0 0.50625 0.3640625 0.015625 0.03515625
0 0.53125 0.4046875 0.015625 0.03515625
0 0.5515625 0.3640625 0.01640625 0.028125
0 0.50859375 0.31328125 0.015625 0.02578125
0 0.52578125 0.3390625 0.01484375 0.0296875
0 0.54375 0.3046875 0.015625 0.028125
0 0.503125 0.2796875 0.0125 0.02578125
0 0.67734375 0.50078125 0.05 0.04296875
0 0.48046875 0.47109375 0.021875 0.04609375
0 0.3875 0.928125 0.0421875 0.1296875
0 0.503125 0.43359375 0.01640625 0.03671875
2 0.5671875 0.45703125 0.03515625 0.11484375
0 0.3703125 0.76875 0.03515625 0.09296875
0 0.33125 0.709375 0.034375 0.078125
0 0.5453125 0.62578125 0.025 0.059375
0 0.42890625 0.63125 0.025 0.06640625
0 0.50703125 0.5796875 0.0234375 0.059375
0 0.58828125 0.63984375 0.028125 0.0609375
0 0.55 0.77421875 0.028125 0.08515625
0 0.49609375 0.76640625 0.02734375 0.08125
0 0.43515625 0.353125 0.01640625 0.03515625
0 0.61171875 0.86953125 0.03828125 0.0984375