0 0.41015625 0.78125 0.040625 0.09609375
0 0.43828125 0.959375 0.04609375 0.078125
0 0.49921875 0.946875 0.04296875 0.0984375
0 0.5359375 0.71640625 0.03203125 0.0890625
1 0.5484375 0.5859375 0.025 0.0796875
0 0.47734375 0.56796875 0.03125 0.06484375
0 0.66015625 0.390625 0.01953125 0.040625
0 0.6859375 0.58359375 0.02421875 0.06328125
0 0.51484375 0.4234375 0.0265625 0.05390625
0 0.53125 0.51796875 0.02734375 0.06484375
0 0.575 0.45078125 0.028125 0.05703125
0 0.56484375 0.384375 0.028125 0.05703125
0 0.590625 0.38359375 0.0234375 0.05546875
0 0.5921875 0.30859375 0.0171875 0.03515625
0 0.61796875 0.51171875 0.025 0.05703125
0 0.5890625 0.528125 0.03203125 0.059375
0 0.6078125 0.675 0.034375 0.0796875
0 0.6234375 0.32578125 0.0171875 0.040625
0 0.5953125 0.59296875 0.0265625 0.06328125