0 0.3921875 0.9734375 0.0359375 0.05
0 0.4625 0.91875 0.0359375 0.0515625
0 0.4671875 0.86484375 0.03125 0.0484375
0 0.5125 0.8359375 0.03046875 0.04296875
0 0.49375 0.93125 0.034375 0.05546875
0 0.55234375 0.81171875 0.028125 0.04296875
0 0.55 0.77578125 0.025 0.03671875
0 0.54140625 0.75 0.02421875 0.03671875
0 0.5796875 0.7265625 0.02421875 0.03515625
0 0.609375 0.68203125 0.0234375 0.03125
0 0.5453125 0.63984375 0.0203125 0.02421875
0 0.57734375 0.646875 0.015625 0.02421875
0 0.56953125 0.63515625 0.01875 0.02578125
0 0.5984375 0.621875 0.01640625 0.021875
0 0.5921875 0.6109375 0.01640625 0.021875
0 0.6125 0.60625 0.01484375 0.02421875
1 0.57109375 0.5984375 0.0390625 0.06328125
0 0.60625 0.590625 0.0171875 0.02578125
0 0.6046875 0.57578125 0.01484375 0.01875
0 0.6265625 0.590625 0.015625 0.02578125
0 0.62109375 0.56171875 0.01171875 0.01640625
0 0.61796875 0.58125 0.01484375 0.021875
0 0.63515625 0.5796875 0.0125 0.021875
0 0.61875 0.63515625 0.0203125 0.0296875
0 0.64375 0.63671875 0.01953125 0.0296875
0 0.6703125 0.565625 0.01640625 0.02421875
0 0.58359375 0.6859375 0.02265625 0.03125
0 0.68046875 0.584375 0.0265625 0.05
0 0.62890625 0.56875 0.015625 0.02578125
0 0.63984375 0.55859375 0.0140625 0.0203125
0 0.63984375 0.54453125 0.0140625 0.021875
0 0.51875 0.690625 0.0171875 0.02578125
0 0.65 0.56328125 0.0125 0.01875
0 0.61875 0.709375 0.01953125 0.0296875
0 0.63984375 0.6046875 0.01875 0.028125
0 0.3453125 0.6296875 0.02265625 0.021875