0 0.8296875 0.496875 0.0515625 0.05
0 0.503125 0.13046875 0.01640625 0.03515625
0 0.2703125 0.38203125 0.05625 0.05
0 0.38125 0.4296875 0.059375 0.04453125
0 0.259375 0.54609375 0.071875 0.06328125
0 0.8296875 0.56796875 0.0625 0.0609375
0 0.75234375 0.53203125 0.0578125 0.0609375
0 0.80390625 0.36328125 0.04609375 0.03359375
0 0.5328125 0.5203125 0.06171875 0.05546875
0 0.4421875 0.55859375 0.06953125 0.0609375
0 0.44453125 0.61171875 0.07109375 0.0609375
0 0.48046875 0.29140625 0.021875 0.05703125
0 0.590625 0.55078125 0.0609375 0.05390625
0 0.89140625 0.38671875 0.053125 0.0484375
0 0.4109375 0.47109375 0.0578125 0.05390625
0 0.025 0.665625 0.05 0.07578125
0 0.325 0.48515625 0.06640625 0.0484375
0 0.23828125 0.50390625 0.0765625 0.059375
0 0.5890625 0.4265625 0.05625 0.05390625
0 0.765625 0.39140625 0.05078125 0.04296875
0 0.48359375 0.4015625 0.053125 0.0484375
0 0.76953125 0.42421875 0.05625 0.04453125
0 0.640625 0.3984375 0.053125 0.04453125
0 0.546875 0.36640625 0.04296875 0.04453125