0 0.55 0.865625 0.04296875 0.12421875
0 0.49921875 0.6296875 0.0296875 0.078125
0 0.54765625 0.63359375 0.0265625 0.07421875
0 0.59296875 0.62109375 0.03203125 0.071875
0 0.50390625 0.50625 0.0234375 0.0609375
0 0.5421875 0.4703125 0.0234375 0.06328125
0 0.57890625 0.4734375 0.0234375 0.0609375
0 0.5125 0.35390625 0.02265625 0.040625
0 0.75703125 0.37109375 0.0484375 0.0390625
0 0.509375 0.26484375 0.01875 0.03671875
0 0.5265625 0.20390625 0.01640625 0.03359375
0 0.50703125 0.1984375 0.0140625 0.03671875
0 0.4828125 0.33359375 0.01953125 0.04453125
0 0.45390625 0.21328125 0.0171875 0.040625
0 0.4234375 0.3015625 0.0203125 0.040625
0 0.39375 0.4484375 0.0234375 0.06328125
0 0.309375 0.76171875 0.046875 0.1203125
0 0.49140625 0.91015625 0.0390625 0.12421875
2 0.62421875 0.89609375 0.06875 0.19609375
0 0.71328125 0.47421875 0.04609375 0.05546875
0 0.521875 0.12109375 0.0140625 0.028125
1 0.52890625 0.10078125 0.01484375 0.028125
0 0.503125 0.14375 0.0140625 0.028125
0 0.503125 0.10078125 0.01640625 0.028125
0 0.39375 0.94453125 0.03828125 0.10703125
0 0.4375 0.1734375 0.0140625 0.028125
0 0.4234375 0.159375 0.0140625 0.0296875
0 0.4640625 0.134375 0.01484375 0.028125
0 0.62265625 0.9046875 0.065625 0.18671875