0 0.7171875 0.38203125 0.05546875 0.0390625
2 0.6515625 0.2859375 0.03515625 0.0796875
2 0.61171875 0.3203125 0.11015625 0.07421875
0 0.4171875 0.36953125 0.04609375 0.03515625
0 0.58359375 0.43671875 0.059375 0.04453125
0 0.715625 0.4109375 0.05390625 0.04453125
0 0.29375 0.34375 0.04765625 0.03515625
0 0.05078125 0.371875 0.053125 0.04453125
0 0.0984375 0.38828125 0.05390625 0.0390625
0 0.29140625 0.43671875 0.059375 0.04453125
0 0.13125 0.4140625 0.05625 0.0390625
0 0.13203125 0.440625 0.0640625 0.04453125
0 0.190625 0.46640625 0.065625 0.0484375