0 0.38828125 0.9703125 0.0421875 0.05546875
0 0.4359375 0.9109375 0.0390625 0.059375
0 0.4859375 0.8484375 0.03828125 0.0484375
0 0.56328125 0.6140625 0.02265625 0.03515625
0 0.60078125 0.61953125 0.015625 0.0203125
0 0.58515625 0.6140625 0.02421875 0.03515625
0 0.61875 0.6015625 0.0203125 0.03359375
0 0.61328125 0.5890625 0.021875 0.02578125
0 0.63203125 0.5859375 0.01875 0.028125
1 0.6109375 0.55546875 0.04609375 0.0703125
0 0.6296875 0.56796875 0.02265625 0.03125
0 0.6734375 0.51640625 0.01640625 0.02578125
0 0.66015625 0.559375 0.0171875 0.0296875
0 0.69296875 0.49921875 0.01484375 0.02421875
0 0.64375 0.55703125 0.0171875 0.02578125
0 0.68203125 0.540625 0.01640625 0.021875
0 0.44453125 0.859375 0.03828125 0.0515625
0 0.54140625 0.77578125 0.03203125 0.03671875
0 0.55 0.725 0.03515625 0.0390625
0 0.59140625 0.6796875 0.028125 0.03359375
0 0.35703125 0.959375 0.0421875 0.059375
0 0.603125 0.70546875 0.05078125 0.09296875
0 0.35078125 0.58828125 0.025 0.02421875
0 0.66875 0.534375 0.01875 0.028125
0 0.70078125 0.50546875 0.01875 0.021875
0 0.71796875 0.47890625 0.01640625 0.02421875
0 0.5015625 0.78984375 0.03125 0.04609375
0 0.5046875 0.7 0.015625 0.0296875
0 0.5984375 0.6234375 0.021875 0.03125
0 0.7296875 0.46484375 0.0125 0.01875
0 0.72578125 0.54375 0.01640625 0.02421875