0 0.4171875 0.9546875 0.040625 0.05390625
0 0.41484375 0.909375 0.0359375 0.0515625
0 0.47265625 0.878125 0.03515625 0.04453125
0 0.4625 0.9390625 0.03515625 0.05546875
0 0.51796875 0.80859375 0.03046875 0.04296875
0 0.4984375 0.7953125 0.0296875 0.0390625
0 0.553125 0.75546875 0.02734375 0.03671875
0 0.590625 0.70546875 0.02421875 0.03359375
0 0.55703125 0.6234375 0.0203125 0.02421875
0 0.590625 0.63203125 0.01640625 0.0203125
0 0.57890625 0.62421875 0.01875 0.02578125
0 0.60703125 0.609375 0.01640625 0.021875
0 0.60234375 0.5984375 0.01640625 0.021875
0 0.6203125 0.596875 0.01484375 0.02421875
1 0.58125 0.58359375 0.0390625 0.06328125
0 0.615625 0.58125 0.0171875 0.02578125
0 0.62265625 0.5609375 0.01484375 0.01875
0 0.6359375 0.58125 0.015625 0.02578125
0 0.63671875 0.5453125 0.01171875 0.01640625
0 0.62734375 0.5703125 0.01484375 0.021875
0 0.6453125 0.5703125 0.0125 0.021875
0 0.5953125 0.66171875 0.0234375 0.03125
0 0.628125 0.65703125 0.0203125 0.0296875
0 0.65703125 0.58046875 0.01640625 0.02421875
0 0.553125 0.7203125 0.025 0.03359375
0 0.6734375 0.596875 0.0328125 0.05703125
0 0.63984375 0.559375 0.015625 0.02578125
0 0.65234375 0.546875 0.0140625 0.0203125
0 0.6578125 0.528125 0.0140625 0.021875
0 0.51875 0.728125 0.0203125 0.0296875
0 0.66796875 0.54375 0.01171875 0.01640625
0 0.56875 0.778125 0.025 0.040625
0 0.6265625 0.62890625 0.01875 0.028125
0 0.39375 0.6296875 0.02265625 0.021875