0 0.2703125 0.41015625 0.05390625 0.04296875
0 0.52265625 0.4296875 0.05 0.0484375
0 0.35 0.43125 0.04296875 0.040625
0 0.76953125 0.428125 0.053125 0.040625
0 0.925 0.38515625 0.05 0.040625
0 0.69140625 0.40703125 0.053125 0.03671875
0 0.29140625 0.53515625 0.06953125 0.05546875
0 0.11796875 0.54140625 0.075 0.05
0 0.4578125 0.375 0.0484375 0.0390625
0 0.6125 0.39296875 0.053125 0.040625
0 0.065625 0.5 0.0703125 0.0515625
0 0.4859375 0.39296875 0.05546875 0.0484375
0 0.60546875 0.73125 0.04296875 0.11484375
0 0.2484375 0.39140625 0.046875 0.0390625
0 0.803125 0.3890625 0.053125 0.03359375
0 0.84609375 0.40703125 0.06171875 0.03671875
0 0.5765625 0.48828125 0.05859375 0.04609375
0 0.2984375 0.48515625 0.0515625 0.05546875
0 0.4828125 0.41171875 0.0515625 0.0390625
0 0.7171875 0.36953125 0.03984375 0.0390625
0 0.5765625 0.46328125 0.0609375 0.040625
0 0.71640625 0.38984375 0.0515625 0.04609375
1 0.1546875 0.38359375 0.065625 0.0484375
0 0.1765625 0.434375 0.05625 0.04609375