0 0.525 0.8109375 0.034375 0.09609375
0 0.47265625 0.82109375 0.03125 0.090625
0 0.4953125 0.27109375 0.01484375 0.028125
0 0.53203125 0.96171875 0.034375 0.071875
0 0.56796875 0.3953125 0.01875 0.03125
0 0.6125 0.33828125 0.02421875 0.028125
0 0.40078125 0.83671875 0.034375 0.1109375
0 0.29453125 0.8546875 0.0421875 0.1015625
0 0.396875 0.58984375 0.028125 0.06484375
0 0.4171875 0.44375 0.0203125 0.04609375
0 0.440625 0.35625 0.01640625 0.028125
0 0.428125 0.32109375 0.01484375 0.03125
0 0.50859375 0.303125 0.01484375 0.028125
0 0.5515625 0.284375 0.01484375 0.028125
0 0.5296875 0.28203125 0.01484375 0.028125
0 0.51328125 0.25859375 0.01484375 0.028125
0 0.5421875 0.25078125 0.0125 0.028125
0 0.5140625 0.21796875 0.01484375 0.02421875
0 0.55703125 0.22890625 0.01484375 0.028125
0 0.5375 0.21015625 0.01171875 0.0203125
0 0.53984375 0.19609375 0.0140625 0.02578125
0 0.45546875 0.26796875 0.01484375 0.028125
0 0.440625 0.2515625 0.01171875 0.021875
0 0.46171875 0.1953125 0.01171875 0.02421875
0 0.478125 0.16953125 0.009375 0.0203125
0 0.45625 0.16171875 0.0109375 0.02421875
0 0.58125 0.9265625 0.03828125 0.109375
0 0.5765625 0.7734375 0.03125 0.1015625
0 0.4671875 0.134375 0.009375 0.0203125
0 0.4859375 0.7140625 0.0296875 0.06875
0 0.52578125 0.703125 0.0265625 0.071875
0 0.4796875 0.13515625 0.01171875 0.01875
0 0.496875 0.58125 0.0234375 0.0515625
0 0.571875 0.653125 0.02421875 0.06484375
0 0.4953125 0.515625 0.02265625 0.04609375
0 0.53125 0.58671875 0.01953125 0.0515625
0 0.56875 0.5609375 0.02421875 0.05546875
0 0.53203125 0.509375 0.01953125 0.0484375
0 0.50234375 0.46796875 0.0203125 0.04296875
0 0.46796875 0.10390625 0.01171875 0.021875
0 0.53515625 0.428125 0.0171875 0.040625
0 0.84921875 0.284375 0.03984375 0.028125
0 0.50625 0.41015625 0.01875 0.0390625
0 0.4796875 0.08671875 0.0109375 0.021875
0 0.534375 0.38046875 0.01484375 0.028125
0 0.509375 0.353125 0.01484375 0.028125
0 0.5328125 0.34375 0.01484375 0.03515625
0 0.47109375 0.08203125 0.0125 0.0203125