0 0.621875 0.33984375 0.03203125 0.04296875
0 0.04140625 0.21875 0.02265625 0.03359375
0 0.18671875 0.23359375 0.0265625 0.021875
0 0.29140625 0.58359375 0.03828125 0.06640625
0 0.165625 0.315625 0.028125 0.0390625
0 0.3546875 0.38359375 0.03828125 0.04453125
0 0.4359375 0.3984375 0.034375 0.040625
0 0.5421875 0.453125 0.03125 0.04609375
0 0.47421875 0.396875 0.03203125 0.0390625
0 0.52265625 0.540625 0.03984375 0.05546875
0 0.47890625 0.56328125 0.02265625 0.059375
0 0.46328125 0.4890625 0.0265625 0.0484375