0 0.12734375 0.41171875 0.0578125 0.04609375
0 0.3859375 0.4296875 0.05 0.0484375
0 0.1984375 0.43359375 0.04375 0.040625
0 0.6375 0.4296875 0.053125 0.040625
0 0.90859375 0.37109375 0.05390625 0.03515625
0 0.84453125 0.3859375 0.05078125 0.04296875
0 0.97578125 0.390625 0.046875 0.03359375
0 0.59296875 0.41015625 0.0484375 0.03515625
0 0.37421875 0.53125 0.06953125 0.05546875
0 0.50703125 0.459375 0.05625 0.0484375
0 0.2390625 0.5359375 0.075 0.05
0 0.3078125 0.37890625 0.05 0.04296875
0 0.5109375 0.396875 0.0515625 0.0390625
0 0.15703125 0.49921875 0.06640625 0.05390625
0 0.38125 0.38984375 0.05546875 0.04609375
0 0.6546875 0.61875 0.053125 0.08125
0 0.109375 0.3953125 0.053125 0.0390625
0 0.7234375 0.390625 0.053125 0.03359375
0 0.7609375 0.40859375 0.06171875 0.0390625
0 0.72421875 0.48671875 0.0578125 0.0484375
0 0.396875 0.48671875 0.0515625 0.05546875
0 0.35390625 0.415625 0.0515625 0.0390625
0 0.6046875 0.3703125 0.03984375 0.040625
0 0.74921875 0.45703125 0.059375 0.040625
0 0.6453125 0.38984375 0.05 0.0390625
0 0.98828125 0.46640625 0.01953125 0.04453125
1 0.0359375 0.38359375 0.07109375 0.0515625