0 0.940625 0.478125 0.06875 0.06328125
0 0.684375 0.54140625 0.075 0.06875
0 0.80546875 0.53359375 0.06953125 0.08125
0 0.59921875 0.30390625 0.0578125 0.04453125
0 0.834375 0.28984375 0.053125 0.04609375
0 0.39921875 0.53828125 0.0828125 0.07578125
0 0.4703125 0.2015625 0.03046875 0.06328125
0 0.85703125 0.36484375 0.06171875 0.06328125
0 0.96796875 0.3140625 0.05390625 0.04609375
0 0.37890625 0.35859375 0.06875 0.071875
0 0.5078125 0.4 0.06640625 0.06328125
0 0.384375 0.45703125 0.071875 0.06328125
0 0.94609375 0.5703125 0.075 0.07421875
0 0.2765625 0.4859375 0.08125 0.06875
0 0.1671875 0.52109375 0.10234375 0.0796875
0 0.12421875 0.39375 0.08203125 0.0609375
0 0.3765625 0.671875 0.090625 0.078125