0 0.56796875 0.4453125 0.01484375 0.02421875
0 0.5375 0.5796875 0.0171875 0.0515625
0 0.5203125 0.21953125 0.009375 0.0203125
0 0.5734375 0.49453125 0.01484375 0.03671875
0 0.58515625 0.34609375 0.01484375 0.021875
0 0.5828125 0.32578125 0.0140625 0.01875
0 0.51171875 0.246875 0.0140625 0.0203125
0 0.49140625 0.221875 0.009375 0.02578125
0 0.54296875 0.3046875 0.0140625 0.0203125
0 0.5796875 0.3109375 0.01484375 0.01875
0 0.5609375 0.30390625 0.0140625 0.01875
0 0.54375 0.28828125 0.0140625 0.01328125
0 0.57890625 0.296875 0.01171875 0.01640625
0 0.56015625 0.28828125 0.01484375 0.01640625
0 0.6 0.31875 0.0140625 0.01875
0 0.575 0.28359375 0.0140625 0.01875
0 0.64453125 0.91484375 0.0328125 0.0890625
0 0.48046875 0.4109375 0.0140625 0.03359375
0 0.49296875 0.34140625 0.009375 0.02421875
0 0.50703125 0.3109375 0.01484375 0.01875
0 0.521875 0.30390625 0.009375 0.021875
0 0.484375 0.3046875 0.009375 0.01640625
0 0.48828125 0.275 0.009375 0.0203125
0 0.5015625 0.2546875 0.0109375 0.0203125
0 0.49375 0.2953125 0.009375 0.02421875
0 0.615625 0.66328125 0.02421875 0.0484375
0 0.60390625 0.51953125 0.01875 0.05
0 0.54375 0.43125 0.0140625 0.02578125
0 0.565625 0.415625 0.0140625 0.02421875
0 0.54609375 0.40703125 0.01484375 0.02578125
0 0.590625 0.4046875 0.0140625 0.028125
0 0.54375 0.38046875 0.01484375 0.02421875
0 0.56796875 0.3890625 0.01484375 0.021875
0 0.5890625 0.38359375 0.01484375 0.02578125
0 0.565625 0.3734375 0.0125 0.01640625
0 0.54609375 0.36015625 0.0125 0.02421875
0 0.5671875 0.353125 0.0140625 0.028125
0 0.5484375 0.33828125 0.01484375 0.01640625
0 0.56328125 0.33671875 0.0140625 0.01875
0 0.54453125 0.31953125 0.01484375 0.01640625
0 0.5640625 0.321875 0.01484375 0.021875