0 0.68984375 0.38046875 0.05546875 0.0390625
0 0.02578125 0.4359375 0.0515625 0.05
2 0.65625 0.29375 0.03515625 0.09453125
2 0.5671875 0.31875 0.10859375 0.078125
0 0.3609375 0.36640625 0.04609375 0.03671875
0 0.6625 0.43359375 0.059375 0.04453125
0 0.2546875 0.34375 0.046875 0.03515625
0 0.02421875 0.38828125 0.040625 0.0390625
0 0.3640625 0.43203125 0.05625 0.04296875
0 0.20546875 0.40859375 0.05546875 0.0390625
0 0.20625 0.43671875 0.0640625 0.040625
0 0.30234375 0.46171875 0.06171875 0.04609375