0 0.5390625 0.92109375 0.03125 0.11640625
0 0.6078125 0.93828125 0.03984375 0.11640625
0 0.48515625 0.76328125 0.03125 0.0890625
0 0.5359375 0.6640625 0.02421875 0.0796875
0 0.58828125 0.69296875 0.03203125 0.09296875
0 0.496875 0.49453125 0.0234375 0.06328125
0 0.87578125 0.38125 0.05390625 0.04453125
0 0.5046875 0.36484375 0.0203125 0.04453125
0 0.52734375 0.29140625 0.0171875 0.04296875
0 0.5015625 0.26953125 0.01484375 0.04609375
0 0.4765625 0.33125 0.01953125 0.04453125
0 0.4296875 0.19375 0.0140625 0.028125
0 0.4125 0.30625 0.01953125 0.04609375
0 0.36640625 0.44453125 0.028125 0.05546875
0 0.62734375 0.553125 0.034375 0.06484375
0 0.52578125 0.19921875 0.01484375 0.028125
1 0.5359375 0.16015625 0.01484375 0.0390625
0 0.49921875 0.20078125 0.01484375 0.03125
0 0.5 0.14921875 0.015625 0.028125
0 0.30546875 0.74375 0.03984375 0.1015625
0 0.3890625 0.6296875 0.034375 0.09296875
0 0.42421875 0.4453125 0.02421875 0.0609375