0 0.36796875 0.91328125 0.046875 0.11875
0 0.51640625 0.803125 0.0359375 0.10546875
1 0.5328125 0.653125 0.028125 0.08359375
0 0.45390625 0.64296875 0.03203125 0.07421875
0 0.66328125 0.3203125 0.01640625 0.03671875
0 0.68828125 0.47421875 0.02265625 0.0515625
0 0.496875 0.47421875 0.028125 0.06328125
0 0.51953125 0.5546875 0.0296875 0.06875
0 0.56484375 0.475 0.03046875 0.0609375
0 0.55390625 0.41015625 0.0296875 0.0609375
0 0.58515625 0.403125 0.025 0.05703125
0 0.5875 0.32109375 0.01875 0.03515625
0 0.59921875 0.26875 0.01875 0.040625
0 0.62578125 0.271875 0.0171875 0.03671875
0 0.61640625 0.51796875 0.025 0.05703125
0 0.5875 0.534375 0.03203125 0.0609375
0 0.60859375 0.6703125 0.03515625 0.078125
0 0.61875 0.340625 0.0171875 0.040625
0 0.5921875 0.5984375 0.0265625 0.06328125