0 0.615625 0.271875 0.015625 0.02578125
0 0.58359375 0.31640625 0.01640625 0.0296875
0 0.56484375 0.1765625 0.0109375 0.01640625
0 0.47890625 0.80546875 0.034375 0.1109375
0 0.53203125 0.653125 0.02421875 0.071875
0 0.49296875 0.53828125 0.021875 0.06484375
0 0.553125 0.53984375 0.0234375 0.0609375
0 0.60703125 0.225 0.01484375 0.02421875
0 0.53203125 0.4234375 0.01640625 0.04609375
0 0.50078125 0.340625 0.01484375 0.03671875
0 0.52734375 0.328125 0.0140625 0.03359375
0 0.503125 0.275 0.0109375 0.028125
0 0.4859375 0.2296875 0.0265625 0.01875
0 0.525 0.18125 0.01171875 0.02578125
0 0.4984375 0.1484375 0.01640625 0.03671875
0 0.51640625 0.15078125 0.00859375 0.02421875