0 0.51640625 0.42421875 0.03046875 0.03671875
0 0.54375 0.425 0.03046875 0.04609375
0 0.6125 0.38125 0.0296875 0.03671875
0 0.5890625 0.38046875 0.025 0.0390625
0 0.64375 0.35390625 0.02421875 0.03671875
1 0.66328125 0.2703125 0.05625 0.078125
0 0.615625 0.346875 0.02734375 0.04296875
0 0.771875 0.1953125 0.01640625 0.028125
0 0.71640625 0.2796875 0.0203125 0.03359375
0 0.81171875 0.16171875 0.01484375 0.02421875
0 0.64296875 0.32578125 0.02265625 0.03671875
0 0.78046875 0.21796875 0.01875 0.02421875
0 0.28515625 0.840625 0.0625 0.09296875
0 0.378125 0.7734375 0.0484375 0.06484375
0 0.35234375 0.74921875 0.04296875 0.06484375
0 0.74453125 0.23671875 0.02265625 0.03359375
0 0.79765625 0.18671875 0.01953125 0.021875
0 0.18046875 0.95703125 0.06640625 0.07421875
0 0.55859375 0.43828125 0.0296875 0.04296875
0 0.2890625 0.39375 0.0328125 0.03125
0 0.221875 0.32109375 0.021875 0.0390625
0 0.88359375 0.16875 0.01953125 0.021875
0 0.5453125 0.48203125 0.040625 0.0390625