0 0.5375 0.86640625 0.02265625 0.04453125
0 0.55078125 0.7890625 0.0171875 0.03359375
0 0.56875 0.82890625 0.01953125 0.04296875
0 0.55546875 0.73984375 0.015625 0.03125
0 0.58125 0.73046875 0.0171875 0.03515625
0 0.56328125 0.690625 0.0125 0.0296875
0 0.58515625 0.6890625 0.015625 0.02578125
0 0.428125 0.8390625 0.0203125 0.040625
0 0.48359375 0.84921875 0.01953125 0.0390625
0 0.4796875 0.78515625 0.01640625 0.03359375
0 0.50703125 0.76484375 0.015625 0.0296875
0 0.49609375 0.73515625 0.0140625 0.02578125
0 0.5234375 0.71953125 0.0140625 0.028125
1 0.48359375 0.6953125 0.0265625 0.06484375
0 0.51171875 0.68515625 0.01171875 0.02578125
0 0.503125 0.67578125 0.0109375 0.01875
0 0.53046875 0.68515625 0.0140625 0.021875
0 0.515625 0.6453125 0.009375 0.0203125
0 0.52265625 0.66484375 0.0109375 0.021875
1 0.5640625 0.90625 0.01953125 0.05390625
0 0.590625 0.9640625 0.0234375 0.04296875