0 0.271875 0.4359375 0.0546875 0.04296875
0 0.6921875 0.37578125 0.0515625 0.03671875
0 0.62578125 0.3890625 0.05 0.040625
0 0.74140625 0.41328125 0.05546875 0.04453125
0 0.86484375 0.41015625 0.05390625 0.0390625
0 0.06015625 0.53984375 0.07109375 0.05390625
0 0.63984375 0.52421875 0.06640625 0.0515625
0 0.565625 0.5546875 0.06953125 0.05390625
0 0.2046875 0.40546875 0.0578125 0.03671875
0 0.4515625 0.49453125 0.0609375 0.0484375
0 0.07109375 0.3953125 0.0671875 0.04609375
0 0.53203125 0.39921875 0.05078125 0.0390625
0 0.48515625 0.41875 0.05625 0.03671875
0 0.70234375 0.48515625 0.053125 0.05546875
0 0.27578125 0.3796875 0.03828125 0.040625
0 0.4 0.39921875 0.05 0.04296875
0 0.259375 0.53046875 0.075 0.05390625
0 0.09609375 0.503125 0.0734375 0.05390625
1 0.028125 0.465625 0.05390625 0.0609375