2 0.8859375 0.33359375 0.121875 0.07421875
0 0.74921875 0.38984375 0.05078125 0.03515625
0 0.134375 0.47890625 0.07109375 0.04609375
0 0.12265625 0.4453125 0.06171875 0.04609375
0 0.48984375 0.36015625 0.05 0.03515625
0 0.1859375 0.565625 0.06171875 0.06875
0 0.3390625 0.36796875 0.0484375 0.0390625
0 0.42578125 0.396875 0.053125 0.04296875
0 0.5390625 0.40390625 0.053125 0.040625
0 0.4234375 0.51015625 0.06328125 0.05
0 0.9484375 0.49453125 0.06640625 0.0515625
0 0.26171875 0.38203125 0.05078125 0.0390625
0 0.153125 0.396875 0.0578125 0.04296875
0 0.0515625 0.38359375 0.05546875 0.040625
0 0.64140625 0.4984375 0.06953125 0.0484375
0 0.40234375 0.47421875 0.0625 0.04453125
1 0.59375 0.43671875 0.0625 0.0515625