0 0.7171875 0.196875 0.03203125 0.04296875
0 0.89453125 0.30078125 0.1875 0.2609375
0 0.6921875 0.21484375 0.03828125 0.06328125
0 0.7125 0.16171875 0.0265625 0.03515625
0 0.646875 0.153125 0.021875 0.03125
0 0.659375 0.134375 0.01484375 0.02421875
0 0.6390625 0.12890625 0.0140625 0.0203125
0 0.621875 0.1140625 0.0140625 0.028125
0 0.63359375 0.10703125 0.0125 0.021875
0 0.4734375 0.23203125 0.03828125 0.0609375
0 0.5703125 0.23203125 0.0328125 0.06484375
0 0.778125 0.36953125 0.090625 0.10546875
0 0.61171875 0.121875 0.01484375 0.02578125
0 0.6 0.08125 0.11875 0.059375