0 0.35390625 0.71953125 0.0828125 0.16484375
0 0.35859375 0.50859375 0.0546875 0.090625
0 0.565625 0.221875 0.0171875 0.02578125
0 0.58828125 0.228125 0.01640625 0.0296875
0 0.634375 0.2359375 0.0171875 0.03125
0 0.59296875 0.190625 0.01484375 0.0296875
0 0.5640625 0.18828125 0.0125 0.02421875
0 0.50546875 0.25390625 0.01875 0.03359375
0 0.50703125 0.20546875 0.01484375 0.02578125
0 0.4984375 0.225 0.0125 0.02421875
0 0.52109375 0.209375 0.01484375 0.02578125
0 0.6921875 0.4234375 0.0453125 0.06484375
0 0.4796875 0.20546875 0.0296875 0.02578125
0 0.65703125 0.640625 0.07421875 0.1484375
0 0.61640625 0.44453125 0.0453125 0.078125
0 0.6 0.28984375 0.0296875 0.05390625
0 0.66328125 0.3234375 0.0296875 0.04609375
0 0.7609375 0.46875 0.05546875 0.08515625