0 0.7078125 0.7234375 0.078125 0.1390625
0 0.53125 0.2453125 0.015625 0.028125
0 0.59765625 0.21328125 0.01171875 0.021875
0 0.35234375 0.83046875 0.0796875 0.1796875
0 0.4234375 0.421875 0.040625 0.078125
0 0.34140625 0.64609375 0.059375 0.1109375
0 0.471875 0.3984375 0.0265625 0.06640625
0 0.909375 0.91328125 0.12578125 0.16640625
0 0.59921875 0.38046875 0.028125 0.05
0 0.61796875 0.30078125 0.01953125 0.03515625
0 0.815625 0.6703125 0.07890625 0.11875
0 0.503125 0.271875 0.01484375 0.02578125
0 0.4875 0.246875 0.01640625 0.028125
0 0.51484375 0.23984375 0.0125 0.028125
0 0.56328125 0.34296875 0.0234375 0.040625
0 0.58125 0.30703125 0.0234375 0.04453125
0 0.5796875 0.26640625 0.01953125 0.03359375
0 0.57265625 0.22578125 0.01640625 0.03359375
0 0.60078125 0.25625 0.0171875 0.028125
0 0.62421875 0.25625 0.0203125 0.028125