0 0.56171875 0.20546875 0.0140625 0.021875
0 0.58046875 0.21484375 0.01484375 0.02578125
0 0.61875 0.228125 0.015625 0.02578125
0 0.48359375 0.33515625 0.0234375 0.04453125
0 0.48984375 0.25 0.0203125 0.03359375
0 0.475 0.290625 0.0203125 0.03359375
0 0.509375 0.2515625 0.0171875 0.03359375
0 0.6796875 0.71796875 0.08203125 0.15
0 0.653125 0.35390625 0.03125 0.04453125
0 0.52421875 0.20859375 0.0109375 0.0203125
0 0.484375 0.21640625 0.0296875 0.02578125
0 0.57890625 0.53515625 0.04609375 0.08515625
0 0.6109375 0.42890625 0.0390625 0.0796875
0 0.5953125 0.34453125 0.03046875 0.05546875
0 0.58671875 0.25703125 0.0203125 0.04453125
0 0.63359375 0.29140625 0.025 0.03515625
0 0.6859375 0.340625 0.0328125 0.0515625