0 0.6015625 0.203125 0.0234375 0.03515625
0 0.5984375 0.18046875 0.01640625 0.028125
0 0.603125 0.165625 0.015625 0.028125
0 0.5890625 0.159375 0.01640625 0.021875
0 0.590625 0.1515625 0.01640625 0.021875
0 0.575 0.1484375 0.01171875 0.01875
0 0.60859375 0.1546875 0.01640625 0.04609375
0 0.49375 0.18984375 0.01484375 0.028125
0 0.61640625 0.56171875 0.08125 0.14296875
0 0.6890625 0.43515625 0.071875 0.1
0 0.7578125 0.3046875 0.05078125 0.06484375
0 0.675 0.27109375 0.0484375 0.08359375
0 0.5984375 0.26640625 0.03203125 0.05546875
0 0.58203125 0.225 0.0234375 0.03515625