0 0.85234375 0.2984375 0.0828125 0.08125
0 0.7796875 0.340625 0.07890625 0.10703125
0 0.82890625 0.25 0.0609375 0.059375
0 0.76953125 0.2015625 0.0375 0.040625
0 0.6765625 0.190625 0.0328125 0.04453125
0 0.690625 0.15625 0.02421875 0.03125
0 0.65703125 0.1515625 0.0171875 0.0296875
0 0.64140625 0.128125 0.015625 0.0296875
0 0.65234375 0.11953125 0.0140625 0.028125
0 0.52578125 0.15625 0.01875 0.03125
0 0.58125 0.16484375 0.021875 0.03671875
0 0.52265625 0.26875 0.0421875 0.07421875
0 0.62578125 0.1359375 0.015625 0.02421875
0 0.6078125 0.08203125 0.10234375 0.0609375