0 0.5609375 0.203125 0.0125 0.0203125
0 0.57734375 0.21015625 0.01484375 0.02421875
0 0.6140625 0.22578125 0.015625 0.02578125
0 0.471875 0.37890625 0.02734375 0.05390625
0 0.48125 0.2703125 0.02265625 0.040625
0 0.4609375 0.325 0.0234375 0.0390625
0 0.5046875 0.27109375 0.01953125 0.03125
0 0.65 0.59453125 0.05859375 0.10390625
0 0.64375 0.34296875 0.028125 0.040625
0 0.521875 0.21953125 0.0140625 0.02421875
0 0.48671875 0.221875 0.0265625 0.02578125
0 0.57421875 0.4765625 0.0390625 0.06484375
0 0.603125 0.3953125 0.034375 0.06484375
0 0.5921875 0.325 0.0265625 0.05
0 0.58203125 0.24921875 0.01953125 0.04296875
0 0.62578125 0.28359375 0.0234375 0.03359375
0 0.66640625 0.31640625 0.0265625 0.04453125