0 0.2625 0.71953125 0.09375 0.16875
0 0.5640625 0.215625 0.01640625 0.02421875
0 0.5859375 0.2234375 0.015625 0.028125
0 0.628125 0.23203125 0.01640625 0.03125
0 0.49921875 0.275 0.0203125 0.03515625
0 0.5015625 0.2203125 0.0171875 0.03359375
0 0.49296875 0.24296875 0.015625 0.02578125
0 0.51796875 0.2203125 0.01640625 0.0296875
0 0.6765625 0.3953125 0.0390625 0.05703125
0 0.4796875 0.209375 0.0296875 0.02578125
0 0.6 0.7515625 0.07421875 0.159375
0 0.63671875 0.540625 0.05625 0.1109375
0 0.60625 0.403125 0.03828125 0.06875
0 0.59453125 0.2765625 0.02421875 0.05
0 0.65390625 0.31171875 0.028125 0.04296875
0 0.73359375 0.4109375 0.046875 0.06640625