0 0.60234375 0.365625 0.02265625 0.04296875
0 0.509375 0.42578125 0.02421875 0.0515625
0 0.815625 0.8140625 0.08515625 0.13125
0 0.6515625 0.46875 0.03125 0.05546875
0 0.5734375 0.29453125 0.015625 0.0296875
0 0.596875 0.284375 0.01484375 0.028125
0 0.6984375 0.48515625 0.0375 0.059375
0 0.45546875 0.5 0.03203125 0.06640625
0 0.46796875 0.35390625 0.02265625 0.04453125
0 0.496875 0.35390625 0.0203125 0.03671875
0 0.5046875 0.29921875 0.01640625 0.03125
0 0.55234375 0.2765625 0.01484375 0.02421875
0 0.5640625 0.26171875 0.015625 0.028125
0 0.56171875 0.23984375 0.01484375 0.02421875
0 0.5609375 0.21640625 0.0125 0.02578125
0 0.5796875 0.24140625 0.01171875 0.0203125
0 0.58671875 0.2265625 0.0125 0.02421875
0 0.38828125 0.26875 0.07734375 0.0890625