0 0.621875 0.240625 0.03203125 0.0515625
0 0.61640625 0.190625 0.021875 0.03359375
0 0.62421875 0.1703125 0.01875 0.03359375
0 0.6 0.17421875 0.01875 0.0296875
0 0.5921875 0.15390625 0.01640625 0.021875
0 0.5765625 0.1515625 0.01171875 0.01875
0 0.61640625 0.1515625 0.021875 0.05546875
0 0.51640625 0.15078125 0.0125 0.02421875
0 0.8390625 0.35703125 0.07734375 0.078125
0 0.80390625 0.43359375 0.1296875 0.19296875
0 0.60859375 0.35078125 0.05078125 0.090625
0 0.5890625 0.26328125 0.03203125 0.05546875