0 0.68125 0.16796875 0.0203125 0.03125
0 0.8265625 0.2484375 0.12890625 0.18515625
0 0.6703125 0.18828125 0.028125 0.04609375
0 0.63828125 0.14140625 0.01640625 0.028125
0 0.65078125 0.125 0.01484375 0.02421875
0 0.63359375 0.12109375 0.0140625 0.0203125
0 0.6125 0.11328125 0.0125 0.02578125
0 0.62734375 0.10703125 0.0125 0.021875
0 0.378125 0.415625 0.08671875 0.13515625
0 0.5671875 0.36328125 0.0625 0.1109375
0 0.7046875 0.25859375 0.0484375 0.06484375
0 0.74375 0.20546875 0.0421875 0.0484375
0 0.9515625 0.3203125 0.0828125 0.09609375
0 0.6078125 0.11875 0.01484375 0.02578125