0 0.61875 0.41640625 0.03046875 0.05546875
0 0.51875 0.3390625 0.0203125 0.040625
0 0.58125 0.21328125 0.01171875 0.021875
0 0.35078125 0.9453125 0.075 0.1015625
0 0.6921875 0.553125 0.05 0.071875
0 0.5796875 0.3140625 0.01953125 0.03515625
0 0.603125 0.28671875 0.01640625 0.02578125
0 0.47734375 0.38515625 0.02421875 0.0484375
0 0.4796875 0.30625 0.01953125 0.0390625
0 0.50546875 0.30390625 0.01875 0.03359375
0 0.509375 0.26640625 0.01484375 0.02578125
0 0.55625 0.290625 0.01875 0.0296875
0 0.56875 0.271875 0.01640625 0.03359375
0 0.565625 0.2453125 0.01640625 0.02421875
0 0.5640625 0.21640625 0.01484375 0.02578125
0 0.58515625 0.2453125 0.01484375 0.0203125
0 0.5953125 0.23046875 0.0140625 0.02421875
0 0.38828125 0.26875 0.07734375 0.0890625