0 0.74375 0.21796875 0.0421875 0.05390625
0 0.91875 0.34453125 0.1578125 0.30390625
0 0.70859375 0.23984375 0.04765625 0.06875
0 0.725 0.1703125 0.03046875 0.03671875
0 0.6515625 0.15859375 0.02421875 0.03515625
0 0.66484375 0.1359375 0.0171875 0.028125
0 0.64140625 0.13515625 0.01640625 0.02578125
0 0.62578125 0.11796875 0.0140625 0.028125
0 0.63828125 0.109375 0.0125 0.021875
0 0.4953125 0.19375 0.0296875 0.04609375
0 0.5734375 0.20078125 0.0296875 0.05
0 0.41328125 0.55 0.12109375 0.21484375
0 0.8625 0.50625 0.1453125 0.171875
0 0.61484375 0.12578125 0.01484375 0.02578125
0 0.6 0.08125 0.11796875 0.059375