0 0.6703125 0.15703125 0.0203125 0.0296875
0 0.93125 0.39453125 0.125 0.1109375
0 0.79609375 0.23203125 0.1078125 0.16484375
0 0.6625 0.17578125 0.02421875 0.040625
0 0.6921875 0.15859375 0.01953125 0.028125
0 0.63359375 0.1359375 0.01640625 0.028125
0 0.64609375 0.12109375 0.01484375 0.02421875
0 0.6296875 0.11953125 0.0140625 0.0203125
0 0.60859375 0.11015625 0.0125 0.02421875
0 0.62421875 0.10703125 0.0125 0.021875
0 0.190625 0.740625 0.21875 0.33359375
0 0.5546875 0.51796875 0.0859375 0.19453125
0 0.67890625 0.225 0.03984375 0.05
0 0.715625 0.18515625 0.03515625 0.04453125
0 0.88515625 0.2703125 0.07109375 0.078125
0 0.60625 0.11875 0.01484375 0.02578125