8 0.253125 0.88671875 0.05703125 0.06484375
5 0.26484375 0.89609375 0.015625 0.028125
5 0.440625 0.55234375 0.028125 0.02578125
5 0.4453125 0.59296875 0.0171875 0.03515625
8 0.44765625 0.596875 0.0140625 0.1359375
5 0.4390625 0.47265625 0.021875 0.028125
8 0.44921875 0.46953125 0.053125 0.05234375
8 0.52578125 0.26953125 0.025 0.10390625
5 0.525 0.2875 0.015625 0.05546875
5 0.58515625 0.61953125 0.015625 0.03046875
5 0.59296875 0.6484375 0.021875 0.0625
8 0.5890625 0.6046875 0.0453125 0.09375
5 0.68125 0.7265625 0.01875 0.0328125
8 0.596875 0.67109375 0.028125 0.10546875
8 0.4515625 0.734375 0.05703125 0.05859375
5 0.440625 0.74921875 0.0203125 0.02890625
5 0.40859375 0.6953125 0.01640625 0.0296875
8 0.428125 0.925 0.0609375 0.0484375
5 0.4328125 0.915625 0.015625 0.034375
5 0.325 0.93984375 0.0109375 0.02109375
5 0.34765625 0.9140625 0.01484375 0.02890625
5 0.34765625 0.9359375 0.0140625 0.028125
5 0.32890625 0.98046875 0.01484375 0.021875