5 0.4078125 0.89375 0.01640625 0.03203125
5 0.678125 0.9265625 0.021875 0.03359375
5 0.58359375 0.81875 0.015625 0.02890625
8 0.58671875 0.8015625 0.0453125 0.09765625
8 0.59609375 0.86796875 0.02421875 0.10859375
8 0.52734375 0.45703125 0.02578125 0.103125
5 0.52578125 0.48046875 0.01796875 0.05546875
8 0.446875 0.6671875 0.05390625 0.05859375
5 0.43828125 0.66953125 0.01953125 0.02890625
8 0.44765625 0.79140625 0.01953125 0.1375
5 0.44765625 0.78671875 0.01328125 0.03046875
5 0.44453125 0.7484375 0.02421875 0.02421875
8 0.4484375 0.93046875 0.05703125 0.06015625
5 0.4375 0.946875 0.0203125 0.02734375