8 0.2578125 0.6828125 0.053125 0.0625
5 0.26796875 0.6890625 0.01484375 0.02109375
5 0.32734375 0.73671875 0.0140625 0.02578125
5 0.3421875 0.73828125 0.015625 0.03046875
5 0.3515625 0.70703125 0.01640625 0.02890625
5 0.33203125 0.7703125 0.01484375 0.02578125
5 0.434375 0.70625 0.0140625 0.028125
8 0.42734375 0.71953125 0.06171875 0.04921875
5 0.44453125 0.540625 0.01796875 0.02265625
8 0.4546875 0.5265625 0.05546875 0.0625
5 0.4109375 0.4859375 0.0171875 0.0265625
5 0.44296875 0.3875 0.0125 0.03125
5 0.44375 0.346875 0.0140625 0.03046875
8 0.44609375 0.390625 0.01796875 0.1375
5 0.5859375 0.41328125 0.0125 0.03046875
5 0.59375 0.4453125 0.01953125 0.05546875
5 0.68359375 0.51875 0.02109375 0.028125
8 0.59453125 0.465625 0.03203125 0.0984375
8 0.5890625 0.3984375 0.04609375 0.09453125
8 0.4515625 0.265625 0.053125 0.05859375
5 0.44296875 0.2671875 0.015625 0.02578125
5 0.5234375 0.090625 0.0140625 0.05234375
8 0.52578125 0.08203125 0.02734375 0.0859375