5 0.40859375 0.79609375 0.01796875 0.0265625
8 0.2515625 0.975 0.053125 0.05
5 0.2625 0.98984375 0.0140625 0.0203125
8 0.44921875 0.83359375 0.0609375 0.05703125
5 0.43984375 0.84765625 0.01875 0.0265625
8 0.44765625 0.696875 0.01875 0.140625
5 0.44765625 0.69140625 0.015625 0.03671875
5 0.44609375 0.6515625 0.02109375 0.02578125
5 0.4390625 0.57265625 0.01875 0.0296875
8 0.44921875 0.56953125 0.05234375 0.05625
8 0.52890625 0.365625 0.021875 0.1015625
5 0.525 0.38515625 0.015625 0.059375
8 0.5875 0.7046875 0.04609375 0.0953125
5 0.58515625 0.71953125 0.015625 0.03359375
5 0.5921875 0.7515625 0.021875 0.05390625
8 0.59609375 0.77421875 0.03203125 0.0984375
5 0.6796875 0.82890625 0.01953125 0.02890625