8 0.26015625 0.38671875 0.05625 0.05859375
5 0.27109375 0.3890625 0.0140625 0.0234375
5 0.334375 0.465625 0.015625 0.02421875
5 0.34140625 0.44375 0.01953125 0.028125
5 0.35234375 0.4046875 0.01484375 0.02421875
5 0.32890625 0.43125 0.01171875 0.02578125
8 0.43125 0.42109375 0.0625 0.040625
5 0.4359375 0.41171875 0.0140625 0.0296875
5 0.44921875 0.25078125 0.01796875 0.03984375
8 0.45625 0.23203125 0.0578125 0.059375
5 0.4125 0.18515625 0.01953125 0.02890625
8 0.43984375 0.0984375 0.02421875 0.13203125
5 0.43828125 0.05390625 0.01875 0.0234375
5 0.43984375 0.09140625 0.01796875 0.03203125
5 0.68515625 0.21484375 0.01953125 0.0328125
5 0.59296875 0.14453125 0.0234375 0.05546875
5 0.5859375 0.11953125 0.0125 0.0296875
8 0.59765625 0.16953125 0.02890625 0.1015625
8 0.590625 0.10390625 0.0453125 0.09375