5 0.221875 0.45625 0.01875 0.03046875
8 0.23125 0.45234375 0.04296875 0.06171875
8 0.44140625 0.2109375 0.06484375 0.03359375
5 0.45234375 0.20703125 0.01796875 0.0296875
5 0.55078125 0.44375 0.021875 0.03125
8 0.5484375 0.4359375 0.0421875 0.08671875
8 0.6234375 0.48828125 0.05625 0.05703125
5 0.6203125 0.50234375 0.0125 0.02890625
8 0.615625 0.58125 0.059375 0.04296875
5 0.6140625 0.6125 0.015625 0.02109375
5 0.66640625 0.68125 0.0234375 0.040625
5 0.91875 0.53203125 0.015625 0.02734375
5 0.94609375 0.53359375 0.0125 0.01796875
8 0.51796875 0.659375 0.028125 0.07578125
5 0.51171875 0.6609375 0.015625 0.0265625
5 0.45 0.67421875 0.01328125 0.03125
8 0.359375 0.9796875 0.0171875 0.040625