8 0.35234375 0.0515625 0.0234375 0.0890625
5 0.35234375 0.03984375 0.015625 0.0421875
8 0.734375 0.4359375 0.0640625 0.04375
5 0.73671875 0.4359375 0.01328125 0.03046875
5 0.7453125 0.4375 0.01015625 0.03515625
5 0.83828125 0.5890625 0.0265625 0.05625
8 0.38828125 0.759375 0.025 0.10234375
5 0.38515625 0.7640625 0.0171875 0.02890625
8 0.26796875 0.35546875 0.02109375 0.08046875
5 0.2625 0.35859375 0.01640625 0.0359375
8 0.0921875 0.7359375 0.0359375 0.0890625
5 0.084375 0.75078125 0.02421875 0.03046875