8 0.959375 0.86328125 0.07109375 0.0734375
5 0.96875 0.88046875 0.04140625 0.05859375
5 0.84140625 0.77421875 0.02265625 0.03984375
8 0.75234375 0.59609375 0.05390625 0.07421875
5 0.7578125 0.60078125 0.01484375 0.02578125
5 0.76328125 0.60390625 0.0171875 0.034375
8 0.259375 0.703125 0.025 0.09140625
8 0.25625 0.71171875 0.01640625 0.04453125
8 0.3859375 0.97890625 0.0296875 0.04140625
5 0.6015625 0.07109375 0.0171875 0.028125
8 0.6171875 0.01171875 0.0375 0.0234375
8 0.4375 0.02578125 0.05078125 0.0515625
5 0.43515625 0.0125 0.015625 0.02421875
8 0.3734375 0.05 0.0203125 0.09609375
5 0.37265625 0.040625 0.01484375 0.04296875