8 0.06953125 0.8296875 0.0296875 0.02421875
5 0.0671875 0.83203125 0.0109375 0.01328125
8 0.5140625 0.88125 0.03203125 0.03046875
5 0.51328125 0.88984375 0.0046875 0.0140625
8 0.5734375 0.70625 0.03125 0.0375
5 0.5796875 0.7125 0.0109375 0.0234375
8 0.60703125 0.84609375 0.01953125 0.0515625
5 0.6140625 0.81484375 0.00703125 0.0125
5 0.68203125 0.91328125 0.009375 0.015625
5 0.6703125 0.93203125 0.01015625 0.01953125
3 0.0546875 0.31484375 0.109375 0.1109375
3 0.1671875 0.23828125 0.09375 0.11171875
3 0.296875 0.13125 0.10703125 0.1046875
3 0.3703125 0.05390625 0.046875 0.05703125
3 0.38359375 0.07578125 0.0515625 0.0546875
3 0.459375 0.02890625 0.08984375 0.05703125