3 0.053125 0.32109375 0.10546875 0.12265625
3 0.16328125 0.24375 0.090625 0.10859375
3 0.29375 0.13671875 0.1078125 0.10078125
3 0.365625 0.06171875 0.0453125 0.05703125
3 0.3796875 0.0875 0.05078125 0.05703125
3 0.4484375 0.03125 0.075 0.0609375
8 0.5515625 0.715625 0.0328125 0.0359375
5 0.5578125 0.72109375 0.015625 0.028125
8 0.5109375 0.88203125 0.0328125 0.03359375
5 0.50859375 0.890625 0.0078125 0.0125
8 0.58203125 0.87890625 0.02578125 0.0375
5 0.59453125 0.85703125 0.0078125 0.01328125
5 0.675 0.91796875 0.0078125 0.01875
5 0.6640625 0.93203125 0.0078125 0.01640625
8 0.05546875 0.8640625 0.0234375 0.0359375
5 0.0484375 0.87109375 0.0125 0.0171875
8 0.3515625 0.9828125 0.02265625 0.034375