8 0.17578125 0.93984375 0.02578125 0.05078125
5 0.17265625 0.946875 0.01796875 0.0234375
8 0.04375 0.9140625 0.0328125 0.04140625
5 0.03984375 0.91796875 0.0109375 0.01953125
8 0.25625 0.75859375 0.02578125 0.04609375
5 0.26015625 0.75625 0.00859375 0.0203125
8 0.2671875 0.54296875 0.015625 0.05078125
5 0.2671875 0.53828125 0.009375 0.0203125
8 0.22109375 0.50703125 0.0296875 0.02578125
5 0.21953125 0.51328125 0.009375 0.0203125
8 0.01484375 0.0296875 0.02265625 0.05390625
5 0.0125 0.02421875 0.0140625 0.01953125
8 0.6359375 0.33984375 0.0296875 0.0421875
5 0.63828125 0.3390625 0.0109375 0.0203125
5 0.64921875 0.34765625 0.015625 0.01953125
8 0.7671875 0.41328125 0.0390625 0.04296875
5 0.76484375 0.39609375 0.0140625 0.0203125
8 0.5765625 0.20859375 0.021875 0.0265625
5 0.56953125 0.2171875 0.0125 0.01171875
8 0.51171875 0.09140625 0.0296875 0.040625
5 0.50703125 0.09609375 0.00625 0.0140625
8 0.46875 0.08828125 0.0328125 0.04921875
5 0.4640625 0.053125 0.009375 0.0171875
5 0.4859375 0.04921875 0.009375 0.015625
8 0.45859375 0.01328125 0.03125 0.0265625
5 0.4671875 0.0171875 0.009375 0.02734375
5 0.453125 0.0125 0.01015625 0.025