8 0.13984375 0.11796875 0.034375 0.02890625
5 0.13828125 0.1171875 0.01484375 0.01875
8 0.4546875 0.228125 0.0171875 0.04921875
5 0.4515625 0.23828125 0.009375 0.01796875
8 0.53046875 0.02109375 0.0296875 0.0328125
5 0.5296875 0.03046875 0.00703125 0.01953125
5 0.70234375 0.06640625 0.0078125 0.0125
5 0.703125 0.0578125 0.0078125 0.0125
8 0.5515625 0.30078125 0.01953125 0.05234375
5 0.553125 0.30078125 0.0109375 0.0203125
5 0.57890625 0.3609375 0.0125 0.02109375
5 0.4375 0.43671875 0.01015625 0.015625
8 0.45234375 0.459375 0.03203125 0.03046875
5 0.44609375 0.4609375 0.0125 0.0203125
5 0.46015625 0.46875 0.009375 0.0234375
8 0.4515625 0.54609375 0.03828125 0.0421875
5 0.45390625 0.49921875 0.0078125 0.01953125
5 0.465625 0.50390625 0.01015625 0.015625
8 0.50546875 0.54296875 0.02890625 0.040625
5 0.4984375 0.54921875 0.0109375 0.0109375
5 0.5109375 0.52890625 0.0078125 0.01640625
8 0.56015625 0.653125 0.021875 0.028125
5 0.559375 0.6625 0.0109375 0.0140625
8 0.615625 0.8015625 0.028125 0.03671875
5 0.62109375 0.7953125 0.0109375 0.01953125
5 0.6328125 0.80546875 0.0125 0.0234375
8 0.77265625 0.8484375 0.040625 0.04296875
5 0.76796875 0.85 0.0125 0.021875
8 0.28203125 0.9015625 0.015625 0.0515625
5 0.28203125 0.90625 0.00859375 0.01796875
8 0.1984375 0.990625 0.034375 0.01796875