7 0.1078125 0.91875 0.05 0.15546875
7 0.14609375 0.74609375 0.053125 0.13046875
3 0.3171875 0.509375 0.03828125 0.09921875
3 0.34453125 0.64140625 0.040625 0.1125
3 0.38359375 0.85078125 0.0890625 0.2515625
3 0.3515625 0.91796875 0.0453125 0.12109375
3 0.48671875 0.9765625 0.075 0.046875
3 0.47265625 0.76796875 0.0484375 0.13203125
3 0.4265625 0.58203125 0.071875 0.1796875
3 0.38515625 0.46875 0.03125 0.0734375
3 0.40703125 0.38359375 0.06484375 0.07109375
3 0.48515625 0.32890625 0.0640625 0.06171875
3 0.83671875 0.22890625 0.05625 0.11171875
3 0.56953125 0.265625 0.078125 0.08671875
3 0.75078125 0.13046875 0.0453125 0.06015625
7 0.92421875 0.409375 0.06328125 0.1515625
3 0.9515625 0.26328125 0.0875 0.153125
3 0.878125 0.1328125 0.0609375 0.10234375
3 0.8703125 0.04296875 0.065625 0.07421875
3 0.940625 0.01484375 0.065625 0.0296875