8 0.20546875 0.803125 0.01796875 0.065625
5 0.20078125 0.80546875 0.01484375 0.0234375
8 0.39609375 0.83359375 0.0203125 0.0390625
5 0.39921875 0.840625 0.01484375 0.028125
8 0.64609375 0.71640625 0.025 0.04375
5 0.66171875 0.7140625 0.0125 0.0140625
8 0.978125 0.94921875 0.0296875 0.04609375
5 0.98046875 0.959375 0.0125 0.0140625
3 0.4109375 0.334375 0.07578125 0.06171875
3 0.60078125 0.26796875 0.10546875 0.10078125
3 0.715625 0.22109375 0.0953125 0.09140625
3 0.85546875 0.15859375 0.11875 0.0765625
3 0.92890625 0.0984375 0.05234375 0.05546875
3 0.94296875 0.13125 0.05546875 0.0546875