8 0.15703125 0.47265625 0.0234375 0.05703125
5 0.1546875 0.46796875 0.01640625 0.02421875
8 0.3140625 0.67578125 0.0109375 0.046875
5 0.31328125 0.68359375 0.0109375 0.028125
8 0.56484375 0.83828125 0.03203125 0.02734375
5 0.575 0.8484375 0.01171875 0.01953125
3 0.48984375 0.28125 0.06796875 0.10859375
3 0.66484375 0.42421875 0.10625 0.12578125
3 0.7734375 0.50390625 0.090625 0.10078125
3 0.909375 0.5875 0.1046875 0.12109375
3 0.98125 0.6140625 0.0359375 0.06328125
3 0.98046875 0.65703125 0.0375 0.05703125