5 0.3359375 0.87890625 0.05859375 0.046875
8 0.71796875 0.47734375 0.0203125 0.09609375
5 0.70546875 0.50625 0.015625 0.02890625
8 0.7515625 0.43671875 0.04296875 0.08515625
5 0.74609375 0.4421875 0.021875 0.02578125
5 0.77265625 0.42578125 0.0125 0.0265625
8 0.784375 0.29296875 0.02734375 0.0796875
5 0.784375 0.2875 0.02109375 0.04375
8 0.66484375 0.278125 0.053125 0.053125
5 0.65703125 0.28671875 0.015625 0.02890625
5 0.6828125 0.26953125 0.0171875 0.03671875
5 0.64921875 0.22890625 0.0140625 0.02578125
8 0.38203125 0.1234375 0.040625 0.0796875
5 0.37890625 0.11875 0.028125 0.0296875
8 0.096875 0.04609375 0.0640625 0.05546875
5 0.090625 0.034375 0.028125 0.03671875