3 0.37265625 0.80234375 0.084375 0.08125
3 0.3453125 0.66640625 0.0421875 0.06015625
3 0.27578125 0.678125 0.03125 0.025
3 0.6328125 0.89609375 0.10703125 0.11875
3 0.715625 0.7109375 0.0890625 0.04609375
7 0.77421875 0.74296875 0.065625 0.18984375
3 0.78984375 0.8390625 0.015625 0.02109375
3 0.81328125 0.8046875 0.01875 0.028125
3 0.815625 0.66015625 0.0234375 0.01953125
3 0.90625 0.68046875 0.04375 0.04609375
3 0.89296875 0.54921875 0.02734375 0.02578125
3 0.9703125 0.61484375 0.025 0.02421875
3 0.540625 0.440625 0.025 0.03984375
7 0.440625 0.53515625 0.0328125 0.128125
7 0.4140625 0.33359375 0.02109375 0.0984375
5 0.3828125 0.6984375 0.0078125 0.01015625