3 0.359375 0.8796875 0.0984375 0.08359375
3 0.33203125 0.71953125 0.04375 0.06328125
3 0.259375 0.73984375 0.0296875 0.0234375
3 0.7203125 0.7734375 0.0890625 0.05
7 0.784375 0.81015625 0.06875 0.19921875
3 0.8 0.91328125 0.015625 0.02109375
3 0.8234375 0.87421875 0.01875 0.028125
3 0.8234375 0.709375 0.028125 0.02578125
3 0.928125 0.7421875 0.053125 0.04765625
3 0.9 0.58359375 0.02734375 0.02578125
3 0.98359375 0.66171875 0.03046875 0.03125
3 0.53671875 0.47109375 0.0265625 0.04140625
7 0.4328125 0.57421875 0.0390625 0.134375
7 0.409375 0.35234375 0.021875 0.103125
3 0.634375 0.95390625 0.11015625 0.09140625
5 0.3703125 0.75703125 0.00625 0.0125