3 0.3921875 0.89609375 0.059375 0.13515625
3 0.3859375 0.73828125 0.084375 0.08125
3 0.35859375 0.61796875 0.03984375 0.0578125
3 0.290625 0.63203125 0.03125 0.025
3 0.63359375 0.81640625 0.1015625 0.11328125
3 0.71640625 0.65859375 0.084375 0.05078125
7 0.76796875 0.67578125 0.0625 0.18046875
3 0.78203125 0.77109375 0.0125 0.02109375
3 0.80546875 0.74375 0.01875 0.028125
3 0.809375 0.61015625 0.0234375 0.01953125
3 0.884375 0.628125 0.04375 0.04609375
3 0.8859375 0.5140625 0.02734375 0.02578125
3 0.9578125 0.5734375 0.025 0.02421875
3 0.98359375 0.60078125 0.03203125 0.0328125
3 0.5421875 0.4140625 0.025 0.03984375
7 0.4484375 0.4953125 0.03125 0.121875
7 0.41796875 0.31015625 0.0203125 0.09375
5 0.39375 0.646875 0.00859375 0.0109375